session_id,time_start,time_end,time_q_koen,candidate_rating_2_voteprop_2,candidate_rating_2_decency_2,candidate_rating_2_fitforoffice_2,candidate_rating_2_competent_2,candidate_rating_2_trust_2,candidate_rating_2,candidate_rating_1_voteprop_1,candidate_rating_1_decency_1,candidate_rating_1_fitforoffice_1,candidate_rating_1_competent_1,candidate_rating_1_trust_1,candidate_rating_1,cbc_q5,cbc_q4,cbc_q3,cbc_q2,cbc_q1,trust,party_vote,middleecon,econ,middleim,immigration,region,uddannelse,alder,koen,respID,time_q_middleecon,time_q_econ,time_q_middleim,time_q_immigration,time_q_region,time_q_uddannelse,time_q_alder,time_q_candidate_rating_1,time_q_cbc_q5,time_q_cbc_q4,time_q_cbc_q3,time_q_cbc_q2,time_q_cbc_q1,time_q_trust,time_q_party_vote,time_q_candidate_rating_2_decency_2,time_q_candidate_rating_2_fitforoffice_2,time_q_candidate_rating_2_competent_2,time_q_candidate_rating_2_trust_2,time_q_candidate_rating_2,time_q_candidate_rating_1_voteprop_1,time_q_candidate_rating_1_decency_1,time_q_candidate_rating_1_fitforoffice_1,time_q_candidate_rating_1_competent_1,time_q_candidate_rating_1_trust_1,time_p_single_profile_intro,time_p_cbc_q5_page,time_p_cbc_q4_page,time_p_cbc_q3_page,time_p_cbc_q2_page,time_p_cbc_q1_page,time_p_cbc_intro,time_p_party_and_trust,time_p_issue_positions,time_p_Background,time_p_Intro,time_q_candidate_rating_2_voteprop_2,time_p_end_normal,time_p_single_profile_2,time_p_single_profile_1,current_page
004cf55ebfca3f60c63cc52b97643ad1,2026-05-16 12:28:42 UTC,2026-05-16 12:36:10 UTC,2026-05-16 12:29:04 UTC,1,1,3,1,1,NA,4,3,3,3,3,NA,option_1,option_1,option_1,option_1,option_2,2,borgernes_parti,NA,1,NA,1,hovedstaden,kort_videre,1960,Mand,846,NA,2026-05-16 12:30:05 UTC,NA,2026-05-16 12:29:47 UTC,2026-05-16 12:29:29 UTC,2026-05-16 12:29:27 UTC,2026-05-16 12:29:16 UTC,NA,2026-05-16 12:33:44 UTC,2026-05-16 12:33:16 UTC,2026-05-16 12:32:26 UTC,2026-05-16 12:32:02 UTC,2026-05-16 12:31:29 UTC,2026-05-16 12:30:31 UTC,2026-05-16 12:30:18 UTC,2026-05-16 12:35:31 UTC,2026-05-16 12:35:29 UTC,2026-05-16 12:35:24 UTC,2026-05-16 12:35:21 UTC,NA,2026-05-16 12:34:49 UTC,2026-05-16 12:34:37 UTC,2026-05-16 12:34:30 UTC,2026-05-16 12:34:29 UTC,2026-05-16 12:34:25 UTC,2026-05-16 12:33:46 UTC,2026-05-16 12:33:18 UTC,2026-05-16 12:32:30 UTC,2026-05-16 12:32:08 UTC,2026-05-16 12:31:35 UTC,2026-05-16 12:30:51 UTC,2026-05-16 12:30:37 UTC,2026-05-16 12:30:07 UTC,2026-05-16 12:29:36 UTC,2026-05-16 12:28:59 UTC,2026-05-16 12:28:42 UTC,2026-05-16 12:35:39 UTC,2026-05-16 12:35:43 UTC,2026-05-16 12:34:50 UTC,2026-05-16 12:33:55 UTC,end_normal
004e7255401625422823aecbcbeee676,2026-05-13 20:18:30 UTC,2026-05-13 20:34:08 UTC,2026-05-13 20:18:47 UTC,1,1,4,4,2,NA,1,3,1,4,2,NA,option_2,option_2,option_2,option_2,option_2,4,konservative,3,2,3,2,hovedstaden,mellemlang_videre,1966,Kvinde,1900,2026-05-13 20:20:53 UTC,2026-05-13 20:20:16 UTC,2026-05-13 20:19:45 UTC,2026-05-13 20:19:31 UTC,2026-05-13 20:19:10 UTC,2026-05-13 20:19:05 UTC,2026-05-13 20:19:00 UTC,NA,2026-05-13 20:25:36 UTC,2026-05-13 20:25:00 UTC,2026-05-13 20:24:28 UTC,2026-05-13 20:23:50 UTC,2026-05-13 20:22:43 UTC,2026-05-13 20:21:10 UTC,2026-05-13 20:21:03 UTC,2026-05-13 20:27:36 UTC,2026-05-13 20:27:31 UTC,2026-05-13 20:27:26 UTC,2026-05-13 20:27:21 UTC,NA,2026-05-13 20:26:59 UTC,2026-05-13 20:26:54 UTC,2026-05-13 20:26:47 UTC,2026-05-13 20:26:35 UTC,2026-05-13 20:26:29 UTC,2026-05-13 20:25:36 UTC,2026-05-13 20:25:01 UTC,2026-05-13 20:24:29 UTC,2026-05-13 20:23:51 UTC,2026-05-13 20:22:44 UTC,2026-05-13 20:21:40 UTC,2026-05-13 20:21:13 UTC,2026-05-13 20:20:54 UTC,2026-05-13 20:19:12 UTC,2026-05-13 20:18:43 UTC,2026-05-13 20:18:30 UTC,2026-05-13 20:27:39 UTC,2026-05-13 20:27:41 UTC,2026-05-13 20:27:00 UTC,2026-05-13 20:25:51 UTC,end_normal
00812e461d558013977dcad2f589d40b,2026-05-21 16:46:18 UTC,2026-05-21 16:54:23 UTC,2026-05-21 16:46:39 UTC,1,1,1,1,1,NA,1,3,4,3,3,NA,option_2,option_2,option_1,option_2,option_2,2,dansk_folkeparti,1,2,NA,1,sjaelland,grundskole,1970,Kvinde,1321,2026-05-21 16:48:24 UTC,2026-05-21 16:48:02 UTC,NA,2026-05-21 16:47:20 UTC,2026-05-21 16:47:04 UTC,2026-05-21 16:47:00 UTC,2026-05-21 16:46:49 UTC,NA,2026-05-21 16:52:28 UTC,2026-05-21 16:51:24 UTC,2026-05-21 16:50:42 UTC,2026-05-21 16:50:08 UTC,2026-05-21 16:49:22 UTC,2026-05-21 16:48:47 UTC,2026-05-21 16:48:38 UTC,2026-05-21 16:53:55 UTC,2026-05-21 16:53:44 UTC,2026-05-21 16:53:43 UTC,2026-05-21 16:53:41 UTC,NA,2026-05-21 16:53:25 UTC,2026-05-21 16:53:22 UTC,2026-05-21 16:53:16 UTC,2026-05-21 16:53:08 UTC,2026-05-21 16:52:56 UTC,2026-05-21 16:52:30 UTC,2026-05-21 16:51:25 UTC,2026-05-21 16:50:43 UTC,2026-05-21 16:50:09 UTC,2026-05-21 16:49:25 UTC,2026-05-21 16:48:58 UTC,2026-05-21 16:48:51 UTC,2026-05-21 16:48:25 UTC,2026-05-21 16:47:08 UTC,2026-05-21 16:46:35 UTC,2026-05-21 16:46:18 UTC,2026-05-21 16:53:58 UTC,2026-05-21 16:53:59 UTC,2026-05-21 16:53:26 UTC,2026-05-21 16:52:33 UTC,end_normal
012482204e0e08b8d84b5892344f8548,2026-06-19 20:15:45 UTC,2026-06-19 20:21:03 UTC,2026-06-19 20:16:01 UTC,NA,NA,NA,NA,NA,NA,NA,NA,NA,NA,NA,NA,option_2,option_2,option_1,option_1,option_1,6,moderaterne,3,2,NA,1,syddanmark,mellemlang_videre,1972,Kvinde,1520,2026-06-19 20:16:51 UTC,2026-06-19 20:16:37 UTC,NA,2026-06-19 20:16:30 UTC,2026-06-19 20:16:15 UTC,2026-06-19 20:16:12 UTC,2026-06-19 20:16:05 UTC,NA,2026-06-19 20:19:59 UTC,2026-06-19 20:19:39 UTC,2026-06-19 20:19:04 UTC,2026-06-19 20:18:36 UTC,2026-06-19 20:18:11 UTC,2026-06-19 20:17:00 UTC,2026-06-19 20:17:13 UTC,NA,NA,NA,NA,NA,NA,NA,NA,NA,NA,2026-06-19 20:20:04 UTC,2026-06-19 20:19:40 UTC,2026-06-19 20:19:05 UTC,2026-06-19 20:18:37 UTC,2026-06-19 20:18:15 UTC,NA,2026-06-19 20:17:14 UTC,2026-06-19 20:16:52 UTC,NA,2026-06-19 20:15:56 UTC,2026-06-19 20:15:45 UTC,NA,NA,NA,2026-06-19 20:20:07 UTC,single_profile_1
012682fc7dbb0b41af411e5807cd0002,2026-06-19 18:13:30 UTC,2026-06-19 18:18:38 UTC,2026-06-19 18:13:42 UTC,5,4,3,4,4,NA,3,3,3,3,2,NA,NA,option_2,option_2,option_2,option_2,3,alternativet,1,2,NA,1,midtjylland,kort_videre,1975,Kvinde,401,2026-06-19 18:14:21 UTC,2026-06-19 18:14:10 UTC,NA,2026-06-19 18:14:04 UTC,2026-06-19 18:13:53 UTC,2026-06-19 18:13:50 UTC,2026-06-19 18:13:47 UTC,NA,NA,2026-06-19 18:16:15 UTC,2026-06-19 18:15:58 UTC,2026-06-19 18:15:23 UTC,2026-06-19 18:15:16 UTC,2026-06-19 18:14:35 UTC,2026-06-19 18:14:32 UTC,2026-06-19 18:18:04 UTC,2026-06-19 18:17:57 UTC,2026-06-19 18:17:52 UTC,2026-06-19 18:17:44 UTC,NA,2026-06-19 18:17:18 UTC,2026-06-19 18:17:15 UTC,2026-06-19 18:17:10 UTC,2026-06-19 18:17:28 UTC,2026-06-19 18:16:59 UTC,2026-06-19 18:16:35 UTC,2026-06-19 18:16:15 UTC,2026-06-19 18:15:59 UTC,2026-06-19 18:15:24 UTC,2026-06-19 18:15:17 UTC,2026-06-19 18:14:42 UTC,2026-06-19 18:14:38 UTC,2026-06-19 18:14:24 UTC,2026-06-19 18:13:54 UTC,2026-06-19 18:13:37 UTC,2026-06-19 18:13:30 UTC,2026-06-19 18:18:09 UTC,2026-06-19 18:18:10 UTC,2026-06-19 18:17:28 UTC,2026-06-19 18:16:39 UTC,end_normal
0152a363560648e77bc688c0d84d58c4,2026-05-19 22:17:42 UTC,2026-05-19 22:23:50 UTC,2026-05-19 22:17:54 UTC,3,1,3,2,2,NA,1,1,1,2,1,NA,option_1,option_1,option_2,option_2,option_2,6,radikale,3,2,NA,3,syddanmark,mellemlang_videre,1970,Kvinde,1137,2026-05-19 22:18:53 UTC,2026-05-19 22:18:44 UTC,NA,2026-05-19 22:18:32 UTC,2026-05-19 22:18:17 UTC,2026-05-19 22:18:13 UTC,2026-05-19 22:18:00 UTC,NA,2026-05-19 22:21:08 UTC,2026-05-19 22:20:47 UTC,2026-05-19 22:20:21 UTC,2026-05-19 22:19:56 UTC,2026-05-19 22:19:40 UTC,2026-05-19 22:19:10 UTC,2026-05-19 22:19:04 UTC,2026-05-19 22:22:49 UTC,2026-05-19 22:22:45 UTC,2026-05-19 22:22:43 UTC,2026-05-19 22:22:35 UTC,NA,2026-05-19 22:22:06 UTC,2026-05-19 22:22:03 UTC,2026-05-19 22:22:01 UTC,2026-05-19 22:21:58 UTC,2026-05-19 22:21:55 UTC,2026-05-19 22:21:10 UTC,2026-05-19 22:20:49 UTC,2026-05-19 22:20:24 UTC,2026-05-19 22:19:58 UTC,2026-05-19 22:19:44 UTC,2026-05-19 22:19:19 UTC,2026-05-19 22:19:14 UTC,2026-05-19 22:18:56 UTC,2026-05-19 22:18:19 UTC,2026-05-19 22:17:51 UTC,2026-05-19 22:17:42 UTC,2026-05-19 22:22:52 UTC,2026-05-19 22:22:57 UTC,2026-05-19 22:22:08 UTC,2026-05-19 22:21:17 UTC,end_normal
01f0856f330a71615d6720b0f8b50a37,2026-05-17 13:39:06 UTC,2026-05-17 13:41:11 UTC,2026-05-17 13:39:24 UTC,NA,NA,NA,NA,NA,NA,NA,NA,NA,NA,NA,NA,NA,NA,NA,NA,NA,NA,NA,NA,NA,NA,NA,syddanmark,erhvervsuddannelse,1965,Kvinde,1917,NA,NA,NA,NA,2026-05-17 13:40:02 UTC,2026-05-17 13:39:56 UTC,2026-05-17 13:39:34 UTC,NA,NA,NA,NA,NA,NA,NA,NA,NA,NA,NA,NA,NA,NA,NA,NA,NA,NA,NA,NA,NA,NA,NA,NA,NA,NA,2026-05-17 13:40:05 UTC,2026-05-17 13:39:15 UTC,2026-05-17 13:39:06 UTC,NA,NA,NA,NA,issue_positions
02151d1f576d462dc4a7ddf2b36da27c,2026-06-20 07:39:41 UTC,2026-06-20 07:42:52 UTC,2026-06-20 07:39:51 UTC,NA,NA,NA,NA,NA,NA,NA,NA,NA,NA,NA,NA,NA,NA,NA,NA,NA,8,liberal_alliance,NA,1,NA,1,midtjylland,lang_videre,1999,Mand,603,NA,2026-06-20 07:40:31 UTC,NA,2026-06-20 07:40:19 UTC,2026-06-20 07:40:07 UTC,2026-06-20 07:40:04 UTC,2026-06-20 07:39:56 UTC,NA,NA,NA,NA,NA,NA,2026-06-20 07:40:45 UTC,2026-06-20 07:40:38 UTC,NA,NA,NA,NA,NA,NA,NA,NA,NA,NA,NA,NA,NA,NA,2026-06-20 07:41:35 UTC,2026-06-20 07:40:51 UTC,NA,2026-06-20 07:40:31 UTC,2026-06-20 07:40:09 UTC,2026-06-20 07:39:48 UTC,2026-06-20 07:39:41 UTC,NA,NA,NA,NA,cbc_q2_page
021eaa5753c2ef59322f8301fc6e574e,2026-05-17 18:39:55 UTC,2026-05-17 18:50:00 UTC,2026-05-17 18:40:26 UTC,2,5,2,2,2,NA,1,5,2,2,2,NA,option_1,option_1,option_1,option_1,option_1,3,konservative,1,2,NA,1,syddanmark,lang_videre,1977,Kvinde,1107,2026-05-17 18:41:45 UTC,2026-05-17 18:41:28 UTC,NA,2026-05-17 18:41:12 UTC,2026-05-17 18:40:49 UTC,2026-05-17 18:40:44 UTC,2026-05-17 18:40:34 UTC,NA,2026-05-17 18:46:43 UTC,2026-05-17 18:46:00 UTC,2026-05-17 18:45:21 UTC,2026-05-17 18:44:53 UTC,2026-05-17 18:43:42 UTC,2026-05-17 18:42:27 UTC,2026-05-17 18:42:06 UTC,2026-05-17 18:49:08 UTC,2026-05-17 18:49:02 UTC,2026-05-17 18:49:00 UTC,2026-05-17 18:48:57 UTC,NA,2026-05-17 18:48:19 UTC,2026-05-17 18:48:14 UTC,2026-05-17 18:47:51 UTC,2026-05-17 18:47:30 UTC,2026-05-17 18:47:29 UTC,2026-05-17 18:46:46 UTC,2026-05-17 18:46:03 UTC,2026-05-17 18:45:21 UTC,2026-05-17 18:44:57 UTC,2026-05-17 18:43:43 UTC,2026-05-17 18:42:53 UTC,2026-05-17 18:42:28 UTC,2026-05-17 18:41:46 UTC,2026-05-17 18:40:50 UTC,2026-05-17 18:40:20 UTC,2026-05-17 18:39:55 UTC,2026-05-17 18:49:12 UTC,2026-05-17 18:49:14 UTC,2026-05-17 18:48:22 UTC,2026-05-17 18:47:00 UTC,end_normal
024e3430cf3ece0264b474bea36e0701,2026-05-14 06:03:23 UTC,2026-05-14 06:04:24 UTC,2026-05-14 06:03:55 UTC,NA,NA,NA,NA,NA,NA,NA,NA,NA,NA,NA,NA,NA,NA,NA,NA,NA,NA,NA,NA,NA,NA,NA,NA,NA,NA,Kvinde,264,NA,NA,NA,NA,NA,NA,NA,NA,NA,NA,NA,NA,NA,NA,NA,NA,NA,NA,NA,NA,NA,NA,NA,NA,NA,NA,NA,NA,NA,NA,NA,NA,NA,NA,2026-05-14 06:03:41 UTC,2026-05-14 06:03:23 UTC,NA,NA,NA,NA,Background
02565fc18b0223aa25b058d86a026a03,2026-05-13 14:54:11 UTC,2026-05-13 15:01:00 UTC,2026-05-13 14:54:25 UTC,5,5,5,5,5,NA,1,1,2,1,1,NA,option_2,option_1,option_2,option_2,option_2,4,socialdemokratiet,NA,3,NA,1,syddanmark,kort_videre,1960,Mand,383,NA,2026-05-13 14:55:21 UTC,NA,2026-05-13 14:55:11 UTC,2026-05-13 14:54:53 UTC,2026-05-13 14:54:49 UTC,2026-05-13 14:54:37 UTC,NA,2026-05-13 14:58:28 UTC,2026-05-13 14:57:59 UTC,2026-05-13 14:57:39 UTC,2026-05-13 14:57:15 UTC,2026-05-13 14:56:50 UTC,2026-05-13 14:55:34 UTC,2026-05-13 14:55:28 UTC,2026-05-13 15:00:07 UTC,2026-05-13 14:59:56 UTC,2026-05-13 14:59:55 UTC,2026-05-13 14:59:51 UTC,NA,2026-05-13 14:59:33 UTC,2026-05-13 14:59:26 UTC,2026-05-13 14:59:20 UTC,2026-05-13 14:59:14 UTC,2026-05-13 14:59:10 UTC,2026-05-13 14:58:30 UTC,2026-05-13 14:58:00 UTC,2026-05-13 14:57:41 UTC,2026-05-13 14:57:18 UTC,2026-05-13 14:56:51 UTC,2026-05-13 14:55:49 UTC,2026-05-13 14:55:38 UTC,2026-05-13 14:55:22 UTC,2026-05-13 14:54:57 UTC,2026-05-13 14:54:20 UTC,2026-05-13 14:54:11 UTC,2026-05-13 15:00:10 UTC,2026-05-13 15:00:13 UTC,2026-05-13 14:59:33 UTC,2026-05-13 14:58:38 UTC,end_normal
027c2a037a28b4ba624e3fab6c8adda3,2026-06-16 08:24:57 UTC,2026-06-16 08:37:38 UTC,2026-06-16 08:25:41 UTC,3,3,3,1,1,NA,5,3,3,1,1,NA,option_1,option_1,option_1,option_2,option_1,8,socialdemokratiet,3,2,NA,3,sjaelland,mellemlang_videre,1954,Kvinde,924,2026-06-16 08:27:41 UTC,2026-06-16 08:27:23 UTC,NA,2026-06-16 08:27:08 UTC,2026-06-16 08:26:45 UTC,2026-06-16 08:26:33 UTC,2026-06-16 08:25:53 UTC,NA,2026-06-16 08:34:49 UTC,2026-06-16 08:34:21 UTC,2026-06-16 08:33:31 UTC,2026-06-16 08:31:09 UTC,2026-06-16 08:30:19 UTC,2026-06-16 08:28:08 UTC,2026-06-16 08:27:54 UTC,2026-06-16 08:37:02 UTC,2026-06-16 08:37:01 UTC,2026-06-16 08:36:57 UTC,2026-06-16 08:36:49 UTC,NA,2026-06-16 08:36:26 UTC,2026-06-16 08:36:17 UTC,2026-06-16 08:36:10 UTC,2026-06-16 08:36:08 UTC,2026-06-16 08:35:50 UTC,2026-06-16 08:34:55 UTC,2026-06-16 08:34:24 UTC,2026-06-16 08:33:34 UTC,2026-06-16 08:31:11 UTC,2026-06-16 08:30:22 UTC,2026-06-16 08:28:44 UTC,2026-06-16 08:28:12 UTC,2026-06-16 08:27:42 UTC,2026-06-16 08:26:48 UTC,2026-06-16 08:25:35 UTC,2026-06-16 08:24:57 UTC,2026-06-16 08:37:07 UTC,2026-06-16 08:37:08 UTC,2026-06-16 08:36:30 UTC,2026-06-16 08:35:20 UTC,end_normal
0299556ee9bd1824abe5107565fe9919,2026-05-17 07:50:48 UTC,2026-05-17 07:51:33 UTC,2026-05-17 07:50:56 UTC,NA,NA,NA,NA,NA,NA,NA,NA,NA,NA,NA,NA,NA,NA,NA,NA,NA,NA,NA,NA,NA,NA,2,hovedstaden,lang_videre,1999,Mand,929,NA,NA,NA,2026-05-17 07:51:12 UTC,2026-05-17 07:51:04 UTC,2026-05-17 07:51:00 UTC,2026-05-17 07:50:58 UTC,NA,NA,NA,NA,NA,NA,NA,NA,NA,NA,NA,NA,NA,NA,NA,NA,NA,NA,NA,NA,NA,NA,NA,NA,NA,NA,2026-05-17 07:51:05 UTC,2026-05-17 07:50:53 UTC,2026-05-17 07:50:48 UTC,NA,NA,NA,NA,issue_positions
02e96995a27cbcf93085215996908559,2026-06-20 18:33:26 UTC,2026-06-20 18:39:45 UTC,2026-06-20 18:33:43 UTC,1,4,3,3,4,NA,1,3,3,3,3,NA,option_2,option_1,option_2,option_2,option_2,4,venstre,NA,3,NA,1,midtjylland,mellemlang_videre,1950,Kvinde,125,NA,2026-06-20 18:34:20 UTC,NA,2026-06-20 18:34:11 UTC,2026-06-20 18:34:01 UTC,2026-06-20 18:33:57 UTC,2026-06-20 18:33:52 UTC,NA,2026-06-20 18:37:31 UTC,2026-06-20 18:37:11 UTC,2026-06-20 18:36:38 UTC,2026-06-20 18:36:10 UTC,2026-06-20 18:35:42 UTC,2026-06-20 18:34:42 UTC,2026-06-20 18:34:33 UTC,2026-06-20 18:39:03 UTC,2026-06-20 18:38:58 UTC,2026-06-20 18:38:56 UTC,2026-06-20 18:38:53 UTC,NA,2026-06-20 18:38:32 UTC,2026-06-20 18:38:24 UTC,2026-06-20 18:38:23 UTC,2026-06-20 18:38:23 UTC,2026-06-20 18:38:22 UTC,2026-06-20 18:37:32 UTC,2026-06-20 18:37:14 UTC,2026-06-20 18:36:39 UTC,2026-06-20 18:36:13 UTC,2026-06-20 18:35:47 UTC,2026-06-20 18:35:08 UTC,2026-06-20 18:34:44 UTC,2026-06-20 18:34:24 UTC,2026-06-20 18:34:03 UTC,2026-06-20 18:33:37 UTC,2026-06-20 18:33:26 UTC,2026-06-20 18:39:06 UTC,2026-06-20 18:39:10 UTC,2026-06-20 18:38:34 UTC,2026-06-20 18:37:43 UTC,end_normal
02fa1f398e120141cb8b5eef05773424,2026-05-14 13:49:24 UTC,2026-05-14 13:56:08 UTC,2026-05-14 13:49:40 UTC,2,2,3,2,2,NA,3,3,3,3,3,NA,option_2,option_2,option_2,option_2,option_2,7,moderaterne,1,2,3,2,nordjylland,mellemlang_videre,1977,Kvinde,1074,2026-05-14 13:50:53 UTC,2026-05-14 13:50:46 UTC,2026-05-14 13:50:32 UTC,2026-05-14 13:50:28 UTC,2026-05-14 13:49:57 UTC,2026-05-14 13:49:54 UTC,2026-05-14 13:50:17 UTC,NA,2026-05-14 13:54:06 UTC,2026-05-14 13:53:28 UTC,2026-05-14 13:53:09 UTC,2026-05-14 13:52:37 UTC,2026-05-14 13:51:56 UTC,2026-05-14 13:51:10 UTC,2026-05-14 13:51:02 UTC,2026-05-14 13:55:39 UTC,2026-05-14 13:55:33 UTC,2026-05-14 13:55:28 UTC,2026-05-14 13:55:15 UTC,NA,2026-05-14 13:55:01 UTC,2026-05-14 13:54:59 UTC,2026-05-14 13:54:55 UTC,2026-05-14 13:54:56 UTC,2026-05-14 13:54:51 UTC,2026-05-14 13:54:07 UTC,2026-05-14 13:53:30 UTC,2026-05-14 13:53:11 UTC,2026-05-14 13:52:38 UTC,2026-05-14 13:51:57 UTC,2026-05-14 13:51:20 UTC,2026-05-14 13:51:11 UTC,2026-05-14 13:50:53 UTC,2026-05-14 13:50:20 UTC,2026-05-14 13:49:36 UTC,2026-05-14 13:49:24 UTC,2026-05-14 13:55:45 UTC,2026-05-14 13:55:46 UTC,2026-05-14 13:55:01 UTC,2026-05-14 13:54:15 UTC,end_normal
03197eb219d273f62247581cba9ffefe,2026-05-17 20:21:15 UTC,2026-05-17 20:25:24 UTC,2026-05-17 20:21:54 UTC,NA,NA,NA,NA,NA,NA,NA,NA,NA,NA,NA,NA,NA,NA,NA,NA,NA,3,onsker_ikke,1,2,NA,3,sjaelland,mellemlang_videre,1962,Kvinde,66,2026-05-17 20:23:26 UTC,2026-05-17 20:23:05 UTC,NA,2026-05-17 20:22:51 UTC,2026-05-17 20:22:14 UTC,2026-05-17 20:22:11 UTC,2026-05-17 20:22:35 UTC,NA,NA,NA,NA,NA,NA,2026-05-17 20:23:55 UTC,2026-05-17 20:23:43 UTC,NA,NA,NA,NA,NA,NA,NA,NA,NA,NA,NA,NA,NA,NA,NA,2026-05-17 20:24:14 UTC,2026-05-17 20:23:57 UTC,2026-05-17 20:23:27 UTC,2026-05-17 20:22:37 UTC,2026-05-17 20:21:49 UTC,2026-05-17 20:21:15 UTC,NA,NA,NA,NA,cbc_q1_page
0326373fb9d885140f58dd32d616c813,2026-06-20 04:52:53 UTC,2026-06-20 04:59:06 UTC,2026-06-20 04:53:06 UTC,1,1,2,2,2,NA,4,4,3,4,4,NA,option_2,option_2,option_1,option_1,option_1,8,sf,NA,3,3,2,syddanmark,erhvervsuddannelse,1971,Kvinde,1722,NA,2026-06-20 04:54:00 UTC,2026-06-20 04:53:44 UTC,2026-06-20 04:53:35 UTC,2026-06-20 04:53:17 UTC,2026-06-20 04:53:15 UTC,2026-06-20 04:53:12 UTC,NA,2026-06-20 04:56:57 UTC,2026-06-20 04:56:31 UTC,2026-06-20 04:56:03 UTC,2026-06-20 04:55:43 UTC,2026-06-20 04:55:04 UTC,2026-06-20 04:54:13 UTC,2026-06-20 04:54:08 UTC,2026-06-20 04:58:37 UTC,2026-06-20 04:58:21 UTC,2026-06-20 04:58:17 UTC,2026-06-20 04:58:15 UTC,NA,2026-06-20 04:57:57 UTC,2026-06-20 04:57:54 UTC,2026-06-20 04:57:45 UTC,2026-06-20 04:57:40 UTC,2026-06-20 04:57:37 UTC,2026-06-20 04:56:58 UTC,2026-06-20 04:56:32 UTC,2026-06-20 04:56:04 UTC,2026-06-20 04:55:44 UTC,2026-06-20 04:55:06 UTC,2026-06-20 04:54:24 UTC,2026-06-20 04:54:14 UTC,2026-06-20 04:54:01 UTC,2026-06-20 04:53:19 UTC,2026-06-20 04:53:02 UTC,2026-06-20 04:52:53 UTC,2026-06-20 04:58:39 UTC,2026-06-20 04:58:39 UTC,2026-06-20 04:57:58 UTC,2026-06-20 04:57:05 UTC,end_normal
0391cfb488d6263121cb71062c8863f2,2026-06-19 18:38:59 UTC,2026-06-19 18:47:48 UTC,2026-06-19 18:39:35 UTC,4,4,2,1,1,NA,3,2,4,4,2,NA,option_2,option_1,option_2,option_1,option_1,2,radikale,3,2,1,2,sjaelland,mellemlang_videre,1977,Kvinde,341,2026-06-19 18:40:41 UTC,2026-06-19 18:40:27 UTC,2026-06-19 18:40:15 UTC,2026-06-19 18:40:05 UTC,2026-06-19 18:39:52 UTC,2026-06-19 18:39:48 UTC,2026-06-19 18:39:45 UTC,NA,2026-06-19 18:43:16 UTC,2026-06-19 18:42:55 UTC,2026-06-19 18:42:31 UTC,2026-06-19 18:42:06 UTC,2026-06-19 18:41:39 UTC,2026-06-19 18:41:00 UTC,2026-06-19 18:40:53 UTC,2026-06-19 18:46:52 UTC,2026-06-19 18:46:47 UTC,2026-06-19 18:46:43 UTC,2026-06-19 18:46:37 UTC,NA,2026-06-19 18:44:12 UTC,2026-06-19 18:43:53 UTC,2026-06-19 18:43:49 UTC,2026-06-19 18:44:20 UTC,2026-06-19 18:43:45 UTC,NA,2026-06-19 18:42:57 UTC,2026-06-19 18:42:33 UTC,2026-06-19 18:42:08 UTC,2026-06-19 18:41:43 UTC,2026-06-19 18:41:07 UTC,2026-06-19 18:41:02 UTC,2026-06-19 18:40:41 UTC,2026-06-19 18:39:55 UTC,2026-06-19 18:39:31 UTC,2026-06-19 18:38:59 UTC,2026-06-19 18:46:56 UTC,2026-06-19 18:46:56 UTC,NA,2026-06-19 18:43:31 UTC,end_normal
045e84f9608b3a5ab0cf94e57ab9340d,2026-06-19 21:24:25 UTC,2026-06-19 21:29:56 UTC,NA,NA,NA,NA,NA,NA,NA,NA,NA,NA,NA,NA,NA,NA,NA,NA,NA,NA,NA,NA,NA,NA,NA,NA,NA,NA,NA,NA,1420,NA,NA,NA,NA,NA,NA,NA,NA,NA,NA,NA,NA,NA,NA,NA,NA,NA,NA,NA,NA,NA,NA,NA,NA,NA,NA,NA,NA,NA,NA,NA,NA,NA,NA,2026-06-19 21:24:58 UTC,2026-06-19 21:24:25 UTC,NA,NA,NA,NA,Background
0490001ece4016730be286a08fb71ee3,2026-06-21 13:05:27 UTC,2026-06-21 13:11:04 UTC,2026-06-21 13:05:39 UTC,3,2,2,3,2,NA,1,2,3,3,2,NA,option_2,option_1,option_2,option_2,option_2,4,dansk_folkeparti,1,2,NA,1,midtjylland,kort_videre,1979,Kvinde,1235,2026-06-21 13:06:46 UTC,2026-06-21 13:06:15 UTC,NA,2026-06-21 13:06:05 UTC,2026-06-21 13:05:52 UTC,2026-06-21 13:05:49 UTC,2026-06-21 13:05:43 UTC,NA,2026-06-21 13:09:09 UTC,2026-06-21 13:08:50 UTC,2026-06-21 13:08:34 UTC,2026-06-21 13:08:14 UTC,2026-06-21 13:07:45 UTC,2026-06-21 13:07:02 UTC,2026-06-21 13:06:56 UTC,2026-06-21 13:10:36 UTC,2026-06-21 13:10:33 UTC,2026-06-21 13:10:28 UTC,2026-06-21 13:10:25 UTC,NA,2026-06-21 13:09:47 UTC,2026-06-21 13:09:44 UTC,2026-06-21 13:09:41 UTC,2026-06-21 13:09:56 UTC,2026-06-21 13:09:35 UTC,2026-06-21 13:09:11 UTC,2026-06-21 13:08:50 UTC,2026-06-21 13:08:35 UTC,2026-06-21 13:08:16 UTC,2026-06-21 13:07:46 UTC,2026-06-21 13:07:10 UTC,2026-06-21 13:07:03 UTC,2026-06-21 13:06:47 UTC,2026-06-21 13:05:53 UTC,2026-06-21 13:05:35 UTC,2026-06-21 13:05:27 UTC,2026-06-21 13:10:38 UTC,2026-06-21 13:10:41 UTC,2026-06-21 13:09:59 UTC,2026-06-21 13:09:14 UTC,end_normal
04ae300538af201cf6166eb5da790e9c,2026-05-17 13:40:34 UTC,2026-05-17 13:48:32 UTC,2026-05-17 13:40:51 UTC,1,3,2,3,4,NA,3,3,3,3,4,NA,option_1,option_2,option_2,option_1,option_1,6,moderaterne,1,2,NA,1,midtjylland,mellemlang_videre,1966,Kvinde,589,2026-05-17 13:41:35 UTC,2026-05-17 13:41:27 UTC,NA,2026-05-17 13:41:19 UTC,2026-05-17 13:41:08 UTC,2026-05-17 13:41:03 UTC,2026-05-17 13:40:57 UTC,NA,2026-05-17 13:43:49 UTC,2026-05-17 13:43:22 UTC,2026-05-17 13:43:04 UTC,2026-05-17 13:42:45 UTC,2026-05-17 13:42:23 UTC,2026-05-17 13:41:42 UTC,2026-05-17 13:41:53 UTC,2026-05-17 13:45:14 UTC,2026-05-17 13:45:10 UTC,2026-05-17 13:45:09 UTC,2026-05-17 13:45:04 UTC,NA,2026-05-17 13:44:37 UTC,2026-05-17 13:44:32 UTC,2026-05-17 13:44:27 UTC,2026-05-17 13:44:24 UTC,2026-05-17 13:44:12 UTC,2026-05-17 13:43:50 UTC,2026-05-17 13:43:23 UTC,2026-05-17 13:43:06 UTC,2026-05-17 13:42:47 UTC,2026-05-17 13:42:23 UTC,2026-05-17 13:42:08 UTC,2026-05-17 13:41:58 UTC,2026-05-17 13:41:39 UTC,2026-05-17 13:41:11 UTC,2026-05-17 13:40:48 UTC,2026-05-17 13:40:34 UTC,2026-05-17 13:45:15 UTC,2026-05-17 13:45:19 UTC,2026-05-17 13:44:44 UTC,2026-05-17 13:43:58 UTC,end_normal
04bd7859ac22b0512c24d1e537600aab,2026-06-20 09:42:08 UTC,2026-06-20 09:49:21 UTC,2026-06-20 09:42:21 UTC,2,2,3,3,3,NA,2,2,2,3,2,NA,option_2,option_2,option_1,option_2,option_1,6,venstre,3,2,3,2,syddanmark,erhvervsuddannelse,1955,Kvinde,777,2026-06-20 09:43:21 UTC,2026-06-20 09:43:15 UTC,2026-06-20 09:43:05 UTC,2026-06-20 09:42:56 UTC,2026-06-20 09:42:40 UTC,2026-06-20 09:42:34 UTC,2026-06-20 09:42:30 UTC,NA,2026-06-20 09:46:57 UTC,2026-06-20 09:46:34 UTC,2026-06-20 09:46:00 UTC,2026-06-20 09:45:26 UTC,2026-06-20 09:44:24 UTC,2026-06-20 09:43:47 UTC,2026-06-20 09:43:38 UTC,2026-06-20 09:48:38 UTC,2026-06-20 09:48:32 UTC,2026-06-20 09:48:29 UTC,2026-06-20 09:48:26 UTC,NA,2026-06-20 09:48:06 UTC,2026-06-20 09:47:57 UTC,2026-06-20 09:47:51 UTC,2026-06-20 09:47:47 UTC,2026-06-20 09:47:41 UTC,2026-06-20 09:46:59 UTC,2026-06-20 09:46:36 UTC,2026-06-20 09:46:02 UTC,2026-06-20 09:45:28 UTC,2026-06-20 09:44:47 UTC,2026-06-20 09:43:57 UTC,2026-06-20 09:43:50 UTC,2026-06-20 09:43:28 UTC,2026-06-20 09:42:45 UTC,2026-06-20 09:42:17 UTC,2026-06-20 09:42:08 UTC,2026-06-20 09:48:42 UTC,2026-06-20 09:48:47 UTC,2026-06-20 09:48:06 UTC,2026-06-20 09:47:03 UTC,end_normal
04bed1f8c1356784af791d6dc30f9346,2026-05-14 11:27:50 UTC,2026-05-14 11:39:28 UTC,2026-05-14 11:28:08 UTC,1,2,4,4,1,NA,2,2,3,3,1,NA,option_2,option_1,option_2,option_1,option_2,7,enhedslisten,NA,3,3,2,hovedstaden,mellemlang_videre,2001,Kvinde,1236,NA,2026-05-14 11:30:26 UTC,2026-05-14 11:30:12 UTC,2026-05-14 11:29:46 UTC,2026-05-14 11:29:11 UTC,2026-05-14 11:29:05 UTC,2026-05-14 11:28:10 UTC,NA,2026-05-14 11:34:58 UTC,2026-05-14 11:34:28 UTC,2026-05-14 11:33:53 UTC,2026-05-14 11:33:05 UTC,2026-05-14 11:31:59 UTC,2026-05-14 11:31:26 UTC,2026-05-14 11:30:40 UTC,2026-05-14 11:39:02 UTC,2026-05-14 11:38:57 UTC,2026-05-14 11:38:53 UTC,2026-05-14 11:38:32 UTC,NA,2026-05-14 11:36:12 UTC,2026-05-14 11:36:04 UTC,2026-05-14 11:36:00 UTC,2026-05-14 11:35:55 UTC,2026-05-14 11:35:47 UTC,2026-05-14 11:34:58 UTC,2026-05-14 11:34:37 UTC,2026-05-14 11:33:54 UTC,2026-05-14 11:33:09 UTC,2026-05-14 11:32:33 UTC,2026-05-14 11:31:38 UTC,2026-05-14 11:31:26 UTC,2026-05-14 11:30:29 UTC,2026-05-14 11:29:11 UTC,2026-05-14 11:28:04 UTC,2026-05-14 11:27:50 UTC,2026-05-14 11:38:45 UTC,2026-05-14 11:39:04 UTC,2026-05-14 11:36:14 UTC,2026-05-14 11:35:05 UTC,end_normal
04c8fc99d91df82a02833cd6e3ed79bf,2026-05-14 18:58:02 UTC,2026-05-14 19:07:56 UTC,2026-05-14 18:58:22 UTC,1,1,1,1,1,NA,3,3,3,3,3,NA,option_2,option_1,option_1,option_2,option_1,6,socialdemokratiet,NA,3,NA,1,hovedstaden,mellemlang_videre,1957,Kvinde,1770,NA,2026-05-14 18:59:39 UTC,NA,2026-05-14 18:59:20 UTC,2026-05-14 18:58:54 UTC,2026-05-14 18:58:44 UTC,2026-05-14 18:58:34 UTC,NA,2026-05-14 19:04:30 UTC,2026-05-14 19:03:55 UTC,2026-05-14 19:03:27 UTC,2026-05-14 19:02:51 UTC,2026-05-14 19:01:51 UTC,2026-05-14 19:00:10 UTC,2026-05-14 18:59:49 UTC,2026-05-14 19:07:12 UTC,2026-05-14 19:07:08 UTC,2026-05-14 19:07:05 UTC,2026-05-14 19:06:58 UTC,NA,2026-05-14 19:06:21 UTC,2026-05-14 19:06:16 UTC,2026-05-14 19:06:10 UTC,2026-05-14 19:06:03 UTC,2026-05-14 19:05:55 UTC,2026-05-14 19:04:32 UTC,2026-05-14 19:03:58 UTC,2026-05-14 19:03:28 UTC,2026-05-14 19:02:54 UTC,2026-05-14 19:01:57 UTC,2026-05-14 19:00:50 UTC,2026-05-14 19:00:11 UTC,2026-05-14 18:59:40 UTC,2026-05-14 18:58:58 UTC,2026-05-14 18:58:14 UTC,2026-05-14 18:58:02 UTC,2026-05-14 19:07:14 UTC,2026-05-14 19:07:16 UTC,2026-05-14 19:06:22 UTC,2026-05-14 19:04:49 UTC,end_normal
04d640715cab76d6fb7d5394d081e2e0,2026-06-19 19:03:06 UTC,2026-06-19 19:08:28 UTC,2026-06-19 19:03:23 UTC,NA,NA,NA,NA,NA,NA,2,3,3,3,3,NA,option_2,option_1,option_2,option_2,option_1,4,socialdemokratiet,NA,3,NA,1,midtjylland,gymnasial,1963,Kvinde,378,NA,2026-06-19 19:04:21 UTC,NA,2026-06-19 19:04:11 UTC,2026-06-19 19:03:36 UTC,2026-06-19 19:03:30 UTC,2026-06-19 19:03:54 UTC,NA,2026-06-19 19:06:52 UTC,2026-06-19 19:06:29 UTC,2026-06-19 19:06:12 UTC,2026-06-19 19:06:00 UTC,2026-06-19 19:05:30 UTC,2026-06-19 19:04:50 UTC,2026-06-19 19:04:46 UTC,NA,NA,NA,NA,NA,2026-06-19 19:07:36 UTC,2026-06-19 19:07:32 UTC,2026-06-19 19:07:27 UTC,2026-06-19 19:07:25 UTC,2026-06-19 19:07:18 UTC,2026-06-19 19:06:53 UTC,2026-06-19 19:06:32 UTC,2026-06-19 19:06:16 UTC,2026-06-19 19:06:00 UTC,2026-06-19 19:05:31 UTC,2026-06-19 19:05:09 UTC,2026-06-19 19:04:57 UTC,2026-06-19 19:04:23 UTC,2026-06-19 19:04:01 UTC,2026-06-19 19:03:19 UTC,2026-06-19 19:03:06 UTC,NA,2026-06-19 19:08:07 UTC,2026-06-19 19:07:39 UTC,2026-06-19 19:07:05 UTC,end_normal
04e8afedca178c63441d6b49aa7312ba,2026-05-20 05:26:26 UTC,2026-05-20 05:36:26 UTC,2026-05-20 05:26:39 UTC,2,2,2,2,2,NA,2,4,4,3,3,NA,option_2,option_2,option_2,option_2,option_1,9,radikale,3,2,NA,3,hovedstaden,lang_videre,1967,Kvinde,469,2026-05-20 05:27:52 UTC,2026-05-20 05:27:34 UTC,NA,2026-05-20 05:27:22 UTC,2026-05-20 05:27:01 UTC,2026-05-20 05:26:57 UTC,2026-05-20 05:26:48 UTC,NA,2026-05-20 05:33:13 UTC,2026-05-20 05:32:39 UTC,2026-05-20 05:31:54 UTC,2026-05-20 05:30:42 UTC,2026-05-20 05:30:05 UTC,2026-05-20 05:28:15 UTC,2026-05-20 05:28:01 UTC,2026-05-20 05:34:47 UTC,2026-05-20 05:34:45 UTC,2026-05-20 05:34:43 UTC,2026-05-20 05:34:37 UTC,NA,2026-05-20 05:34:22 UTC,2026-05-20 05:34:17 UTC,2026-05-20 05:34:11 UTC,2026-05-20 05:33:56 UTC,2026-05-20 05:33:48 UTC,2026-05-20 05:33:14 UTC,2026-05-20 05:32:39 UTC,2026-05-20 05:31:59 UTC,2026-05-20 05:30:42 UTC,2026-05-20 05:30:07 UTC,2026-05-20 05:29:05 UTC,2026-05-20 05:28:43 UTC,2026-05-20 05:27:53 UTC,2026-05-20 05:27:02 UTC,2026-05-20 05:26:34 UTC,2026-05-20 05:26:26 UTC,2026-05-20 05:34:51 UTC,2026-05-20 05:34:56 UTC,2026-05-20 05:34:23 UTC,2026-05-20 05:33:24 UTC,end_normal
054688e6d18042fb207979a2d4cfe228,2026-06-19 18:29:20 UTC,2026-06-19 18:36:16 UTC,2026-06-19 18:29:32 UTC,3,2,4,3,3,NA,3,3,2,3,3,NA,option_1,NA,option_1,NA,option_2,1,konservative,NA,1,NA,1,sjaelland,mellemlang_videre,1962,Kvinde,1680,NA,2026-06-19 18:30:38 UTC,NA,2026-06-19 18:30:00 UTC,2026-06-19 18:29:49 UTC,2026-06-19 18:29:45 UTC,2026-06-19 18:29:39 UTC,NA,2026-06-19 18:34:20 UTC,NA,2026-06-19 18:33:24 UTC,NA,2026-06-19 18:31:51 UTC,2026-06-19 18:30:58 UTC,2026-06-19 18:30:49 UTC,2026-06-19 18:35:48 UTC,2026-06-19 18:35:44 UTC,2026-06-19 18:35:37 UTC,2026-06-19 18:35:33 UTC,NA,2026-06-19 18:35:17 UTC,2026-06-19 18:35:15 UTC,2026-06-19 18:35:11 UTC,2026-06-19 18:34:56 UTC,2026-06-19 18:34:54 UTC,2026-06-19 18:34:22 UTC,2026-06-19 18:33:58 UTC,2026-06-19 18:33:25 UTC,2026-06-19 18:32:23 UTC,2026-06-19 18:31:55 UTC,2026-06-19 18:31:03 UTC,2026-06-19 18:31:00 UTC,2026-06-19 18:30:40 UTC,2026-06-19 18:29:51 UTC,2026-06-19 18:29:28 UTC,2026-06-19 18:29:20 UTC,2026-06-19 18:35:51 UTC,2026-06-19 18:35:51 UTC,2026-06-19 18:35:18 UTC,2026-06-19 18:34:26 UTC,end_normal
054b521692dd49e2c743b2093e010497,2026-06-02 13:52:51 UTC,2026-06-02 13:58:42 UTC,2026-06-02 13:53:01 UTC,1,3,2,2,2,NA,5,4,4,4,4,NA,option_1,option_2,option_1,option_2,option_1,6,alternativet,NA,3,NA,3,midtjylland,lang_videre,1996,Kvinde,389,NA,2026-06-02 13:53:36 UTC,NA,2026-06-02 13:53:23 UTC,2026-06-02 13:53:09 UTC,2026-06-02 13:53:07 UTC,2026-06-02 13:53:04 UTC,NA,2026-06-02 13:56:48 UTC,2026-06-02 13:56:26 UTC,2026-06-02 13:56:13 UTC,2026-06-02 13:55:46 UTC,2026-06-02 13:54:53 UTC,2026-06-02 13:53:51 UTC,2026-06-02 13:53:45 UTC,2026-06-02 13:58:11 UTC,2026-06-02 13:58:04 UTC,2026-06-02 13:58:03 UTC,2026-06-02 13:58:00 UTC,NA,2026-06-02 13:57:28 UTC,2026-06-02 13:57:25 UTC,2026-06-02 13:57:21 UTC,2026-06-02 13:57:19 UTC,2026-06-02 13:57:19 UTC,2026-06-02 13:56:50 UTC,2026-06-02 13:56:33 UTC,2026-06-02 13:56:14 UTC,2026-06-02 13:55:48 UTC,2026-06-02 13:54:56 UTC,2026-06-02 13:54:16 UTC,2026-06-02 13:54:01 UTC,2026-06-02 13:53:37 UTC,2026-06-02 13:53:11 UTC,2026-06-02 13:52:57 UTC,2026-06-02 13:52:51 UTC,2026-06-02 13:58:13 UTC,2026-06-02 13:58:15 UTC,2026-06-02 13:57:39 UTC,2026-06-02 13:57:01 UTC,end_normal
05fdb4dfbac7065472dbad2c9963de5c,2026-05-13 17:03:13 UTC,2026-05-13 17:04:16 UTC,NA,NA,NA,NA,NA,NA,NA,NA,NA,NA,NA,NA,NA,NA,NA,NA,NA,NA,NA,NA,NA,NA,NA,NA,NA,NA,NA,NA,521,NA,NA,NA,NA,NA,NA,NA,NA,NA,NA,NA,NA,NA,NA,NA,NA,NA,NA,NA,NA,NA,NA,NA,NA,NA,NA,NA,NA,NA,NA,NA,NA,NA,NA,2026-05-13 17:03:25 UTC,2026-05-13 17:03:13 UTC,NA,NA,NA,NA,Background
061c705bf8d98c797a5b25363be49068,2026-06-19 20:09:08 UTC,2026-06-19 20:09:44 UTC,NA,NA,NA,NA,NA,NA,NA,NA,NA,NA,NA,NA,NA,NA,NA,NA,NA,NA,NA,NA,NA,NA,NA,NA,NA,NA,NA,NA,814,NA,NA,NA,NA,NA,NA,NA,NA,NA,NA,NA,NA,NA,NA,NA,NA,NA,NA,NA,NA,NA,NA,NA,NA,NA,NA,NA,NA,NA,NA,NA,NA,NA,NA,2026-06-19 20:09:17 UTC,2026-06-19 20:09:08 UTC,NA,NA,NA,NA,Background
0625daad8077c7cd3517be7f8a00546d,2026-05-17 18:40:09 UTC,2026-05-17 18:46:19 UTC,2026-05-17 18:40:22 UTC,NA,NA,NA,NA,NA,NA,NA,NA,NA,NA,NA,NA,NA,NA,NA,NA,NA,2,sf,NA,3,1,2,midtjylland,mellemlang_videre,1955,Kvinde,283,NA,2026-05-17 18:42:51 UTC,2026-05-17 18:42:19 UTC,2026-05-17 18:41:24 UTC,2026-05-17 18:40:41 UTC,2026-05-17 18:40:35 UTC,2026-05-17 18:40:30 UTC,NA,NA,NA,NA,NA,NA,2026-05-17 18:43:29 UTC,2026-05-17 18:43:05 UTC,NA,NA,NA,NA,NA,NA,NA,NA,NA,NA,NA,NA,NA,NA,NA,2026-05-17 18:44:15 UTC,2026-05-17 18:43:31 UTC,NA,2026-05-17 18:40:42 UTC,2026-05-17 18:40:17 UTC,2026-05-17 18:40:09 UTC,NA,NA,NA,NA,cbc_q1_page
0625dd7549a4ef5db7f034ead6980577,2026-05-15 15:19:29 UTC,2026-05-15 15:22:41 UTC,2026-05-15 15:19:40 UTC,3,3,3,3,3,NA,3,3,3,3,3,NA,option_1,option_1,option_2,option_1,option_1,2,venstre,3,2,1,2,nordjylland,mellemlang_videre,1989,Kvinde,1028,2026-05-15 15:20:12 UTC,2026-05-15 15:20:08 UTC,2026-05-15 15:20:04 UTC,2026-05-15 15:19:59 UTC,2026-05-15 15:19:50 UTC,2026-05-15 15:19:48 UTC,2026-05-15 15:19:44 UTC,NA,2026-05-15 15:21:37 UTC,2026-05-15 15:21:29 UTC,2026-05-15 15:21:18 UTC,2026-05-15 15:21:01 UTC,2026-05-15 15:20:49 UTC,2026-05-15 15:20:26 UTC,2026-05-15 15:20:22 UTC,2026-05-15 15:22:02 UTC,2026-05-15 15:22:02 UTC,2026-05-15 15:22:02 UTC,2026-05-15 15:22:01 UTC,NA,2026-05-15 15:21:56 UTC,2026-05-15 15:21:55 UTC,2026-05-15 15:21:53 UTC,2026-05-15 15:21:52 UTC,2026-05-15 15:21:51 UTC,2026-05-15 15:21:37 UTC,2026-05-15 15:21:30 UTC,2026-05-15 15:21:21 UTC,2026-05-15 15:21:03 UTC,2026-05-15 15:20:50 UTC,2026-05-15 15:20:35 UTC,2026-05-15 15:20:28 UTC,2026-05-15 15:20:14 UTC,2026-05-15 15:19:51 UTC,2026-05-15 15:19:36 UTC,2026-05-15 15:19:29 UTC,2026-05-15 15:22:03 UTC,2026-05-15 15:22:03 UTC,2026-05-15 15:21:57 UTC,2026-05-15 15:21:41 UTC,end_normal
06999aaba3b3995644cd7e3962ac168a,2026-05-13 16:05:51 UTC,2026-05-13 16:06:46 UTC,2026-05-13 16:06:04 UTC,NA,NA,NA,NA,NA,NA,NA,NA,NA,NA,NA,NA,NA,NA,NA,NA,NA,NA,NA,NA,2,NA,1,sjaelland,kort_videre,1967,Kvinde,350,NA,2026-05-13 16:06:22 UTC,NA,2026-05-13 16:06:17 UTC,2026-05-13 16:06:12 UTC,2026-05-13 16:06:09 UTC,2026-05-13 16:06:07 UTC,NA,NA,NA,NA,NA,NA,NA,NA,NA,NA,NA,NA,NA,NA,NA,NA,NA,NA,NA,NA,NA,NA,NA,NA,NA,NA,2026-05-13 16:06:13 UTC,2026-05-13 16:05:57 UTC,2026-05-13 16:05:51 UTC,NA,NA,NA,NA,issue_positions
075ee2b0d059a904cbc8272369bc0f8e,2026-06-19 23:25:55 UTC,2026-06-19 23:29:08 UTC,2026-06-19 23:26:08 UTC,5,5,5,5,5,NA,4,4,4,4,4,NA,option_1,option_2,option_2,option_1,option_1,5,enhedslisten,NA,3,3,2,syddanmark,grundskole,2003,Kvinde,695,NA,2026-06-19 23:26:47 UTC,2026-06-19 23:26:31 UTC,2026-06-19 23:26:26 UTC,2026-06-19 23:26:17 UTC,2026-06-19 23:26:13 UTC,2026-06-19 23:26:12 UTC,NA,2026-06-19 23:28:11 UTC,2026-06-19 23:28:04 UTC,2026-06-19 23:27:46 UTC,2026-06-19 23:27:29 UTC,2026-06-19 23:27:18 UTC,2026-06-19 23:27:04 UTC,2026-06-19 23:27:01 UTC,2026-06-19 23:28:42 UTC,2026-06-19 23:28:41 UTC,2026-06-19 23:28:40 UTC,2026-06-19 23:28:41 UTC,NA,2026-06-19 23:28:24 UTC,2026-06-19 23:28:24 UTC,2026-06-19 23:28:23 UTC,2026-06-19 23:28:22 UTC,2026-06-19 23:28:22 UTC,2026-06-19 23:28:11 UTC,2026-06-19 23:28:04 UTC,2026-06-19 23:27:47 UTC,2026-06-19 23:27:30 UTC,2026-06-19 23:27:19 UTC,2026-06-19 23:27:11 UTC,2026-06-19 23:27:05 UTC,2026-06-19 23:26:47 UTC,2026-06-19 23:26:17 UTC,2026-06-19 23:26:04 UTC,2026-06-19 23:25:55 UTC,2026-06-19 23:28:43 UTC,2026-06-19 23:28:43 UTC,2026-06-19 23:28:25 UTC,2026-06-19 23:28:15 UTC,end_normal
07778e8066767aee2a43fb4d6af7cafa,2026-05-17 13:35:10 UTC,2026-05-17 13:39:36 UTC,2026-05-17 13:35:28 UTC,NA,NA,NA,NA,NA,NA,NA,NA,NA,NA,NA,NA,NA,NA,NA,NA,option_1,0,danmarksdemokraterne,1,2,NA,1,syddanmark,grundskole,1982,Mand,1524,2026-05-17 13:37:09 UTC,2026-05-17 13:36:56 UTC,NA,2026-05-17 13:36:32 UTC,2026-05-17 13:36:16 UTC,2026-05-17 13:36:07 UTC,2026-05-17 13:35:38 UTC,NA,NA,NA,NA,NA,2026-05-17 13:38:39 UTC,2026-05-17 13:37:21 UTC,2026-05-17 13:37:45 UTC,NA,NA,NA,NA,NA,NA,NA,NA,NA,NA,NA,NA,NA,NA,2026-05-17 13:38:40 UTC,2026-05-17 13:38:01 UTC,2026-05-17 13:37:49 UTC,2026-05-17 13:37:11 UTC,2026-05-17 13:36:17 UTC,2026-05-17 13:35:23 UTC,2026-05-17 13:35:10 UTC,NA,NA,NA,NA,cbc_q2_page
08313ddf81eeff53d367f7c9a6cfc32b,2026-05-16 13:18:03 UTC,2026-05-16 13:20:28 UTC,NA,NA,NA,NA,NA,NA,NA,NA,NA,NA,NA,NA,NA,NA,NA,NA,NA,NA,NA,NA,NA,NA,NA,NA,NA,NA,NA,NA,688,NA,NA,NA,NA,NA,NA,NA,NA,NA,NA,NA,NA,NA,NA,NA,NA,NA,NA,NA,NA,NA,NA,NA,NA,NA,NA,NA,NA,NA,NA,NA,NA,NA,NA,2026-05-16 13:18:09 UTC,2026-05-16 13:18:03 UTC,NA,NA,NA,NA,Background
085d2f3f1e939927b7646de5ca54ca65,2026-05-17 17:38:48 UTC,2026-05-17 17:47:58 UTC,2026-05-17 17:39:14 UTC,2,2,3,3,2,NA,2,3,3,3,3,NA,option_2,option_1,option_2,option_2,option_2,8,sf,1,2,3,2,nordjylland,lang_videre,1967,Mand,784,2026-05-17 17:40:46 UTC,2026-05-17 17:40:37 UTC,2026-05-17 17:40:14 UTC,2026-05-17 17:40:06 UTC,2026-05-17 17:39:56 UTC,2026-05-17 17:39:26 UTC,2026-05-17 17:39:22 UTC,NA,2026-05-17 17:44:58 UTC,2026-05-17 17:44:28 UTC,2026-05-17 17:43:20 UTC,2026-05-17 17:42:53 UTC,2026-05-17 17:42:23 UTC,2026-05-17 17:41:01 UTC,2026-05-17 17:40:52 UTC,2026-05-17 17:47:02 UTC,2026-05-17 17:46:56 UTC,2026-05-17 17:46:54 UTC,2026-05-17 17:46:45 UTC,NA,2026-05-17 17:46:12 UTC,2026-05-17 17:45:55 UTC,2026-05-17 17:45:52 UTC,2026-05-17 17:45:47 UTC,2026-05-17 17:45:44 UTC,2026-05-17 17:45:01 UTC,2026-05-17 17:44:30 UTC,2026-05-17 17:43:23 UTC,2026-05-17 17:42:55 UTC,2026-05-17 17:42:29 UTC,2026-05-17 17:41:17 UTC,2026-05-17 17:41:07 UTC,2026-05-17 17:40:46 UTC,2026-05-17 17:39:58 UTC,2026-05-17 17:39:10 UTC,2026-05-17 17:38:48 UTC,2026-05-17 17:47:05 UTC,2026-05-17 17:47:07 UTC,2026-05-17 17:46:15 UTC,2026-05-17 17:45:23 UTC,end_normal
0894e8eecc2a1d5cbcdfe8fb9f31d932,2026-06-20 11:43:20 UTC,2026-06-20 11:47:13 UTC,2026-06-20 11:43:41 UTC,NA,NA,NA,NA,NA,NA,NA,NA,NA,NA,NA,NA,option_1,option_2,option_1,option_1,option_2,9,venstre,NA,1,1,2,midtjylland,mellemlang_videre,2001,Mand,1838,NA,2026-06-20 11:44:22 UTC,2026-06-20 11:44:14 UTC,2026-06-20 11:44:10 UTC,2026-06-20 11:44:01 UTC,2026-06-20 11:43:56 UTC,2026-06-20 11:43:43 UTC,NA,2026-06-20 11:46:47 UTC,2026-06-20 11:46:31 UTC,2026-06-20 11:46:09 UTC,2026-06-20 11:45:46 UTC,2026-06-20 11:45:17 UTC,2026-06-20 11:44:36 UTC,2026-06-20 11:44:32 UTC,NA,NA,NA,NA,NA,NA,NA,NA,NA,NA,2026-06-20 11:46:48 UTC,2026-06-20 11:46:32 UTC,2026-06-20 11:46:10 UTC,2026-06-20 11:45:49 UTC,2026-06-20 11:45:19 UTC,2026-06-20 11:44:43 UTC,2026-06-20 11:44:37 UTC,2026-06-20 11:44:25 UTC,2026-06-20 11:44:02 UTC,2026-06-20 11:43:28 UTC,2026-06-20 11:43:20 UTC,NA,NA,NA,2026-06-20 11:46:52 UTC,single_profile_1
089a05b8d1e7fa4ce7ef389fddc73a1b,2026-05-18 13:41:41 UTC,2026-05-18 13:49:18 UTC,2026-05-18 13:42:11 UTC,2,4,5,5,4,NA,2,2,3,2,2,NA,option_2,option_1,option_1,option_1,option_1,8,enhedslisten,NA,3,NA,3,hovedstaden,lang_videre,1993,Mand,4,NA,2026-05-18 13:42:50 UTC,NA,2026-05-18 13:42:35 UTC,2026-05-18 13:42:26 UTC,2026-05-18 13:42:22 UTC,2026-05-18 13:42:17 UTC,NA,2026-05-18 13:46:31 UTC,2026-05-18 13:45:45 UTC,2026-05-18 13:45:27 UTC,2026-05-18 13:45:01 UTC,2026-05-18 13:44:27 UTC,2026-05-18 13:43:08 UTC,2026-05-18 13:43:00 UTC,2026-05-18 13:48:44 UTC,2026-05-18 13:48:38 UTC,2026-05-18 13:48:36 UTC,2026-05-18 13:48:28 UTC,NA,2026-05-18 13:47:58 UTC,2026-05-18 13:47:50 UTC,2026-05-18 13:47:38 UTC,2026-05-18 13:47:23 UTC,2026-05-18 13:47:28 UTC,2026-05-18 13:46:40 UTC,2026-05-18 13:45:45 UTC,2026-05-18 13:45:28 UTC,2026-05-18 13:45:01 UTC,2026-05-18 13:44:28 UTC,2026-05-18 13:43:34 UTC,2026-05-18 13:43:18 UTC,2026-05-18 13:42:51 UTC,2026-05-18 13:42:27 UTC,2026-05-18 13:42:06 UTC,2026-05-18 13:41:41 UTC,2026-05-18 13:48:48 UTC,2026-05-18 13:48:51 UTC,2026-05-18 13:48:08 UTC,2026-05-18 13:46:57 UTC,end_normal
0957956ba10a6afdb2a85a80b1036e28,2026-05-13 14:59:40 UTC,2026-05-13 15:08:24 UTC,2026-05-13 14:59:59 UTC,4,2,2,2,2,NA,2,2,4,5,3,NA,option_2,option_1,option_1,option_1,option_1,7,radikale,1,2,NA,3,hovedstaden,lang_videre,2000,Kvinde,1689,2026-05-13 15:01:15 UTC,2026-05-13 15:00:46 UTC,NA,2026-05-13 15:00:24 UTC,2026-05-13 15:00:14 UTC,2026-05-13 15:00:10 UTC,2026-05-13 15:00:02 UTC,NA,2026-05-13 15:05:19 UTC,2026-05-13 15:04:41 UTC,2026-05-13 15:04:14 UTC,2026-05-13 15:03:12 UTC,2026-05-13 15:02:06 UTC,2026-05-13 15:01:31 UTC,2026-05-13 15:01:23 UTC,2026-05-13 15:07:02 UTC,2026-05-13 15:07:37 UTC,2026-05-13 15:07:21 UTC,2026-05-13 15:07:25 UTC,NA,2026-05-13 15:06:28 UTC,2026-05-13 15:06:01 UTC,2026-05-13 15:06:10 UTC,2026-05-13 15:06:14 UTC,2026-05-13 15:06:17 UTC,2026-05-13 15:05:20 UTC,2026-05-13 15:04:42 UTC,2026-05-13 15:04:16 UTC,2026-05-13 15:03:14 UTC,2026-05-13 15:02:07 UTC,2026-05-13 15:01:35 UTC,2026-05-13 15:01:32 UTC,2026-05-13 15:01:17 UTC,2026-05-13 15:00:15 UTC,2026-05-13 14:59:55 UTC,2026-05-13 14:59:40 UTC,2026-05-13 15:07:45 UTC,2026-05-13 15:07:46 UTC,2026-05-13 15:06:32 UTC,2026-05-13 15:05:24 UTC,end_normal
09ac161a793026b67e7467e91c170613,2026-05-23 14:55:47 UTC,2026-05-23 15:01:21 UTC,2026-05-23 14:56:03 UTC,2,2,3,3,2,NA,3,3,3,3,3,NA,option_2,option_2,option_1,option_2,option_1,7,konservative,3,2,1,2,midtjylland,lang_videre,1976,Kvinde,1839,2026-05-23 14:57:04 UTC,2026-05-23 14:56:54 UTC,2026-05-23 14:56:43 UTC,2026-05-23 14:56:35 UTC,2026-05-23 14:56:17 UTC,2026-05-23 14:56:13 UTC,2026-05-23 14:56:09 UTC,NA,2026-05-23 14:59:51 UTC,2026-05-23 14:59:30 UTC,2026-05-23 14:59:05 UTC,2026-05-23 14:58:45 UTC,2026-05-23 14:58:01 UTC,2026-05-23 14:57:16 UTC,2026-05-23 14:57:10 UTC,2026-05-23 15:01:05 UTC,2026-05-23 15:01:02 UTC,2026-05-23 15:00:49 UTC,2026-05-23 15:00:47 UTC,NA,2026-05-23 15:00:32 UTC,2026-05-23 15:00:30 UTC,2026-05-23 15:00:26 UTC,2026-05-23 15:00:24 UTC,2026-05-23 15:00:19 UTC,2026-05-23 14:59:53 UTC,2026-05-23 14:59:31 UTC,2026-05-23 14:59:07 UTC,2026-05-23 14:58:47 UTC,2026-05-23 14:58:06 UTC,2026-05-23 14:57:29 UTC,2026-05-23 14:57:17 UTC,2026-05-23 14:57:05 UTC,2026-05-23 14:56:18 UTC,2026-05-23 14:55:59 UTC,2026-05-23 14:55:47 UTC,2026-05-23 15:01:08 UTC,2026-05-23 15:01:10 UTC,2026-05-23 15:00:33 UTC,2026-05-23 15:00:01 UTC,end_normal
09fa30ea64cc36b3aa1ec454286cff36,2026-06-19 18:13:36 UTC,2026-06-19 18:17:22 UTC,2026-06-19 18:13:49 UTC,NA,NA,NA,NA,NA,NA,NA,NA,NA,NA,NA,NA,NA,option_2,option_2,option_2,option_2,4,konservative,NA,1,1,2,midtjylland,gymnasial,2005,Kvinde,1869,NA,2026-06-19 18:14:29 UTC,2026-06-19 18:14:12 UTC,2026-06-19 18:14:03 UTC,2026-06-19 18:13:55 UTC,2026-06-19 18:13:54 UTC,2026-06-19 18:13:51 UTC,NA,NA,2026-06-19 18:16:20 UTC,2026-06-19 18:16:00 UTC,2026-06-19 18:15:43 UTC,2026-06-19 18:15:19 UTC,2026-06-19 18:14:46 UTC,2026-06-19 18:14:40 UTC,NA,NA,NA,NA,NA,NA,NA,NA,NA,NA,NA,2026-06-19 18:16:20 UTC,2026-06-19 18:16:01 UTC,2026-06-19 18:15:43 UTC,2026-06-19 18:15:20 UTC,2026-06-19 18:14:51 UTC,2026-06-19 18:14:46 UTC,2026-06-19 18:14:30 UTC,2026-06-19 18:13:58 UTC,2026-06-19 18:13:43 UTC,2026-06-19 18:13:36 UTC,NA,NA,NA,NA,cbc_q5_page
0a1b6e050bfae7cbccdb69899ea73903,2026-05-17 19:29:49 UTC,2026-05-17 19:37:56 UTC,2026-05-17 19:30:05 UTC,1,2,2,3,2,NA,1,2,3,2,2,NA,option_1,option_2,option_1,option_2,option_2,8,sf,3,2,NA,3,midtjylland,mellemlang_videre,2000,Kvinde,1247,2026-05-17 19:31:14 UTC,2026-05-17 19:31:00 UTC,NA,2026-05-17 19:30:31 UTC,2026-05-17 19:30:18 UTC,2026-05-17 19:30:14 UTC,2026-05-17 19:30:11 UTC,NA,2026-05-17 19:34:26 UTC,2026-05-17 19:33:57 UTC,2026-05-17 19:33:20 UTC,2026-05-17 19:32:57 UTC,2026-05-17 19:32:18 UTC,2026-05-17 19:31:31 UTC,2026-05-17 19:31:23 UTC,2026-05-17 19:35:46 UTC,2026-05-17 19:35:40 UTC,2026-05-17 19:35:37 UTC,2026-05-17 19:35:33 UTC,NA,2026-05-17 19:35:12 UTC,2026-05-17 19:35:10 UTC,2026-05-17 19:35:07 UTC,2026-05-17 19:34:59 UTC,2026-05-17 19:34:52 UTC,2026-05-17 19:34:27 UTC,2026-05-17 19:33:57 UTC,2026-05-17 19:33:22 UTC,2026-05-17 19:32:57 UTC,2026-05-17 19:32:20 UTC,2026-05-17 19:31:46 UTC,2026-05-17 19:31:31 UTC,2026-05-17 19:31:14 UTC,2026-05-17 19:30:19 UTC,2026-05-17 19:29:58 UTC,2026-05-17 19:29:49 UTC,2026-05-17 19:35:49 UTC,2026-05-17 19:35:50 UTC,2026-05-17 19:35:15 UTC,2026-05-17 19:34:35 UTC,end_normal
0a94dd13cb3716a1beae85cc48477072,2026-05-12 13:40:05 UTC,2026-05-12 13:47:05 UTC,2026-05-12 13:40:14 UTC,2,4,4,4,4,NA,4,4,4,4,4,NA,option_2,option_1,option_2,option_1,option_2,3,venstre,NA,1,NA,1,nordjylland,kort_videre,1985,Mand,1276,NA,2026-05-12 13:40:27 UTC,NA,2026-05-12 13:40:25 UTC,2026-05-12 13:40:21 UTC,2026-05-12 13:40:19 UTC,2026-05-12 13:40:18 UTC,NA,2026-05-12 13:41:28 UTC,2026-05-12 13:41:19 UTC,2026-05-12 13:41:12 UTC,2026-05-12 13:41:04 UTC,2026-05-12 13:40:55 UTC,2026-05-12 13:40:34 UTC,2026-05-12 13:40:33 UTC,2026-05-12 13:42:27 UTC,2026-05-12 13:42:18 UTC,2026-05-12 13:42:16 UTC,2026-05-12 13:42:13 UTC,NA,2026-05-12 13:42:05 UTC,2026-05-12 13:41:59 UTC,2026-05-12 13:41:58 UTC,2026-05-12 13:41:55 UTC,2026-05-12 13:41:40 UTC,2026-05-12 13:41:31 UTC,2026-05-12 13:41:20 UTC,2026-05-12 13:41:15 UTC,2026-05-12 13:41:06 UTC,2026-05-12 13:40:56 UTC,2026-05-12 13:40:43 UTC,2026-05-12 13:40:35 UTC,2026-05-12 13:40:27 UTC,2026-05-12 13:40:22 UTC,2026-05-12 13:40:11 UTC,2026-05-12 13:40:05 UTC,2026-05-12 13:42:26 UTC,2026-05-12 13:42:27 UTC,2026-05-12 13:42:06 UTC,2026-05-12 13:41:34 UTC,end_normal
0a9888ce52f38c0c31f2255ba7f43035,2026-06-19 21:46:22 UTC,2026-06-19 21:52:17 UTC,2026-06-19 21:46:33 UTC,NA,NA,NA,NA,NA,NA,NA,NA,NA,NA,NA,NA,NA,NA,NA,NA,NA,NA,NA,NA,NA,NA,NA,syddanmark,mellemlang_videre,1997,Mand,1318,NA,NA,NA,NA,2026-06-19 21:46:51 UTC,2026-06-19 21:46:45 UTC,2026-06-19 21:46:38 UTC,NA,NA,NA,NA,NA,NA,NA,NA,NA,NA,NA,NA,NA,NA,NA,NA,NA,NA,NA,NA,NA,NA,NA,NA,NA,NA,2026-06-19 21:47:01 UTC,2026-06-19 21:46:29 UTC,2026-06-19 21:46:22 UTC,NA,NA,NA,NA,issue_positions
0adad0653fb739586136e62b46c125c1,2026-05-17 15:47:40 UTC,2026-05-17 15:53:11 UTC,2026-05-17 15:47:59 UTC,2,3,2,2,2,NA,4,4,4,4,4,NA,option_1,option_2,option_1,option_1,option_1,6,socialdemokratiet,NA,1,3,2,syddanmark,kort_videre,1999,Kvinde,1061,NA,2026-05-17 15:48:51 UTC,2026-05-17 15:48:38 UTC,2026-05-17 15:48:24 UTC,2026-05-17 15:48:13 UTC,2026-05-17 15:48:08 UTC,2026-05-17 15:48:02 UTC,NA,2026-05-17 15:51:13 UTC,2026-05-17 15:50:59 UTC,2026-05-17 15:50:41 UTC,2026-05-17 15:50:06 UTC,2026-05-17 15:49:40 UTC,2026-05-17 15:49:04 UTC,2026-05-17 15:48:57 UTC,2026-05-17 15:52:20 UTC,2026-05-17 15:52:20 UTC,2026-05-17 15:52:06 UTC,2026-05-17 15:52:01 UTC,NA,2026-05-17 15:51:53 UTC,2026-05-17 15:51:51 UTC,2026-05-17 15:51:46 UTC,2026-05-17 15:51:43 UTC,2026-05-17 15:51:41 UTC,2026-05-17 15:51:14 UTC,2026-05-17 15:51:02 UTC,2026-05-17 15:50:44 UTC,2026-05-17 15:50:07 UTC,2026-05-17 15:49:40 UTC,2026-05-17 15:49:13 UTC,2026-05-17 15:49:05 UTC,2026-05-17 15:48:51 UTC,2026-05-17 15:48:13 UTC,2026-05-17 15:47:55 UTC,2026-05-17 15:47:40 UTC,2026-05-17 15:52:11 UTC,2026-05-17 15:52:22 UTC,2026-05-17 15:51:53 UTC,2026-05-17 15:51:24 UTC,end_normal
0af2a72546830a2657328844e6b6298f,2026-05-14 06:17:37 UTC,2026-05-14 06:28:44 UTC,2026-05-14 06:17:48 UTC,4,4,4,4,4,NA,2,3,3,3,2,NA,option_2,option_1,option_2,option_1,option_1,6,moderaterne,NA,1,NA,1,hovedstaden,lang_videre,1999,Kvinde,17,NA,2026-05-14 06:18:34 UTC,NA,2026-05-14 06:18:17 UTC,2026-05-14 06:18:04 UTC,2026-05-14 06:18:01 UTC,2026-05-14 06:17:55 UTC,NA,2026-05-14 06:21:42 UTC,2026-05-14 06:21:20 UTC,2026-05-14 06:20:54 UTC,2026-05-14 06:20:36 UTC,2026-05-14 06:19:26 UTC,2026-05-14 06:18:50 UTC,2026-05-14 06:18:43 UTC,2026-05-14 06:23:40 UTC,2026-05-14 06:23:40 UTC,2026-05-14 06:23:40 UTC,2026-05-14 06:23:40 UTC,NA,2026-05-14 06:23:03 UTC,2026-05-14 06:22:48 UTC,2026-05-14 06:22:38 UTC,2026-05-14 06:22:34 UTC,2026-05-14 06:22:19 UTC,2026-05-14 06:21:44 UTC,2026-05-14 06:21:24 UTC,2026-05-14 06:20:58 UTC,2026-05-14 06:20:37 UTC,2026-05-14 06:19:55 UTC,2026-05-14 06:18:59 UTC,2026-05-14 06:18:51 UTC,2026-05-14 06:18:34 UTC,2026-05-14 06:18:06 UTC,2026-05-14 06:17:44 UTC,2026-05-14 06:17:37 UTC,2026-05-14 06:23:40 UTC,2026-05-14 06:23:43 UTC,2026-05-14 06:23:04 UTC,2026-05-14 06:21:53 UTC,end_normal
0b16d4118d0e7742a28dcb746175807f,2026-05-14 07:29:46 UTC,2026-05-14 07:36:59 UTC,2026-05-14 07:30:13 UTC,1,2,3,3,3,NA,1,1,2,2,1,NA,option_1,option_1,option_1,option_1,option_2,5,alternativet,NA,3,NA,3,hovedstaden,lang_videre,2000,Kvinde,1263,NA,2026-05-14 07:30:51 UTC,NA,2026-05-14 07:30:38 UTC,2026-05-14 07:30:28 UTC,2026-05-14 07:30:23 UTC,2026-05-14 07:30:16 UTC,NA,2026-05-14 07:33:54 UTC,2026-05-14 07:33:33 UTC,2026-05-14 07:32:59 UTC,2026-05-14 07:32:22 UTC,2026-05-14 07:31:53 UTC,2026-05-14 07:31:05 UTC,2026-05-14 07:31:00 UTC,2026-05-14 07:35:23 UTC,2026-05-14 07:35:18 UTC,2026-05-14 07:35:11 UTC,2026-05-14 07:35:08 UTC,NA,2026-05-14 07:34:49 UTC,2026-05-14 07:34:45 UTC,2026-05-14 07:34:45 UTC,2026-05-14 07:34:42 UTC,2026-05-14 07:34:29 UTC,2026-05-14 07:33:59 UTC,2026-05-14 07:33:34 UTC,2026-05-14 07:33:01 UTC,2026-05-14 07:32:24 UTC,2026-05-14 07:31:54 UTC,2026-05-14 07:31:29 UTC,2026-05-14 07:31:08 UTC,2026-05-14 07:30:52 UTC,2026-05-14 07:30:29 UTC,2026-05-14 07:30:08 UTC,2026-05-14 07:29:46 UTC,2026-05-14 07:35:24 UTC,2026-05-14 07:35:26 UTC,2026-05-14 07:34:55 UTC,2026-05-14 07:34:08 UTC,end_normal
0b38486d3e4c93a742dd31daf58083d7,2026-06-20 23:48:51 UTC,2026-06-20 23:52:06 UTC,2026-06-20 23:49:05 UTC,NA,NA,NA,NA,NA,NA,NA,NA,NA,NA,NA,NA,NA,NA,NA,NA,NA,5,liberal_alliance,1,2,3,2,sjaelland,mellemlang_videre,1982,Kvinde,1646,2026-06-20 23:50:57 UTC,2026-06-20 23:50:41 UTC,2026-06-20 23:50:02 UTC,2026-06-20 23:49:46 UTC,2026-06-20 23:49:27 UTC,2026-06-20 23:49:22 UTC,2026-06-20 23:49:15 UTC,NA,NA,NA,NA,NA,NA,2026-06-20 23:51:17 UTC,2026-06-20 23:51:06 UTC,NA,NA,NA,NA,NA,NA,NA,NA,NA,NA,NA,NA,NA,NA,NA,2026-06-20 23:51:26 UTC,2026-06-20 23:51:19 UTC,2026-06-20 23:50:58 UTC,2026-06-20 23:49:28 UTC,2026-06-20 23:49:00 UTC,2026-06-20 23:48:51 UTC,NA,NA,NA,NA,cbc_q1_page
0b38b3593b5f79791b0b485a494a7f37,2026-05-19 20:24:36 UTC,2026-05-19 20:30:06 UTC,2026-05-19 20:24:58 UTC,1,1,1,2,1,NA,2,2,1,2,1,NA,option_2,option_1,option_1,option_1,option_2,2,sf,3,2,1,2,sjaelland,gymnasial,2005,Kvinde,836,2026-05-19 20:26:00 UTC,2026-05-19 20:25:52 UTC,2026-05-19 20:25:35 UTC,2026-05-19 20:25:26 UTC,2026-05-19 20:25:13 UTC,2026-05-19 20:25:09 UTC,2026-05-19 20:25:00 UTC,NA,2026-05-19 20:28:26 UTC,2026-05-19 20:28:13 UTC,2026-05-19 20:27:40 UTC,2026-05-19 20:27:15 UTC,2026-05-19 20:26:44 UTC,2026-05-19 20:26:13 UTC,2026-05-19 20:26:06 UTC,2026-05-19 20:29:38 UTC,2026-05-19 20:29:34 UTC,2026-05-19 20:29:30 UTC,2026-05-19 20:29:25 UTC,NA,2026-05-19 20:29:17 UTC,2026-05-19 20:29:12 UTC,2026-05-19 20:29:05 UTC,2026-05-19 20:28:56 UTC,2026-05-19 20:28:54 UTC,2026-05-19 20:28:30 UTC,2026-05-19 20:28:15 UTC,2026-05-19 20:27:42 UTC,2026-05-19 20:27:18 UTC,2026-05-19 20:26:44 UTC,2026-05-19 20:26:17 UTC,2026-05-19 20:26:14 UTC,2026-05-19 20:26:01 UTC,2026-05-19 20:25:14 UTC,2026-05-19 20:24:53 UTC,2026-05-19 20:24:36 UTC,2026-05-19 20:29:40 UTC,2026-05-19 20:29:44 UTC,2026-05-19 20:29:18 UTC,2026-05-19 20:28:39 UTC,end_normal
0b9382093e592dc6a218f27ce58459ee,2026-06-20 06:53:03 UTC,2026-06-20 06:59:16 UTC,2026-06-20 06:53:22 UTC,1,2,1,2,2,NA,1,2,2,2,3,NA,option_1,option_2,option_1,option_1,option_2,6,enhedslisten,3,2,NA,3,midtjylland,mellemlang_videre,1953,Kvinde,628,2026-06-20 06:54:14 UTC,2026-06-20 06:54:07 UTC,NA,2026-06-20 06:53:59 UTC,2026-06-20 06:53:50 UTC,2026-06-20 06:53:47 UTC,2026-06-20 06:53:31 UTC,NA,2026-06-20 06:57:06 UTC,2026-06-20 06:56:26 UTC,2026-06-20 06:56:10 UTC,2026-06-20 06:55:30 UTC,2026-06-20 06:55:07 UTC,2026-06-20 06:54:35 UTC,2026-06-20 06:54:29 UTC,2026-06-20 06:58:42 UTC,2026-06-20 06:58:34 UTC,2026-06-20 06:58:31 UTC,2026-06-20 06:58:30 UTC,NA,2026-06-20 06:58:17 UTC,2026-06-20 06:58:13 UTC,2026-06-20 06:58:11 UTC,2026-06-20 06:58:09 UTC,2026-06-20 06:58:08 UTC,2026-06-20 06:57:10 UTC,2026-06-20 06:56:28 UTC,2026-06-20 06:56:12 UTC,2026-06-20 06:55:32 UTC,2026-06-20 06:55:11 UTC,2026-06-20 06:54:46 UTC,2026-06-20 06:54:36 UTC,2026-06-20 06:54:20 UTC,2026-06-20 06:53:51 UTC,2026-06-20 06:53:18 UTC,2026-06-20 06:53:03 UTC,2026-06-20 06:58:39 UTC,2026-06-20 06:58:44 UTC,2026-06-20 06:58:18 UTC,2026-06-20 06:57:23 UTC,end_normal
0b96cef11919d999a636b9c6c742e22d,2026-05-17 18:06:27 UTC,2026-05-17 18:15:00 UTC,2026-05-17 18:06:50 UTC,1,2,2,2,2,NA,1,2,1,3,2,NA,option_2,option_1,option_2,option_1,option_2,5,venstre,1,2,NA,1,sjaelland,anden,1943,Mand,569,2026-05-17 18:08:24 UTC,2026-05-17 18:08:05 UTC,NA,2026-05-17 18:07:54 UTC,2026-05-17 18:07:36 UTC,2026-05-17 18:07:30 UTC,2026-05-17 18:07:08 UTC,NA,2026-05-17 18:12:15 UTC,2026-05-17 18:11:39 UTC,2026-05-17 18:11:05 UTC,2026-05-17 18:10:35 UTC,2026-05-17 18:09:56 UTC,2026-05-17 18:08:55 UTC,2026-05-17 18:08:45 UTC,2026-05-17 18:14:10 UTC,2026-05-17 18:14:07 UTC,2026-05-17 18:14:05 UTC,2026-05-17 18:14:29 UTC,NA,2026-05-17 18:13:12 UTC,2026-05-17 18:13:08 UTC,2026-05-17 18:13:03 UTC,2026-05-17 18:12:55 UTC,2026-05-17 18:13:39 UTC,2026-05-17 18:12:17 UTC,2026-05-17 18:11:41 UTC,2026-05-17 18:11:08 UTC,2026-05-17 18:10:37 UTC,2026-05-17 18:09:59 UTC,2026-05-17 18:09:06 UTC,2026-05-17 18:08:57 UTC,2026-05-17 18:08:25 UTC,2026-05-17 18:07:38 UTC,2026-05-17 18:06:42 UTC,2026-05-17 18:06:27 UTC,2026-05-17 18:14:12 UTC,2026-05-17 18:14:35 UTC,2026-05-17 18:13:40 UTC,2026-05-17 18:12:23 UTC,end_normal
0ba323b93d0b0d4c92c9ca9b30e4dd5a,2026-05-13 10:09:48 UTC,2026-05-13 10:20:52 UTC,2026-05-13 10:10:00 UTC,2,3,3,4,3,NA,3,5,4,4,4,NA,option_2,option_1,option_1,option_1,option_2,3,dansk_folkeparti,3,2,NA,1,syddanmark,kort_videre,1960,Kvinde,1162,2026-05-13 10:10:38 UTC,2026-05-13 10:10:29 UTC,NA,2026-05-13 10:10:24 UTC,2026-05-13 10:10:16 UTC,2026-05-13 10:10:13 UTC,2026-05-13 10:10:08 UTC,NA,2026-05-13 10:12:48 UTC,2026-05-13 10:12:29 UTC,2026-05-13 10:12:07 UTC,2026-05-13 10:11:46 UTC,2026-05-13 10:11:16 UTC,2026-05-13 10:10:50 UTC,2026-05-13 10:10:47 UTC,2026-05-13 10:14:03 UTC,2026-05-13 10:14:01 UTC,2026-05-13 10:13:59 UTC,2026-05-13 10:13:57 UTC,NA,2026-05-13 10:13:39 UTC,2026-05-13 10:13:38 UTC,2026-05-13 10:13:36 UTC,2026-05-13 10:13:33 UTC,2026-05-13 10:13:33 UTC,2026-05-13 10:12:49 UTC,2026-05-13 10:12:29 UTC,2026-05-13 10:12:08 UTC,2026-05-13 10:11:49 UTC,2026-05-13 10:11:20 UTC,2026-05-13 10:10:57 UTC,2026-05-13 10:10:53 UTC,2026-05-13 10:10:39 UTC,2026-05-13 10:10:17 UTC,2026-05-13 10:09:56 UTC,2026-05-13 10:09:48 UTC,2026-05-13 10:14:04 UTC,2026-05-13 10:14:05 UTC,2026-05-13 10:13:40 UTC,2026-05-13 10:12:56 UTC,end_normal
0bb16f34af5a70d642abfa01b7938981,2026-06-19 20:24:14 UTC,2026-06-19 20:26:34 UTC,2026-06-19 20:24:28 UTC,NA,NA,NA,NA,NA,NA,NA,NA,NA,NA,NA,NA,NA,NA,NA,NA,option_2,5,sf,NA,3,1,2,midtjylland,lang_videre,1947,Kvinde,755,NA,2026-06-19 20:25:20 UTC,2026-06-19 20:25:10 UTC,2026-06-19 20:24:59 UTC,2026-06-19 20:24:40 UTC,2026-06-19 20:24:38 UTC,2026-06-19 20:24:34 UTC,NA,NA,NA,NA,NA,2026-06-19 20:25:57 UTC,2026-06-19 20:25:32 UTC,2026-06-19 20:25:27 UTC,NA,NA,NA,NA,NA,NA,NA,NA,NA,NA,NA,NA,NA,NA,NA,2026-06-19 20:25:37 UTC,2026-06-19 20:25:33 UTC,2026-06-19 20:25:21 UTC,2026-06-19 20:24:40 UTC,2026-06-19 20:24:23 UTC,2026-06-19 20:24:14 UTC,NA,NA,NA,NA,cbc_q1_page
0c3a016b79f69890444da34508002f9e,2026-05-15 20:32:31 UTC,2026-05-15 20:39:28 UTC,2026-05-15 20:32:52 UTC,NA,NA,NA,NA,NA,NA,NA,NA,NA,NA,NA,NA,NA,NA,NA,NA,NA,NA,NA,NA,NA,NA,NA,syddanmark,lang_videre,NA,Mand,936,NA,NA,NA,NA,2026-05-15 20:33:18 UTC,2026-05-15 20:33:11 UTC,NA,NA,NA,NA,NA,NA,NA,NA,NA,NA,NA,NA,NA,NA,NA,NA,NA,NA,NA,NA,NA,NA,NA,NA,NA,NA,NA,NA,2026-05-15 20:32:49 UTC,2026-05-15 20:32:31 UTC,NA,NA,NA,NA,Background
0c8add76cccff114039bf21e14e1b6e1,2026-05-18 04:41:27 UTC,2026-05-18 04:48:15 UTC,2026-05-18 04:41:47 UTC,3,3,3,3,3,NA,3,3,3,3,3,NA,option_2,option_1,option_1,option_1,option_1,7,sf,NA,3,3,2,midtjylland,mellemlang_videre,1965,Kvinde,748,NA,2026-05-18 04:42:41 UTC,2026-05-18 04:42:31 UTC,2026-05-18 04:42:22 UTC,2026-05-18 04:42:02 UTC,2026-05-18 04:41:59 UTC,2026-05-18 04:41:54 UTC,NA,2026-05-18 04:46:02 UTC,2026-05-18 04:45:41 UTC,2026-05-18 04:45:07 UTC,2026-05-18 04:44:45 UTC,2026-05-18 04:43:44 UTC,2026-05-18 04:43:03 UTC,2026-05-18 04:42:49 UTC,2026-05-18 04:47:45 UTC,2026-05-18 04:47:44 UTC,2026-05-18 04:47:42 UTC,2026-05-18 04:47:41 UTC,NA,2026-05-18 04:47:15 UTC,2026-05-18 04:47:06 UTC,2026-05-18 04:47:02 UTC,2026-05-18 04:47:01 UTC,2026-05-18 04:46:51 UTC,2026-05-18 04:46:05 UTC,2026-05-18 04:45:44 UTC,2026-05-18 04:45:09 UTC,2026-05-18 04:44:48 UTC,2026-05-18 04:43:47 UTC,2026-05-18 04:43:14 UTC,2026-05-18 04:43:04 UTC,2026-05-18 04:42:42 UTC,2026-05-18 04:42:05 UTC,2026-05-18 04:41:43 UTC,2026-05-18 04:41:27 UTC,2026-05-18 04:47:45 UTC,2026-05-18 04:47:47 UTC,2026-05-18 04:47:17 UTC,2026-05-18 04:46:14 UTC,end_normal
0d2e738b2834d41cdb75d859ead5e129,2026-06-20 20:30:03 UTC,2026-06-20 20:50:23 UTC,2026-06-20 20:30:23 UTC,1,1,2,2,1,NA,1,1,2,2,1,NA,option_1,option_2,option_1,option_2,option_2,1,venstre,1,2,NA,1,syddanmark,kort_videre,2002,Kvinde,380,2026-06-20 20:31:05 UTC,2026-06-20 20:30:57 UTC,NA,2026-06-20 20:30:47 UTC,2026-06-20 20:30:34 UTC,2026-06-20 20:30:30 UTC,2026-06-20 20:30:26 UTC,NA,2026-06-20 20:33:14 UTC,2026-06-20 20:32:56 UTC,2026-06-20 20:32:42 UTC,2026-06-20 20:32:30 UTC,2026-06-20 20:31:50 UTC,2026-06-20 20:31:19 UTC,2026-06-20 20:31:14 UTC,2026-06-20 20:34:02 UTC,2026-06-20 20:34:14 UTC,2026-06-20 20:34:09 UTC,2026-06-20 20:34:00 UTC,NA,2026-06-20 20:33:46 UTC,2026-06-20 20:33:44 UTC,2026-06-20 20:33:40 UTC,2026-06-20 20:33:36 UTC,2026-06-20 20:33:35 UTC,2026-06-20 20:33:16 UTC,2026-06-20 20:32:58 UTC,2026-06-20 20:32:43 UTC,2026-06-20 20:32:30 UTC,2026-06-20 20:31:51 UTC,2026-06-20 20:31:25 UTC,2026-06-20 20:31:21 UTC,2026-06-20 20:31:06 UTC,2026-06-20 20:30:34 UTC,2026-06-20 20:30:19 UTC,2026-06-20 20:30:03 UTC,2026-06-20 20:34:04 UTC,2026-06-20 20:34:16 UTC,2026-06-20 20:33:52 UTC,2026-06-20 20:33:25 UTC,end_normal
0e263224c91fb0f948bf0ef773f16ad2,2026-05-17 18:24:14 UTC,2026-05-17 18:31:35 UTC,2026-05-17 18:24:25 UTC,5,5,5,5,5,NA,5,5,5,5,5,NA,option_2,option_2,option_2,option_2,option_1,8,moderaterne,3,2,NA,1,sjaelland,kort_videre,1980,Kvinde,1023,2026-05-17 18:26:11 UTC,2026-05-17 18:25:50 UTC,NA,2026-05-17 18:25:27 UTC,2026-05-17 18:25:07 UTC,2026-05-17 18:24:56 UTC,2026-05-17 18:24:34 UTC,NA,2026-05-17 18:29:54 UTC,2026-05-17 18:29:18 UTC,2026-05-17 18:28:50 UTC,2026-05-17 18:28:10 UTC,2026-05-17 18:27:21 UTC,2026-05-17 18:26:28 UTC,2026-05-17 18:26:21 UTC,2026-05-17 18:31:01 UTC,2026-05-17 18:31:00 UTC,2026-05-17 18:30:58 UTC,2026-05-17 18:30:58 UTC,NA,2026-05-17 18:30:42 UTC,2026-05-17 18:30:40 UTC,2026-05-17 18:30:37 UTC,2026-05-17 18:30:35 UTC,2026-05-17 18:30:33 UTC,2026-05-17 18:29:57 UTC,2026-05-17 18:29:18 UTC,2026-05-17 18:28:53 UTC,2026-05-17 18:28:13 UTC,2026-05-17 18:27:24 UTC,2026-05-17 18:26:45 UTC,2026-05-17 18:26:29 UTC,2026-05-17 18:26:12 UTC,2026-05-17 18:25:10 UTC,2026-05-17 18:24:21 UTC,2026-05-17 18:24:14 UTC,2026-05-17 18:31:02 UTC,2026-05-17 18:31:04 UTC,2026-05-17 18:30:43 UTC,2026-05-17 18:30:06 UTC,end_normal
0e3b2b9ec63f22c31e8c8830a1bafb05,2026-05-16 05:48:03 UTC,2026-05-16 05:54:53 UTC,2026-05-16 05:48:31 UTC,3,4,4,4,4,NA,3,4,4,4,4,NA,option_2,option_1,option_1,option_1,option_2,8,socialdemokratiet,3,2,3,2,syddanmark,lang_videre,1964,Kvinde,915,2026-05-16 05:49:33 UTC,2026-05-16 05:49:26 UTC,2026-05-16 05:49:14 UTC,2026-05-16 05:49:07 UTC,2026-05-16 05:48:51 UTC,2026-05-16 05:48:45 UTC,2026-05-16 05:48:40 UTC,NA,2026-05-16 05:52:40 UTC,2026-05-16 05:52:17 UTC,2026-05-16 05:51:58 UTC,2026-05-16 05:51:28 UTC,2026-05-16 05:50:52 UTC,2026-05-16 05:49:52 UTC,2026-05-16 05:49:40 UTC,2026-05-16 05:54:01 UTC,2026-05-16 05:54:00 UTC,2026-05-16 05:53:58 UTC,2026-05-16 05:53:56 UTC,NA,2026-05-16 05:53:41 UTC,2026-05-16 05:53:34 UTC,2026-05-16 05:53:33 UTC,2026-05-16 05:53:24 UTC,2026-05-16 05:53:20 UTC,2026-05-16 05:52:42 UTC,2026-05-16 05:52:22 UTC,2026-05-16 05:52:00 UTC,2026-05-16 05:51:32 UTC,2026-05-16 05:50:53 UTC,2026-05-16 05:49:57 UTC,2026-05-16 05:49:53 UTC,2026-05-16 05:49:37 UTC,2026-05-16 05:48:53 UTC,2026-05-16 05:48:27 UTC,2026-05-16 05:48:03 UTC,2026-05-16 05:54:04 UTC,2026-05-16 05:54:04 UTC,2026-05-16 05:53:42 UTC,2026-05-16 05:52:47 UTC,end_normal
0e4522c3de3207bff0289c75d344d130,2026-06-19 19:26:24 UTC,2026-06-19 19:27:19 UTC,2026-06-19 19:26:37 UTC,NA,NA,NA,NA,NA,NA,NA,NA,NA,NA,NA,NA,NA,NA,NA,NA,NA,NA,NA,NA,NA,1,2,syddanmark,mellemlang_videre,1989,Kvinde,745,NA,NA,2026-06-19 19:26:59 UTC,2026-06-19 19:26:54 UTC,2026-06-19 19:26:43 UTC,2026-06-19 19:26:40 UTC,2026-06-19 19:26:38 UTC,NA,NA,NA,NA,NA,NA,NA,NA,NA,NA,NA,NA,NA,NA,NA,NA,NA,NA,NA,NA,NA,NA,NA,NA,NA,NA,2026-06-19 19:26:43 UTC,2026-06-19 19:26:31 UTC,2026-06-19 19:26:24 UTC,NA,NA,NA,NA,issue_positions
0e731144c021fa3082ede5e2db152455,2026-05-23 20:28:13 UTC,2026-05-23 20:35:39 UTC,2026-05-23 20:28:35 UTC,3,3,3,3,3,NA,3,3,3,3,3,NA,option_1,option_1,option_1,option_2,option_1,5,sf,3,2,NA,1,midtjylland,lang_videre,1953,Kvinde,787,2026-05-23 20:29:52 UTC,2026-05-23 20:29:27 UTC,NA,2026-05-23 20:29:11 UTC,2026-05-23 20:28:58 UTC,2026-05-23 20:28:52 UTC,2026-05-23 20:28:43 UTC,NA,2026-05-23 20:33:25 UTC,2026-05-23 20:32:56 UTC,2026-05-23 20:32:31 UTC,2026-05-23 20:31:46 UTC,2026-05-23 20:30:58 UTC,2026-05-23 20:30:10 UTC,2026-05-23 20:30:01 UTC,2026-05-23 20:35:06 UTC,2026-05-23 20:35:05 UTC,2026-05-23 20:35:04 UTC,2026-05-23 20:35:03 UTC,NA,2026-05-23 20:34:46 UTC,2026-05-23 20:34:45 UTC,2026-05-23 20:34:43 UTC,2026-05-23 20:34:41 UTC,2026-05-23 20:34:38 UTC,2026-05-23 20:33:26 UTC,2026-05-23 20:32:57 UTC,2026-05-23 20:32:33 UTC,2026-05-23 20:31:50 UTC,2026-05-23 20:30:59 UTC,2026-05-23 20:30:26 UTC,2026-05-23 20:30:12 UTC,2026-05-23 20:29:53 UTC,2026-05-23 20:28:59 UTC,2026-05-23 20:28:31 UTC,2026-05-23 20:28:13 UTC,2026-05-23 20:35:07 UTC,2026-05-23 20:35:09 UTC,2026-05-23 20:34:47 UTC,2026-05-23 20:33:37 UTC,end_normal
0e74dc3b993bfdb3dff7e37bc6e74fcf,2026-05-13 16:38:03 UTC,2026-05-13 16:41:32 UTC,2026-05-13 16:38:19 UTC,NA,NA,NA,NA,NA,NA,NA,NA,NA,NA,NA,NA,NA,NA,NA,NA,NA,NA,NA,NA,NA,NA,2,hovedstaden,gymnasial,1999,Kvinde,47,NA,NA,NA,2026-05-13 16:38:35 UTC,2026-05-13 16:38:27 UTC,2026-05-13 16:38:25 UTC,2026-05-13 16:38:22 UTC,NA,NA,NA,NA,NA,NA,NA,NA,NA,NA,NA,NA,NA,NA,NA,NA,NA,NA,NA,NA,NA,NA,NA,NA,NA,NA,2026-05-13 16:38:28 UTC,2026-05-13 16:38:15 UTC,2026-05-13 16:38:03 UTC,NA,NA,NA,NA,issue_positions
0e8afde75567592156567ddca586fc74,2026-05-18 12:48:26 UTC,2026-05-18 12:49:57 UTC,2026-05-18 12:48:56 UTC,NA,NA,NA,NA,NA,NA,NA,NA,NA,NA,NA,NA,NA,NA,NA,NA,NA,NA,NA,NA,NA,NA,NA,NA,NA,1962,Kvinde,1873,NA,NA,NA,NA,NA,NA,2026-05-18 12:49:03 UTC,NA,NA,NA,NA,NA,NA,NA,NA,NA,NA,NA,NA,NA,NA,NA,NA,NA,NA,NA,NA,NA,NA,NA,NA,NA,NA,NA,2026-05-18 12:48:51 UTC,2026-05-18 12:48:26 UTC,NA,NA,NA,NA,Background
0f32363643a2bd4ae4b07324723c246e,2026-06-20 21:27:39 UTC,2026-06-20 21:36:24 UTC,2026-06-20 21:28:01 UTC,1,2,1,1,1,NA,1,2,1,2,2,NA,option_2,option_1,option_2,option_2,option_1,7,sf,NA,3,NA,3,midtjylland,mellemlang_videre,1958,Kvinde,766,NA,2026-06-20 21:29:05 UTC,NA,2026-06-20 21:28:55 UTC,2026-06-20 21:28:34 UTC,2026-06-20 21:28:27 UTC,2026-06-20 21:28:20 UTC,NA,2026-06-20 21:33:02 UTC,2026-06-20 21:32:38 UTC,2026-06-20 21:31:56 UTC,2026-06-20 21:31:18 UTC,2026-06-20 21:30:27 UTC,2026-06-20 21:29:28 UTC,2026-06-20 21:29:16 UTC,2026-06-20 21:35:16 UTC,2026-06-20 21:35:11 UTC,2026-06-20 21:35:08 UTC,2026-06-20 21:35:04 UTC,NA,2026-06-20 21:34:40 UTC,2026-06-20 21:34:35 UTC,2026-06-20 21:34:22 UTC,2026-06-20 21:34:12 UTC,2026-06-20 21:33:51 UTC,2026-06-20 21:33:03 UTC,2026-06-20 21:32:40 UTC,2026-06-20 21:31:58 UTC,2026-06-20 21:31:19 UTC,2026-06-20 21:30:29 UTC,2026-06-20 21:29:42 UTC,2026-06-20 21:29:30 UTC,2026-06-20 21:29:08 UTC,2026-06-20 21:28:38 UTC,2026-06-20 21:27:57 UTC,2026-06-20 21:27:39 UTC,2026-06-20 21:35:20 UTC,2026-06-20 21:35:21 UTC,2026-06-20 21:34:43 UTC,2026-06-20 21:33:16 UTC,end_normal
0fa2ac32f29cf5a8b4fa07601f0cf86c,2026-05-12 12:07:56 UTC,2026-05-12 12:09:30 UTC,2026-05-12 12:08:05 UTC,NA,NA,NA,NA,NA,NA,NA,NA,NA,NA,1,NA,option_2,option_2,option_1,option_1,option_1,4,borgernes_parti,NA,1,NA,1,nordjylland,mellemlang_videre,2003,Kvinde,1119,NA,2026-05-12 12:08:18 UTC,NA,2026-05-12 12:08:17 UTC,2026-05-12 12:08:13 UTC,2026-05-12 12:08:07 UTC,2026-05-12 12:08:06 UTC,NA,2026-05-12 12:09:02 UTC,2026-05-12 12:08:55 UTC,2026-05-12 12:08:51 UTC,2026-05-12 12:08:47 UTC,2026-05-12 12:08:43 UTC,2026-05-12 12:08:36 UTC,2026-05-12 12:08:35 UTC,NA,NA,NA,NA,NA,NA,NA,NA,NA,2026-05-12 12:09:12 UTC,2026-05-12 12:09:02 UTC,2026-05-12 12:08:57 UTC,2026-05-12 12:08:51 UTC,2026-05-12 12:08:48 UTC,2026-05-12 12:08:44 UTC,2026-05-12 12:08:39 UTC,2026-05-12 12:08:36 UTC,2026-05-12 12:08:19 UTC,2026-05-12 12:08:13 UTC,2026-05-12 12:08:01 UTC,2026-05-12 12:07:56 UTC,NA,NA,NA,2026-05-12 12:09:05 UTC,single_profile_1
0fbb28ba68dfa188d964b48c4c69ee89,2026-06-20 10:03:51 UTC,2026-06-20 10:08:09 UTC,2026-06-20 10:04:05 UTC,NA,NA,NA,NA,NA,NA,NA,NA,NA,NA,NA,NA,option_2,option_2,option_1,option_1,option_1,8,socialdemokratiet,3,2,NA,1,syddanmark,gymnasial,1964,Mand,1847,2026-06-20 10:05:15 UTC,2026-06-20 10:05:03 UTC,NA,2026-06-20 10:04:50 UTC,2026-06-20 10:04:35 UTC,2026-06-20 10:04:29 UTC,2026-06-20 10:04:13 UTC,NA,2026-06-20 10:07:32 UTC,2026-06-20 10:07:20 UTC,2026-06-20 10:07:06 UTC,2026-06-20 10:06:42 UTC,2026-06-20 10:06:36 UTC,2026-06-20 10:05:37 UTC,2026-06-20 10:05:30 UTC,NA,NA,NA,NA,NA,NA,NA,NA,NA,NA,2026-06-20 10:07:36 UTC,2026-06-20 10:07:21 UTC,2026-06-20 10:07:07 UTC,2026-06-20 10:06:43 UTC,2026-06-20 10:06:37 UTC,NA,2026-06-20 10:05:38 UTC,2026-06-20 10:05:17 UTC,2026-06-20 10:04:36 UTC,2026-06-20 10:04:01 UTC,2026-06-20 10:03:51 UTC,NA,NA,NA,2026-06-20 10:07:46 UTC,single_profile_1
0ffc9a5ca7a5a64afac853603bccd260,2026-06-19 20:16:47 UTC,2026-06-19 20:27:04 UTC,2026-06-19 20:17:01 UTC,3,3,3,3,3,NA,1,1,1,3,1,NA,option_1,option_2,option_2,option_2,option_2,2,konservative,1,2,1,2,midtjylland,lang_videre,1962,Kvinde,640,2026-06-19 20:18:10 UTC,2026-06-19 20:18:00 UTC,2026-06-19 20:17:51 UTC,2026-06-19 20:17:32 UTC,2026-06-19 20:17:20 UTC,2026-06-19 20:17:15 UTC,2026-06-19 20:17:09 UTC,NA,2026-06-19 20:21:02 UTC,2026-06-19 20:20:45 UTC,2026-06-19 20:20:25 UTC,2026-06-19 20:19:48 UTC,2026-06-19 20:19:16 UTC,2026-06-19 20:18:24 UTC,2026-06-19 20:18:18 UTC,2026-06-19 20:22:47 UTC,2026-06-19 20:22:39 UTC,2026-06-19 20:22:31 UTC,2026-06-19 20:22:26 UTC,NA,2026-06-19 20:21:56 UTC,2026-06-19 20:21:54 UTC,2026-06-19 20:22:08 UTC,2026-06-19 20:21:36 UTC,2026-06-19 20:21:26 UTC,2026-06-19 20:21:02 UTC,2026-06-19 20:20:46 UTC,2026-06-19 20:20:25 UTC,2026-06-19 20:19:52 UTC,2026-06-19 20:19:16 UTC,2026-06-19 20:18:36 UTC,2026-06-19 20:18:25 UTC,2026-06-19 20:18:13 UTC,2026-06-19 20:17:25 UTC,NA,2026-06-19 20:16:47 UTC,2026-06-19 20:22:48 UTC,2026-06-19 20:22:50 UTC,2026-06-19 20:22:09 UTC,2026-06-19 20:21:12 UTC,end_normal
100480d51e640e9e4fbe8d43c346afb4,2026-06-16 19:28:24 UTC,2026-06-16 19:35:26 UTC,2026-06-16 19:28:39 UTC,2,3,2,2,3,NA,2,2,4,4,2,NA,option_1,option_1,option_2,option_2,option_1,5,liberal_alliance,3,2,NA,1,sjaelland,mellemlang_videre,1992,Kvinde,1660,2026-06-16 19:30:01 UTC,2026-06-16 19:29:14 UTC,NA,2026-06-16 19:28:56 UTC,2026-06-16 19:28:48 UTC,2026-06-16 19:28:45 UTC,2026-06-16 19:28:42 UTC,NA,2026-06-16 19:33:30 UTC,2026-06-16 19:32:50 UTC,2026-06-16 19:31:57 UTC,2026-06-16 19:31:31 UTC,2026-06-16 19:31:07 UTC,2026-06-16 19:30:20 UTC,2026-06-16 19:30:08 UTC,2026-06-16 19:35:00 UTC,2026-06-16 19:34:55 UTC,2026-06-16 19:34:51 UTC,2026-06-16 19:34:46 UTC,NA,2026-06-16 19:34:27 UTC,2026-06-16 19:34:17 UTC,2026-06-16 19:34:13 UTC,2026-06-16 19:34:09 UTC,2026-06-16 19:34:32 UTC,2026-06-16 19:33:31 UTC,2026-06-16 19:32:52 UTC,2026-06-16 19:31:59 UTC,2026-06-16 19:31:32 UTC,2026-06-16 19:31:07 UTC,2026-06-16 19:30:28 UTC,2026-06-16 19:30:20 UTC,2026-06-16 19:30:02 UTC,2026-06-16 19:28:48 UTC,2026-06-16 19:28:35 UTC,2026-06-16 19:28:24 UTC,2026-06-16 19:35:01 UTC,2026-06-16 19:35:01 UTC,2026-06-16 19:34:34 UTC,2026-06-16 19:33:38 UTC,end_normal
102db3f0767a31fff5031d7d71ef34fc,2026-05-13 15:15:58 UTC,2026-05-13 15:21:33 UTC,2026-05-13 15:16:15 UTC,1,5,4,3,4,NA,1,3,4,3,2,NA,option_1,option_2,option_2,option_1,option_1,6,alternativet,NA,3,NA,3,syddanmark,gymnasial,2006,Onsker_ikke,803,NA,2026-05-13 15:16:40 UTC,NA,2026-05-13 15:16:33 UTC,2026-05-13 15:16:25 UTC,2026-05-13 15:16:22 UTC,2026-05-13 15:16:17 UTC,NA,2026-05-13 15:19:15 UTC,2026-05-13 15:19:00 UTC,2026-05-13 15:18:21 UTC,2026-05-13 15:17:59 UTC,2026-05-13 15:17:42 UTC,2026-05-13 15:17:00 UTC,2026-05-13 15:16:50 UTC,2026-05-13 15:20:59 UTC,2026-05-13 15:20:56 UTC,2026-05-13 15:20:54 UTC,2026-05-13 15:20:49 UTC,NA,2026-05-13 15:20:14 UTC,2026-05-13 15:20:25 UTC,2026-05-13 15:19:57 UTC,2026-05-13 15:19:45 UTC,2026-05-13 15:19:39 UTC,2026-05-13 15:19:17 UTC,2026-05-13 15:19:01 UTC,2026-05-13 15:18:24 UTC,2026-05-13 15:18:04 UTC,2026-05-13 15:17:43 UTC,2026-05-13 15:17:09 UTC,2026-05-13 15:17:01 UTC,2026-05-13 15:16:40 UTC,2026-05-13 15:16:26 UTC,2026-05-13 15:16:11 UTC,2026-05-13 15:15:58 UTC,2026-05-13 15:21:02 UTC,2026-05-13 15:21:04 UTC,2026-05-13 15:20:29 UTC,2026-05-13 15:19:25 UTC,end_normal
1046008667324c3eb09bcf854385ca54,2026-06-19 18:19:56 UTC,2026-06-19 18:25:33 UTC,2026-06-19 18:20:24 UTC,3,3,3,3,3,NA,3,3,3,3,3,NA,option_1,option_1,NA,option_1,option_2,0,dansk_folkeparti,1,2,NA,1,midtjylland,erhvervsuddannelse,1982,Kvinde,1805,2026-06-19 18:21:26 UTC,2026-06-19 18:21:11 UTC,NA,2026-06-19 18:20:58 UTC,2026-06-19 18:20:46 UTC,2026-06-19 18:20:40 UTC,2026-06-19 18:20:28 UTC,NA,2026-06-19 18:24:06 UTC,2026-06-19 18:23:35 UTC,NA,2026-06-19 18:22:39 UTC,2026-06-19 18:22:21 UTC,2026-06-19 18:21:44 UTC,2026-06-19 18:21:37 UTC,2026-06-19 18:25:07 UTC,2026-06-19 18:25:07 UTC,2026-06-19 18:25:07 UTC,2026-06-19 18:25:07 UTC,NA,2026-06-19 18:24:52 UTC,2026-06-19 18:24:50 UTC,2026-06-19 18:24:48 UTC,2026-06-19 18:24:46 UTC,2026-06-19 18:24:45 UTC,2026-06-19 18:24:08 UTC,2026-06-19 18:23:36 UTC,NA,2026-06-19 18:22:40 UTC,2026-06-19 18:22:22 UTC,2026-06-19 18:21:50 UTC,2026-06-19 18:21:45 UTC,2026-06-19 18:21:29 UTC,2026-06-19 18:20:47 UTC,2026-06-19 18:20:19 UTC,2026-06-19 18:19:56 UTC,2026-06-19 18:25:07 UTC,2026-06-19 18:25:08 UTC,2026-06-19 18:24:53 UTC,NA,end_normal
108b00ca5ffcda52c566a7f4721e8264,2026-05-15 06:34:20 UTC,2026-05-15 06:35:04 UTC,2026-05-15 06:34:30 UTC,NA,NA,NA,NA,NA,NA,NA,NA,NA,NA,NA,NA,NA,NA,NA,NA,NA,NA,NA,NA,NA,NA,NA,NA,NA,1999,Kvinde,411,NA,NA,NA,NA,NA,NA,2026-05-15 06:34:33 UTC,NA,NA,NA,NA,NA,NA,NA,NA,NA,NA,NA,NA,NA,NA,NA,NA,NA,NA,NA,NA,NA,NA,NA,NA,NA,NA,NA,2026-05-15 06:34:26 UTC,2026-05-15 06:34:20 UTC,NA,NA,NA,NA,Background
10ae9504cb185712d81d9fa0ca7407fb,2026-05-23 13:31:16 UTC,2026-05-23 13:32:07 UTC,NA,NA,NA,NA,NA,NA,NA,NA,NA,NA,NA,NA,NA,NA,NA,NA,NA,NA,NA,NA,NA,NA,NA,NA,NA,NA,NA,NA,749,NA,NA,NA,NA,NA,NA,NA,NA,NA,NA,NA,NA,NA,NA,NA,NA,NA,NA,NA,NA,NA,NA,NA,NA,NA,NA,NA,NA,NA,NA,NA,NA,NA,NA,2026-05-23 13:31:30 UTC,2026-05-23 13:31:16 UTC,NA,NA,NA,NA,Background
10d21e1c2b6b9b6cb244c7c5d54dce07,2026-05-16 08:10:29 UTC,2026-05-16 08:17:43 UTC,2026-05-16 08:10:47 UTC,2,2,3,4,2,NA,4,4,4,4,4,NA,option_2,option_2,option_1,option_2,option_2,9,socialdemokratiet,3,2,1,2,sjaelland,grundskole,1980,Mand,746,2026-05-16 08:11:36 UTC,2026-05-16 08:11:32 UTC,2026-05-16 08:11:23 UTC,2026-05-16 08:11:10 UTC,2026-05-16 08:10:57 UTC,2026-05-16 08:10:53 UTC,2026-05-16 08:10:50 UTC,NA,2026-05-16 08:15:44 UTC,2026-05-16 08:15:31 UTC,2026-05-16 08:13:44 UTC,2026-05-16 08:13:16 UTC,2026-05-16 08:12:47 UTC,2026-05-16 08:11:47 UTC,2026-05-16 08:11:43 UTC,2026-05-16 08:17:09 UTC,2026-05-16 08:17:04 UTC,2026-05-16 08:17:02 UTC,2026-05-16 08:16:57 UTC,NA,2026-05-16 08:16:43 UTC,2026-05-16 08:16:42 UTC,2026-05-16 08:16:38 UTC,2026-05-16 08:16:35 UTC,2026-05-16 08:16:35 UTC,2026-05-16 08:15:46 UTC,2026-05-16 08:15:31 UTC,2026-05-16 08:13:47 UTC,2026-05-16 08:13:22 UTC,2026-05-16 08:12:51 UTC,2026-05-16 08:12:02 UTC,2026-05-16 08:11:48 UTC,2026-05-16 08:11:37 UTC,2026-05-16 08:10:57 UTC,2026-05-16 08:10:43 UTC,2026-05-16 08:10:29 UTC,2026-05-16 08:17:12 UTC,2026-05-16 08:17:15 UTC,2026-05-16 08:16:45 UTC,2026-05-16 08:15:53 UTC,end_normal
10d2c6014daf9d94da596a0a1b10d58b,2026-05-13 17:08:03 UTC,2026-05-13 17:13:13 UTC,2026-05-13 17:08:18 UTC,3,3,3,3,3,NA,3,3,3,3,3,NA,option_2,option_1,option_1,option_1,option_2,5,stemte_ikke,1,2,1,2,hovedstaden,mellemlang_videre,1966,Mand,1514,2026-05-13 17:09:18 UTC,2026-05-13 17:09:10 UTC,2026-05-13 17:08:58 UTC,2026-05-13 17:08:51 UTC,2026-05-13 17:08:39 UTC,2026-05-13 17:08:35 UTC,2026-05-13 17:08:27 UTC,NA,2026-05-13 17:11:28 UTC,2026-05-13 17:11:16 UTC,2026-05-13 17:10:57 UTC,2026-05-13 17:10:38 UTC,2026-05-13 17:10:20 UTC,2026-05-13 17:09:39 UTC,2026-05-13 17:09:31 UTC,2026-05-13 17:12:32 UTC,2026-05-13 17:12:29 UTC,2026-05-13 17:12:29 UTC,2026-05-13 17:12:28 UTC,NA,2026-05-13 17:12:14 UTC,2026-05-13 17:12:11 UTC,2026-05-13 17:12:07 UTC,2026-05-13 17:12:04 UTC,2026-05-13 17:12:01 UTC,2026-05-13 17:11:33 UTC,2026-05-13 17:11:17 UTC,2026-05-13 17:10:59 UTC,2026-05-13 17:10:40 UTC,2026-05-13 17:10:23 UTC,2026-05-13 17:09:48 UTC,2026-05-13 17:09:44 UTC,2026-05-13 17:09:21 UTC,2026-05-13 17:08:43 UTC,2026-05-13 17:08:13 UTC,2026-05-13 17:08:03 UTC,2026-05-13 17:12:33 UTC,2026-05-13 17:12:34 UTC,2026-05-13 17:12:15 UTC,2026-05-13 17:11:43 UTC,end_normal
10d80ab532101d9d936608827a7f484e,2026-05-13 09:38:42 UTC,2026-05-13 09:46:02 UTC,2026-05-13 09:38:54 UTC,1,2,3,3,3,NA,1,1,1,3,1,NA,option_2,option_1,option_1,option_2,option_1,2,moderaterne,3,2,NA,3,hovedstaden,kort_videre,1975,Kvinde,124,2026-05-13 09:39:53 UTC,2026-05-13 09:39:44 UTC,NA,2026-05-13 09:39:35 UTC,2026-05-13 09:39:12 UTC,2026-05-13 09:39:08 UTC,2026-05-13 09:39:04 UTC,NA,2026-05-13 09:44:01 UTC,2026-05-13 09:43:19 UTC,2026-05-13 09:42:07 UTC,2026-05-13 09:41:12 UTC,2026-05-13 09:40:48 UTC,2026-05-13 09:40:07 UTC,2026-05-13 09:39:59 UTC,2026-05-13 09:45:32 UTC,2026-05-13 09:45:27 UTC,2026-05-13 09:45:16 UTC,2026-05-13 09:45:14 UTC,NA,2026-05-13 09:44:57 UTC,2026-05-13 09:44:56 UTC,2026-05-13 09:44:54 UTC,2026-05-13 09:44:40 UTC,2026-05-13 09:44:48 UTC,2026-05-13 09:44:02 UTC,2026-05-13 09:43:22 UTC,2026-05-13 09:42:08 UTC,2026-05-13 09:41:16 UTC,2026-05-13 09:40:50 UTC,2026-05-13 09:40:23 UTC,2026-05-13 09:40:08 UTC,2026-05-13 09:39:53 UTC,2026-05-13 09:39:12 UTC,2026-05-13 09:38:50 UTC,2026-05-13 09:38:42 UTC,2026-05-13 09:45:40 UTC,2026-05-13 09:45:41 UTC,2026-05-13 09:44:59 UTC,2026-05-13 09:44:11 UTC,end_normal
112d9d837f15a62c64e6828253914525,2026-06-21 05:47:18 UTC,2026-06-21 05:48:25 UTC,2026-06-21 05:47:31 UTC,NA,NA,NA,NA,NA,NA,NA,NA,NA,NA,NA,NA,NA,NA,NA,NA,NA,NA,NA,NA,NA,NA,NA,NA,grundskole,2008,Mand,1519,NA,NA,NA,NA,NA,2026-06-21 05:47:49 UTC,2026-06-21 05:47:42 UTC,NA,NA,NA,NA,NA,NA,NA,NA,NA,NA,NA,NA,NA,NA,NA,NA,NA,NA,NA,NA,NA,NA,NA,NA,NA,NA,NA,2026-06-21 05:47:26 UTC,2026-06-21 05:47:18 UTC,NA,NA,NA,NA,Background
11cb363c6e1fa64af203a6d2f0bdaeac,2026-06-19 20:40:54 UTC,2026-06-19 20:43:23 UTC,2026-06-19 20:41:33 UTC,NA,NA,NA,NA,NA,NA,NA,NA,NA,NA,NA,NA,NA,NA,NA,NA,NA,NA,NA,NA,NA,NA,NA,sjaelland,mellemlang_videre,2004,Kvinde,982,NA,NA,NA,NA,2026-06-19 20:42:13 UTC,2026-06-19 20:42:04 UTC,2026-06-19 20:41:35 UTC,NA,NA,NA,NA,NA,NA,NA,NA,NA,NA,NA,NA,NA,NA,NA,NA,NA,NA,NA,NA,NA,NA,NA,NA,NA,NA,2026-06-19 20:42:16 UTC,2026-06-19 20:41:19 UTC,2026-06-19 20:40:54 UTC,NA,NA,NA,NA,issue_positions
1277c2c7edbd1fbe06a9baf1c87aadcb,2026-05-19 16:13:09 UTC,2026-05-19 16:20:29 UTC,2026-05-19 16:13:24 UTC,4,4,4,4,4,NA,4,4,4,4,4,NA,option_1,option_1,option_1,option_1,option_2,4,enhedslisten,3,2,NA,1,sjaelland,kort_videre,1959,Mand,1838,2026-05-19 16:15:02 UTC,2026-05-19 16:14:34 UTC,NA,2026-05-19 16:14:20 UTC,2026-05-19 16:14:05 UTC,2026-05-19 16:13:55 UTC,2026-05-19 16:13:39 UTC,NA,2026-05-19 16:18:51 UTC,2026-05-19 16:18:18 UTC,2026-05-19 16:17:57 UTC,2026-05-19 16:17:03 UTC,2026-05-19 16:16:39 UTC,2026-05-19 16:15:16 UTC,2026-05-19 16:15:48 UTC,2026-05-19 16:20:02 UTC,2026-05-19 16:20:04 UTC,2026-05-19 16:19:58 UTC,2026-05-19 16:19:56 UTC,NA,2026-05-19 16:19:32 UTC,2026-05-19 16:19:29 UTC,2026-05-19 16:19:27 UTC,2026-05-19 16:19:21 UTC,2026-05-19 16:19:15 UTC,2026-05-19 16:18:55 UTC,2026-05-19 16:18:22 UTC,2026-05-19 16:17:59 UTC,2026-05-19 16:17:08 UTC,2026-05-19 16:16:46 UTC,2026-05-19 16:16:00 UTC,2026-05-19 16:15:55 UTC,2026-05-19 16:15:03 UTC,2026-05-19 16:14:07 UTC,2026-05-19 16:13:18 UTC,2026-05-19 16:13:09 UTC,2026-05-19 16:20:01 UTC,2026-05-19 16:20:07 UTC,2026-05-19 16:19:36 UTC,2026-05-19 16:19:01 UTC,end_normal
1279ef07807867fe30a6b0c6a1bdfffc,2026-05-14 11:28:51 UTC,2026-05-14 11:39:53 UTC,2026-05-14 11:29:02 UTC,5,5,5,5,5,NA,5,5,5,5,5,NA,option_2,option_1,option_1,option_2,option_1,5,radikale,3,2,3,2,hovedstaden,mellemlang_videre,2001,Mand,1856,2026-05-14 11:30:27 UTC,2026-05-14 11:30:14 UTC,2026-05-14 11:30:01 UTC,2026-05-14 11:29:44 UTC,2026-05-14 11:29:13 UTC,2026-05-14 11:29:09 UTC,2026-05-14 11:29:05 UTC,NA,2026-05-14 11:35:00 UTC,2026-05-14 11:34:42 UTC,2026-05-14 11:34:20 UTC,2026-05-14 11:34:06 UTC,2026-05-14 11:31:59 UTC,2026-05-14 11:31:03 UTC,2026-05-14 11:30:40 UTC,2026-05-14 11:39:29 UTC,2026-05-14 11:39:26 UTC,2026-05-14 11:39:24 UTC,2026-05-14 11:39:23 UTC,NA,2026-05-14 11:39:14 UTC,2026-05-14 11:39:12 UTC,2026-05-14 11:39:10 UTC,2026-05-14 11:39:07 UTC,2026-05-14 11:39:06 UTC,2026-05-14 11:35:02 UTC,2026-05-14 11:34:43 UTC,2026-05-14 11:34:21 UTC,2026-05-14 11:34:10 UTC,2026-05-14 11:32:15 UTC,2026-05-14 11:31:24 UTC,2026-05-14 11:31:08 UTC,2026-05-14 11:30:32 UTC,2026-05-14 11:29:13 UTC,2026-05-14 11:28:58 UTC,2026-05-14 11:28:51 UTC,2026-05-14 11:39:31 UTC,2026-05-14 11:39:33 UTC,2026-05-14 11:39:18 UTC,2026-05-14 11:35:11 UTC,end_normal
12f9f2cedfc5f8e84ff404df734febea,2026-06-19 19:13:20 UTC,2026-06-19 19:23:09 UTC,2026-06-19 19:13:35 UTC,5,5,5,5,5,NA,1,4,3,3,2,NA,option_2,option_1,option_2,option_2,option_1,8,sf,NA,3,NA,3,syddanmark,mellemlang_videre,1953,Kvinde,295,NA,2026-06-19 19:14:25 UTC,NA,2026-06-19 19:14:14 UTC,2026-06-19 19:13:56 UTC,2026-06-19 19:13:50 UTC,2026-06-19 19:13:44 UTC,NA,2026-06-19 19:18:59 UTC,2026-06-19 19:18:03 UTC,2026-06-19 19:17:14 UTC,2026-06-19 19:16:11 UTC,2026-06-19 19:15:40 UTC,2026-06-19 19:14:39 UTC,2026-06-19 19:14:32 UTC,2026-06-19 19:20:42 UTC,2026-06-19 19:20:39 UTC,2026-06-19 19:20:38 UTC,2026-06-19 19:20:37 UTC,NA,2026-06-19 19:20:07 UTC,2026-06-19 19:20:02 UTC,2026-06-19 19:19:53 UTC,2026-06-19 19:19:50 UTC,2026-06-19 19:19:46 UTC,2026-06-19 19:18:59 UTC,2026-06-19 19:18:04 UTC,2026-06-19 19:17:26 UTC,2026-06-19 19:16:24 UTC,2026-06-19 19:15:41 UTC,2026-06-19 19:15:03 UTC,2026-06-19 19:14:43 UTC,2026-06-19 19:14:26 UTC,2026-06-19 19:13:57 UTC,2026-06-19 19:13:31 UTC,2026-06-19 19:13:20 UTC,2026-06-19 19:20:44 UTC,2026-06-19 19:20:45 UTC,2026-06-19 19:20:08 UTC,2026-06-19 19:19:19 UTC,end_normal
13088ad2780a30e8b3df1e61e60f95d4,2026-05-23 16:34:25 UTC,2026-05-23 16:35:35 UTC,NA,NA,NA,NA,NA,NA,NA,NA,NA,NA,NA,NA,NA,NA,NA,NA,NA,NA,NA,NA,NA,NA,NA,NA,NA,NA,NA,NA,1689,NA,NA,NA,NA,NA,NA,NA,NA,NA,NA,NA,NA,NA,NA,NA,NA,NA,NA,NA,NA,NA,NA,NA,NA,NA,NA,NA,NA,NA,NA,NA,NA,NA,NA,2026-05-23 16:34:32 UTC,2026-05-23 16:34:25 UTC,NA,NA,NA,NA,Background
1312ab2da0dfffa98fba02f5f4cbd930,2026-05-23 14:23:43 UTC,2026-05-23 14:29:58 UTC,2026-05-23 14:24:08 UTC,2,4,4,4,4,NA,1,2,2,4,2,NA,option_1,option_2,option_2,option_2,option_1,2,dansk_folkeparti,3,2,NA,1,midtjylland,mellemlang_videre,1963,Kvinde,1013,2026-05-23 14:25:04 UTC,2026-05-23 14:24:52 UTC,NA,2026-05-23 14:24:41 UTC,2026-05-23 14:24:30 UTC,2026-05-23 14:24:23 UTC,2026-05-23 14:24:18 UTC,NA,2026-05-23 14:27:48 UTC,2026-05-23 14:27:22 UTC,2026-05-23 14:27:02 UTC,2026-05-23 14:26:43 UTC,2026-05-23 14:26:03 UTC,2026-05-23 14:25:23 UTC,2026-05-23 14:25:16 UTC,2026-05-23 14:29:20 UTC,2026-05-23 14:29:16 UTC,2026-05-23 14:29:13 UTC,2026-05-23 14:29:09 UTC,NA,2026-05-23 14:28:51 UTC,2026-05-23 14:28:48 UTC,2026-05-23 14:28:44 UTC,2026-05-23 14:28:41 UTC,2026-05-23 14:28:36 UTC,2026-05-23 14:27:49 UTC,2026-05-23 14:27:25 UTC,2026-05-23 14:27:04 UTC,2026-05-23 14:26:46 UTC,2026-05-23 14:26:06 UTC,2026-05-23 14:25:36 UTC,2026-05-23 14:25:25 UTC,2026-05-23 14:25:06 UTC,2026-05-23 14:24:31 UTC,2026-05-23 14:24:04 UTC,2026-05-23 14:23:43 UTC,2026-05-23 14:29:25 UTC,2026-05-23 14:29:26 UTC,2026-05-23 14:28:53 UTC,2026-05-23 14:27:53 UTC,end_normal
13208ead3a003ae5b62b3b2974a8bdcd,2026-05-15 19:25:53 UTC,2026-05-15 19:34:43 UTC,2026-05-15 19:26:29 UTC,3,3,3,3,3,NA,3,3,3,3,3,NA,option_1,option_1,option_2,option_1,option_1,4,konservative,1,2,NA,1,sjaelland,mellemlang_videre,1985,Kvinde,99,2026-05-15 19:27:36 UTC,2026-05-15 19:27:22 UTC,NA,2026-05-15 19:27:09 UTC,2026-05-15 19:26:49 UTC,2026-05-15 19:26:41 UTC,2026-05-15 19:26:33 UTC,NA,2026-05-15 19:32:15 UTC,2026-05-15 19:31:24 UTC,2026-05-15 19:30:46 UTC,2026-05-15 19:29:41 UTC,2026-05-15 19:29:15 UTC,2026-05-15 19:28:09 UTC,2026-05-15 19:27:57 UTC,2026-05-15 19:34:01 UTC,2026-05-15 19:34:00 UTC,2026-05-15 19:33:58 UTC,2026-05-15 19:33:58 UTC,NA,2026-05-15 19:33:41 UTC,2026-05-15 19:33:39 UTC,2026-05-15 19:33:34 UTC,2026-05-15 19:33:30 UTC,2026-05-15 19:33:21 UTC,2026-05-15 19:32:17 UTC,2026-05-15 19:31:27 UTC,2026-05-15 19:30:48 UTC,2026-05-15 19:29:44 UTC,2026-05-15 19:29:20 UTC,2026-05-15 19:28:25 UTC,2026-05-15 19:28:10 UTC,2026-05-15 19:27:37 UTC,2026-05-15 19:26:50 UTC,2026-05-15 19:26:21 UTC,2026-05-15 19:25:53 UTC,2026-05-15 19:34:02 UTC,2026-05-15 19:34:03 UTC,2026-05-15 19:33:45 UTC,2026-05-15 19:32:34 UTC,end_normal
1324e18c7fcd483f8fe543b57b68cabc,2026-05-23 19:15:48 UTC,2026-05-23 19:18:40 UTC,2026-05-23 19:16:10 UTC,NA,NA,NA,NA,NA,NA,NA,NA,NA,NA,NA,NA,NA,NA,NA,NA,NA,5,moderaterne,3,2,NA,1,midtjylland,mellemlang_videre,1978,Kvinde,1961,2026-05-23 19:17:22 UTC,2026-05-23 19:16:50 UTC,NA,2026-05-23 19:16:41 UTC,2026-05-23 19:16:27 UTC,2026-05-23 19:16:24 UTC,2026-05-23 19:16:16 UTC,NA,NA,NA,NA,NA,NA,2026-05-23 19:17:37 UTC,2026-05-23 19:17:30 UTC,NA,NA,NA,NA,NA,NA,NA,NA,NA,NA,NA,NA,NA,NA,NA,2026-05-23 19:17:49 UTC,2026-05-23 19:17:39 UTC,2026-05-23 19:17:23 UTC,2026-05-23 19:16:28 UTC,2026-05-23 19:16:05 UTC,2026-05-23 19:15:48 UTC,NA,NA,NA,NA,cbc_q1_page
132e7ca3f20be1f837422d957d4c128c,2026-06-19 22:01:10 UTC,2026-06-19 22:06:50 UTC,2026-06-19 22:01:22 UTC,5,5,3,5,5,NA,1,3,3,1,1,NA,option_1,option_1,option_2,option_1,option_1,8,radikale,3,2,NA,3,syddanmark,lang_videre,1985,Kvinde,1138,2026-06-19 22:02:13 UTC,2026-06-19 22:01:56 UTC,NA,2026-06-19 22:01:49 UTC,2026-06-19 22:01:36 UTC,2026-06-19 22:01:31 UTC,2026-06-19 22:01:27 UTC,NA,2026-06-19 22:04:50 UTC,2026-06-19 22:04:38 UTC,2026-06-19 22:04:19 UTC,2026-06-19 22:03:45 UTC,2026-06-19 22:03:22 UTC,2026-06-19 22:02:29 UTC,2026-06-19 22:02:22 UTC,2026-06-19 22:06:22 UTC,2026-06-19 22:06:12 UTC,2026-06-19 22:06:06 UTC,2026-06-19 22:06:04 UTC,NA,2026-06-19 22:05:48 UTC,2026-06-19 22:05:41 UTC,2026-06-19 22:05:43 UTC,2026-06-19 22:05:27 UTC,2026-06-19 22:05:21 UTC,2026-06-19 22:04:51 UTC,2026-06-19 22:04:39 UTC,2026-06-19 22:04:20 UTC,2026-06-19 22:03:46 UTC,2026-06-19 22:03:23 UTC,2026-06-19 22:02:38 UTC,2026-06-19 22:02:30 UTC,2026-06-19 22:02:15 UTC,2026-06-19 22:01:37 UTC,2026-06-19 22:01:18 UTC,2026-06-19 22:01:10 UTC,2026-06-19 22:06:25 UTC,2026-06-19 22:06:26 UTC,2026-06-19 22:05:48 UTC,2026-06-19 22:05:01 UTC,end_normal
136ec91a6733ce53bd536f7b266c4ac5,2026-06-19 21:54:24 UTC,2026-06-19 22:02:44 UTC,2026-06-19 21:54:56 UTC,1,2,2,2,2,NA,4,4,3,4,3,NA,option_1,option_1,option_2,option_1,option_2,7,venstre,NA,1,NA,1,sjaelland,mellemlang_videre,1954,Kvinde,784,NA,2026-06-19 21:55:51 UTC,NA,2026-06-19 21:55:32 UTC,2026-06-19 21:55:20 UTC,2026-06-19 21:55:17 UTC,2026-06-19 21:55:05 UTC,NA,2026-06-19 21:59:56 UTC,2026-06-19 21:59:23 UTC,2026-06-19 21:58:56 UTC,2026-06-19 21:58:19 UTC,2026-06-19 21:57:33 UTC,2026-06-19 21:56:10 UTC,2026-06-19 21:56:03 UTC,2026-06-19 22:01:09 UTC,2026-06-19 22:01:07 UTC,2026-06-19 22:01:04 UTC,2026-06-19 22:01:02 UTC,NA,2026-06-19 22:00:40 UTC,2026-06-19 22:00:37 UTC,2026-06-19 22:00:34 UTC,2026-06-19 22:00:31 UTC,2026-06-19 22:00:31 UTC,2026-06-19 21:59:57 UTC,2026-06-19 21:59:24 UTC,2026-06-19 21:58:58 UTC,NA,2026-06-19 21:57:35 UTC,2026-06-19 21:56:36 UTC,2026-06-19 21:56:12 UTC,2026-06-19 21:55:52 UTC,2026-06-19 21:55:21 UTC,2026-06-19 21:54:50 UTC,2026-06-19 21:54:24 UTC,2026-06-19 22:01:13 UTC,2026-06-19 22:01:14 UTC,2026-06-19 22:00:41 UTC,2026-06-19 22:00:11 UTC,end_normal
13ec4461b36d540899092c83e74ccc89,2026-05-23 09:48:33 UTC,2026-05-23 09:49:44 UTC,2026-05-23 09:48:49 UTC,NA,NA,NA,NA,NA,NA,NA,NA,NA,NA,NA,NA,NA,NA,NA,NA,NA,NA,NA,NA,NA,NA,NA,nordjylland,lang_videre,2002,Kvinde,1790,NA,NA,NA,NA,2026-05-23 09:49:07 UTC,2026-05-23 09:49:01 UTC,2026-05-23 09:48:52 UTC,NA,NA,NA,NA,NA,NA,NA,NA,NA,NA,NA,NA,NA,NA,NA,NA,NA,NA,NA,NA,NA,NA,NA,NA,NA,NA,2026-05-23 09:49:10 UTC,2026-05-23 09:48:45 UTC,2026-05-23 09:48:33 UTC,NA,NA,NA,NA,issue_positions
143c6bf1114a91e7758fd020435142f8,2026-05-24 11:25:44 UTC,2026-05-24 11:30:25 UTC,2026-05-24 11:25:55 UTC,2,4,5,3,3,NA,1,1,2,2,1,NA,option_2,option_2,option_1,option_2,option_1,7,enhedslisten,NA,3,NA,3,midtjylland,mellemlang_videre,2000,Mand,164,NA,2026-05-24 11:26:21 UTC,NA,2026-05-24 11:26:13 UTC,2026-05-24 11:26:07 UTC,2026-05-24 11:26:04 UTC,2026-05-24 11:25:57 UTC,NA,2026-05-24 11:28:44 UTC,2026-05-24 11:28:23 UTC,2026-05-24 11:28:04 UTC,2026-05-24 11:27:30 UTC,2026-05-24 11:27:11 UTC,2026-05-24 11:26:27 UTC,2026-05-24 11:26:34 UTC,2026-05-24 11:29:38 UTC,2026-05-24 11:29:33 UTC,2026-05-24 11:29:31 UTC,2026-05-24 11:29:31 UTC,NA,2026-05-24 11:29:17 UTC,2026-05-24 11:29:15 UTC,2026-05-24 11:29:13 UTC,2026-05-24 11:29:08 UTC,2026-05-24 11:29:06 UTC,2026-05-24 11:28:47 UTC,2026-05-24 11:28:26 UTC,2026-05-24 11:28:06 UTC,2026-05-24 11:27:39 UTC,2026-05-24 11:27:13 UTC,2026-05-24 11:26:44 UTC,2026-05-24 11:26:38 UTC,2026-05-24 11:26:23 UTC,2026-05-24 11:26:09 UTC,2026-05-24 11:25:51 UTC,2026-05-24 11:25:44 UTC,2026-05-24 11:29:38 UTC,2026-05-24 11:29:41 UTC,2026-05-24 11:29:20 UTC,2026-05-24 11:28:51 UTC,end_normal
1446851f978782307fe81209360be45e,2026-05-14 06:23:36 UTC,2026-05-14 06:29:00 UTC,2026-05-14 06:23:49 UTC,3,2,3,3,2,NA,2,4,3,3,4,NA,option_1,option_1,option_2,option_1,option_1,7,moderaterne,1,2,NA,3,hovedstaden,mellemlang_videre,1999,Kvinde,182,2026-05-14 06:24:39 UTC,2026-05-14 06:24:27 UTC,NA,2026-05-14 06:24:16 UTC,2026-05-14 06:24:00 UTC,2026-05-14 06:23:57 UTC,2026-05-14 06:23:53 UTC,NA,2026-05-14 06:27:00 UTC,2026-05-14 06:26:43 UTC,2026-05-14 06:26:15 UTC,2026-05-14 06:25:51 UTC,2026-05-14 06:25:31 UTC,2026-05-14 06:25:04 UTC,2026-05-14 06:25:01 UTC,2026-05-14 06:28:13 UTC,2026-05-14 06:28:10 UTC,2026-05-14 06:28:09 UTC,2026-05-14 06:28:06 UTC,NA,2026-05-14 06:27:53 UTC,2026-05-14 06:27:51 UTC,2026-05-14 06:27:49 UTC,2026-05-14 06:27:43 UTC,2026-05-14 06:27:38 UTC,2026-05-14 06:27:03 UTC,2026-05-14 06:26:45 UTC,2026-05-14 06:26:18 UTC,2026-05-14 06:25:53 UTC,2026-05-14 06:25:40 UTC,2026-05-14 06:25:11 UTC,2026-05-14 06:25:05 UTC,2026-05-14 06:24:40 UTC,2026-05-14 06:24:01 UTC,2026-05-14 06:23:45 UTC,2026-05-14 06:23:36 UTC,2026-05-14 06:28:15 UTC,2026-05-14 06:28:17 UTC,2026-05-14 06:27:54 UTC,2026-05-14 06:27:08 UTC,end_normal
1453f6f83f74fac599a206adf6a15af0,2026-06-20 08:54:01 UTC,2026-06-20 09:49:03 UTC,2026-06-20 08:54:32 UTC,4,4,4,4,3,NA,3,3,4,4,3,NA,option_1,option_2,option_2,option_1,option_1,6,sf,NA,3,NA,3,syddanmark,mellemlang_videre,1963,Kvinde,851,NA,2026-06-20 08:55:37 UTC,NA,2026-06-20 08:55:27 UTC,2026-06-20 08:55:11 UTC,2026-06-20 08:55:03 UTC,2026-06-20 08:54:52 UTC,NA,2026-06-20 08:59:27 UTC,2026-06-20 08:58:52 UTC,2026-06-20 08:58:34 UTC,2026-06-20 08:57:42 UTC,2026-06-20 08:57:08 UTC,2026-06-20 08:56:02 UTC,2026-06-20 08:55:47 UTC,2026-06-20 09:01:43 UTC,2026-06-20 09:01:39 UTC,2026-06-20 09:01:36 UTC,2026-06-20 09:01:35 UTC,NA,2026-06-20 09:01:10 UTC,2026-06-20 09:01:08 UTC,2026-06-20 09:01:01 UTC,2026-06-20 09:00:58 UTC,2026-06-20 09:00:20 UTC,2026-06-20 08:59:29 UTC,2026-06-20 08:58:55 UTC,2026-06-20 08:58:34 UTC,2026-06-20 08:57:43 UTC,2026-06-20 08:57:11 UTC,2026-06-20 08:56:23 UTC,2026-06-20 08:56:03 UTC,2026-06-20 08:55:38 UTC,2026-06-20 08:55:11 UTC,2026-06-20 08:54:27 UTC,2026-06-20 08:54:01 UTC,2026-06-20 09:01:44 UTC,2026-06-20 09:01:44 UTC,2026-06-20 09:01:11 UTC,2026-06-20 08:59:42 UTC,end_normal
1455e5ab4909699cd64e7f6492f5fc84,2026-05-23 16:10:54 UTC,2026-05-23 16:22:08 UTC,2026-05-23 16:11:08 UTC,2,4,4,4,3,NA,2,4,4,4,4,NA,option_2,option_1,option_2,option_1,option_2,8,konservative,NA,3,NA,1,hovedstaden,forsker,1993,Mand,1624,NA,2026-05-23 16:12:03 UTC,NA,2026-05-23 16:11:53 UTC,2026-05-23 16:11:40 UTC,2026-05-23 16:11:35 UTC,2026-05-23 16:11:32 UTC,NA,2026-05-23 16:14:57 UTC,2026-05-23 16:14:37 UTC,2026-05-23 16:14:08 UTC,2026-05-23 16:13:43 UTC,2026-05-23 16:13:15 UTC,2026-05-23 16:12:27 UTC,2026-05-23 16:12:21 UTC,2026-05-23 16:16:34 UTC,2026-05-23 16:16:27 UTC,2026-05-23 16:16:37 UTC,2026-05-23 16:16:22 UTC,NA,2026-05-23 16:15:45 UTC,2026-05-23 16:15:44 UTC,2026-05-23 16:15:43 UTC,2026-05-23 16:15:33 UTC,2026-05-23 16:15:31 UTC,2026-05-23 16:15:02 UTC,2026-05-23 16:14:40 UTC,2026-05-23 16:14:09 UTC,2026-05-23 16:13:47 UTC,2026-05-23 16:13:17 UTC,2026-05-23 16:12:40 UTC,2026-05-23 16:12:29 UTC,2026-05-23 16:12:04 UTC,2026-05-23 16:11:42 UTC,2026-05-23 16:11:03 UTC,2026-05-23 16:10:54 UTC,2026-05-23 16:16:35 UTC,2026-05-23 16:16:53 UTC,2026-05-23 16:16:04 UTC,2026-05-23 16:15:12 UTC,end_normal
146f4ed763edf4d866dd656e29ccbbb4,2026-05-12 14:13:59 UTC,2026-05-12 14:19:27 UTC,2026-05-12 14:14:11 UTC,1,1,2,3,2,NA,1,2,3,3,2,NA,option_2,option_2,option_1,option_2,option_2,4,sf,3,2,1,2,midtjylland,erhvervsuddannelse,1955,Kvinde,920,2026-05-12 14:15:07 UTC,2026-05-12 14:15:01 UTC,2026-05-12 14:14:49 UTC,2026-05-12 14:14:38 UTC,2026-05-12 14:14:27 UTC,2026-05-12 14:14:23 UTC,2026-05-12 14:14:18 UTC,NA,2026-05-12 14:17:35 UTC,2026-05-12 14:17:13 UTC,2026-05-12 14:16:55 UTC,2026-05-12 14:16:35 UTC,2026-05-12 14:16:06 UTC,2026-05-12 14:15:20 UTC,2026-05-12 14:15:15 UTC,2026-05-12 14:18:57 UTC,2026-05-12 14:18:55 UTC,2026-05-12 14:18:51 UTC,2026-05-12 14:18:49 UTC,NA,2026-05-12 14:18:33 UTC,2026-05-12 14:18:30 UTC,2026-05-12 14:18:26 UTC,2026-05-12 14:18:23 UTC,2026-05-12 14:18:21 UTC,2026-05-12 14:17:36 UTC,2026-05-12 14:17:15 UTC,2026-05-12 14:16:55 UTC,2026-05-12 14:16:36 UTC,2026-05-12 14:16:07 UTC,2026-05-12 14:15:43 UTC,2026-05-12 14:15:25 UTC,2026-05-12 14:15:08 UTC,2026-05-12 14:14:29 UTC,2026-05-12 14:14:06 UTC,2026-05-12 14:13:59 UTC,2026-05-12 14:19:00 UTC,2026-05-12 14:19:01 UTC,2026-05-12 14:18:35 UTC,2026-05-12 14:17:46 UTC,end_normal
14da8645909608b1f8f9f3a7e7c0dfc7,2026-06-20 01:29:58 UTC,2026-06-20 01:35:50 UTC,2026-06-20 01:30:17 UTC,1,2,4,4,4,NA,1,1,1,1,1,NA,option_2,option_2,option_2,option_1,option_1,6,sf,NA,3,NA,3,midtjylland,mellemlang_videre,1979,Kvinde,1753,NA,2026-06-20 01:30:59 UTC,NA,2026-06-20 01:30:47 UTC,2026-06-20 01:30:36 UTC,2026-06-20 01:30:30 UTC,2026-06-20 01:30:22 UTC,NA,2026-06-20 01:33:40 UTC,2026-06-20 01:33:22 UTC,2026-06-20 01:33:03 UTC,2026-06-20 01:32:33 UTC,2026-06-20 01:32:13 UTC,2026-06-20 01:31:14 UTC,2026-06-20 01:31:07 UTC,2026-06-20 01:35:03 UTC,2026-06-20 01:34:52 UTC,2026-06-20 01:34:50 UTC,2026-06-20 01:34:47 UTC,NA,2026-06-20 01:34:31 UTC,2026-06-20 01:34:24 UTC,2026-06-20 01:34:22 UTC,2026-06-20 01:34:18 UTC,2026-06-20 01:34:11 UTC,2026-06-20 01:33:42 UTC,2026-06-20 01:33:23 UTC,2026-06-20 01:33:04 UTC,2026-06-20 01:32:36 UTC,2026-06-20 01:32:15 UTC,2026-06-20 01:31:31 UTC,2026-06-20 01:31:15 UTC,2026-06-20 01:31:00 UTC,2026-06-20 01:30:37 UTC,2026-06-20 01:30:13 UTC,2026-06-20 01:29:58 UTC,2026-06-20 01:35:05 UTC,2026-06-20 01:35:06 UTC,2026-06-20 01:34:31 UTC,2026-06-20 01:33:55 UTC,end_normal
14f2d0d1cfada2b51295724d25e85ee5,2026-06-03 05:08:24 UTC,2026-06-03 05:16:00 UTC,2026-06-03 05:08:43 UTC,2,2,2,2,2,NA,2,3,3,3,3,NA,option_2,option_2,option_2,option_1,option_2,4,sf,NA,3,1,2,midtjylland,anden,1964,Kvinde,265,NA,2026-06-03 05:10:00 UTC,2026-06-03 05:09:49 UTC,2026-06-03 05:09:23 UTC,2026-06-03 05:09:08 UTC,2026-06-03 05:09:03 UTC,2026-06-03 05:08:49 UTC,NA,2026-06-03 05:13:58 UTC,2026-06-03 05:13:30 UTC,2026-06-03 05:12:42 UTC,2026-06-03 05:12:16 UTC,2026-06-03 05:11:15 UTC,2026-06-03 05:10:25 UTC,2026-06-03 05:10:08 UTC,2026-06-03 05:15:14 UTC,2026-06-03 05:15:14 UTC,2026-06-03 05:15:13 UTC,2026-06-03 05:15:13 UTC,NA,2026-06-03 05:14:58 UTC,2026-06-03 05:14:51 UTC,2026-06-03 05:14:46 UTC,2026-06-03 05:14:44 UTC,2026-06-03 05:14:43 UTC,2026-06-03 05:14:00 UTC,2026-06-03 05:13:34 UTC,2026-06-03 05:12:46 UTC,2026-06-03 05:12:22 UTC,2026-06-03 05:11:16 UTC,2026-06-03 05:10:40 UTC,2026-06-03 05:10:26 UTC,2026-06-03 05:10:01 UTC,2026-06-03 05:09:09 UTC,2026-06-03 05:08:39 UTC,2026-06-03 05:08:24 UTC,2026-06-03 05:15:15 UTC,2026-06-03 05:15:18 UTC,2026-06-03 05:14:59 UTC,2026-06-03 05:14:10 UTC,end_normal
14f83870edbbcf6b4a8f342d14579290,2026-06-19 20:37:50 UTC,2026-06-19 20:44:52 UTC,2026-06-19 20:38:09 UTC,1,2,2,2,2,NA,3,3,4,4,3,NA,option_1,option_1,option_1,option_1,option_2,5,sf,NA,3,1,2,sjaelland,mellemlang_videre,1969,Kvinde,1575,NA,2026-06-19 20:39:34 UTC,2026-06-19 20:39:15 UTC,2026-06-19 20:39:01 UTC,2026-06-19 20:38:34 UTC,2026-06-19 20:38:29 UTC,2026-06-19 20:38:17 UTC,NA,2026-06-19 20:43:00 UTC,2026-06-19 20:42:37 UTC,2026-06-19 20:42:06 UTC,2026-06-19 20:41:33 UTC,2026-06-19 20:41:04 UTC,2026-06-19 20:39:46 UTC,2026-06-19 20:40:04 UTC,2026-06-19 20:44:11 UTC,2026-06-19 20:44:08 UTC,2026-06-19 20:44:05 UTC,2026-06-19 20:44:01 UTC,NA,2026-06-19 20:43:42 UTC,2026-06-19 20:43:40 UTC,2026-06-19 20:43:38 UTC,2026-06-19 20:43:33 UTC,2026-06-19 20:43:28 UTC,2026-06-19 20:43:02 UTC,2026-06-19 20:42:41 UTC,2026-06-19 20:42:07 UTC,2026-06-19 20:41:35 UTC,2026-06-19 20:41:04 UTC,2026-06-19 20:40:26 UTC,2026-06-19 20:40:08 UTC,2026-06-19 20:39:35 UTC,2026-06-19 20:38:35 UTC,2026-06-19 20:38:03 UTC,2026-06-19 20:37:50 UTC,2026-06-19 20:44:14 UTC,2026-06-19 20:44:15 UTC,2026-06-19 20:43:43 UTC,2026-06-19 20:43:07 UTC,end_normal
156ebbb96614fcd610e0bd764e73157e,2026-05-13 18:50:26 UTC,2026-05-13 18:55:23 UTC,2026-05-13 18:50:50 UTC,NA,NA,NA,NA,NA,NA,NA,NA,NA,NA,NA,NA,option_1,option_1,option_2,option_1,option_1,0,liberal_alliance,NA,1,NA,1,nordjylland,mellemlang_videre,1999,Mand,1604,NA,2026-05-13 18:51:58 UTC,NA,2026-05-13 18:51:37 UTC,2026-05-13 18:51:23 UTC,2026-05-13 18:51:06 UTC,2026-05-13 18:50:55 UTC,NA,2026-05-13 18:54:43 UTC,2026-05-13 18:54:15 UTC,2026-05-13 18:53:53 UTC,2026-05-13 18:53:29 UTC,2026-05-13 18:52:43 UTC,2026-05-13 18:52:07 UTC,2026-05-13 18:52:17 UTC,NA,NA,NA,NA,NA,NA,NA,NA,NA,NA,2026-05-13 18:54:44 UTC,2026-05-13 18:54:16 UTC,2026-05-13 18:53:55 UTC,2026-05-13 18:53:30 UTC,2026-05-13 18:52:44 UTC,2026-05-13 18:52:23 UTC,2026-05-13 18:52:19 UTC,2026-05-13 18:51:58 UTC,2026-05-13 18:51:24 UTC,2026-05-13 18:50:45 UTC,2026-05-13 18:50:26 UTC,NA,NA,NA,2026-05-13 18:54:51 UTC,single_profile_1
1598b0eb6a61b16e791f14c74c0c449b,2026-06-21 23:07:08 UTC,2026-06-21 23:12:40 UTC,2026-06-21 23:07:33 UTC,3,3,3,4,2,NA,5,5,5,5,5,NA,option_1,option_1,option_2,option_2,option_2,9,socialdemokratiet,NA,3,NA,3,midtjylland,mellemlang_videre,1952,Mand,1801,NA,2026-06-21 23:08:20 UTC,NA,2026-06-21 23:08:12 UTC,2026-06-21 23:08:02 UTC,2026-06-21 23:07:55 UTC,2026-06-21 23:07:46 UTC,NA,2026-06-21 23:10:55 UTC,2026-06-21 23:10:26 UTC,2026-06-21 23:09:56 UTC,2026-06-21 23:09:34 UTC,2026-06-21 23:09:14 UTC,2026-06-21 23:08:32 UTC,2026-06-21 23:08:27 UTC,2026-06-21 23:12:12 UTC,2026-06-21 23:12:14 UTC,2026-06-21 23:12:00 UTC,2026-06-21 23:11:50 UTC,NA,2026-06-21 23:11:28 UTC,2026-06-21 23:11:27 UTC,2026-06-21 23:11:25 UTC,2026-06-21 23:11:22 UTC,2026-06-21 23:11:20 UTC,2026-06-21 23:10:58 UTC,2026-06-21 23:10:27 UTC,2026-06-21 23:09:57 UTC,2026-06-21 23:09:37 UTC,2026-06-21 23:09:15 UTC,2026-06-21 23:08:50 UTC,2026-06-21 23:08:37 UTC,2026-06-21 23:08:21 UTC,2026-06-21 23:08:04 UTC,2026-06-21 23:07:31 UTC,2026-06-21 23:07:08 UTC,2026-06-21 23:12:15 UTC,2026-06-21 23:12:16 UTC,2026-06-21 23:11:28 UTC,2026-06-21 23:11:07 UTC,end_normal
159c5b6d24bb8a53f3cb384b56b9209b,2026-05-15 18:09:34 UTC,2026-05-15 18:14:16 UTC,2026-05-15 18:09:49 UTC,3,3,3,3,3,NA,1,3,3,3,2,NA,option_1,option_2,option_1,option_1,option_2,5,liberal_alliance,1,2,1,2,nordjylland,lang_videre,2001,Kvinde,1722,2026-05-15 18:10:38 UTC,2026-05-15 18:10:22 UTC,2026-05-15 18:10:09 UTC,2026-05-15 18:10:04 UTC,2026-05-15 18:09:57 UTC,2026-05-15 18:09:55 UTC,2026-05-15 18:09:51 UTC,NA,2026-05-15 18:12:28 UTC,2026-05-15 18:12:13 UTC,2026-05-15 18:11:51 UTC,2026-05-15 18:11:34 UTC,2026-05-15 18:11:11 UTC,2026-05-15 18:10:46 UTC,2026-05-15 18:10:43 UTC,2026-05-15 18:13:52 UTC,2026-05-15 18:13:51 UTC,2026-05-15 18:13:51 UTC,2026-05-15 18:13:50 UTC,NA,2026-05-15 18:13:03 UTC,2026-05-15 18:13:00 UTC,2026-05-15 18:12:55 UTC,2026-05-15 18:12:53 UTC,2026-05-15 18:12:48 UTC,2026-05-15 18:12:29 UTC,2026-05-15 18:12:15 UTC,2026-05-15 18:11:53 UTC,2026-05-15 18:11:39 UTC,2026-05-15 18:11:13 UTC,2026-05-15 18:10:53 UTC,2026-05-15 18:10:47 UTC,2026-05-15 18:10:35 UTC,NA,2026-05-15 18:09:45 UTC,2026-05-15 18:09:34 UTC,2026-05-15 18:13:52 UTC,2026-05-15 18:13:55 UTC,2026-05-15 18:13:03 UTC,2026-05-15 18:12:36 UTC,end_normal
159c5bbf5614aba1642a57d4ed916432,2026-05-23 09:38:06 UTC,2026-05-23 09:49:49 UTC,2026-05-23 09:38:22 UTC,NA,NA,NA,NA,NA,NA,NA,NA,NA,NA,NA,NA,NA,NA,NA,NA,NA,7,konservative,NA,1,NA,1,midtjylland,mellemlang_videre,1968,Kvinde,535,NA,2026-05-23 09:38:44 UTC,NA,2026-05-23 09:38:40 UTC,2026-05-23 09:38:33 UTC,2026-05-23 09:38:30 UTC,2026-05-23 09:38:28 UTC,NA,NA,NA,NA,NA,NA,2026-05-23 09:39:00 UTC,2026-05-23 09:38:54 UTC,NA,NA,NA,NA,NA,NA,NA,NA,NA,NA,NA,NA,NA,NA,NA,2026-05-23 09:39:05 UTC,2026-05-23 09:39:01 UTC,2026-05-23 09:38:49 UTC,2026-05-23 09:38:34 UTC,2026-05-23 09:38:18 UTC,2026-05-23 09:38:06 UTC,NA,NA,NA,NA,cbc_q1_page
162733fa4ac3fddbefa9f5b7433875d3,2026-05-19 19:38:38 UTC,2026-05-19 19:51:37 UTC,2026-05-19 19:38:54 UTC,2,3,3,3,3,NA,2,3,3,3,3,NA,option_2,option_2,option_2,option_2,option_2,7,radikale,3,2,NA,3,sjaelland,lang_videre,1971,Kvinde,1058,2026-05-19 19:40:11 UTC,2026-05-19 19:39:43 UTC,NA,2026-05-19 19:39:31 UTC,2026-05-19 19:39:16 UTC,2026-05-19 19:39:11 UTC,2026-05-19 19:39:00 UTC,NA,2026-05-19 19:49:40 UTC,2026-05-19 19:48:21 UTC,2026-05-19 19:47:51 UTC,2026-05-19 19:45:30 UTC,2026-05-19 19:45:07 UTC,2026-05-19 19:40:30 UTC,2026-05-19 19:40:20 UTC,2026-05-19 19:50:52 UTC,2026-05-19 19:50:48 UTC,2026-05-19 19:50:48 UTC,2026-05-19 19:50:47 UTC,NA,2026-05-19 19:50:36 UTC,2026-05-19 19:50:32 UTC,2026-05-19 19:50:30 UTC,2026-05-19 19:50:28 UTC,2026-05-19 19:50:24 UTC,2026-05-19 19:49:44 UTC,2026-05-19 19:48:22 UTC,2026-05-19 19:47:52 UTC,2026-05-19 19:47:09 UTC,2026-05-19 19:45:11 UTC,2026-05-19 19:44:35 UTC,2026-05-19 19:40:31 UTC,2026-05-19 19:40:13 UTC,2026-05-19 19:39:22 UTC,2026-05-19 19:38:50 UTC,2026-05-19 19:38:38 UTC,2026-05-19 19:50:54 UTC,2026-05-19 19:50:55 UTC,2026-05-19 19:50:38 UTC,2026-05-19 19:49:57 UTC,end_normal
165e2653c4eb88fa8770be838781e464,2026-06-03 11:30:54 UTC,2026-06-03 11:39:39 UTC,2026-06-03 11:31:20 UTC,4,4,4,4,4,NA,2,1,2,3,1,NA,option_1,option_1,option_1,option_2,option_1,7,sf,NA,3,3,2,syddanmark,grundskole,1961,Kvinde,927,NA,2026-06-03 11:32:14 UTC,2026-06-03 11:32:01 UTC,2026-06-03 11:31:50 UTC,2026-06-03 11:31:35 UTC,2026-06-03 11:31:32 UTC,2026-06-03 11:31:29 UTC,NA,2026-06-03 11:36:30 UTC,2026-06-03 11:35:45 UTC,2026-06-03 11:35:18 UTC,2026-06-03 11:34:48 UTC,2026-06-03 11:33:35 UTC,2026-06-03 11:32:34 UTC,2026-06-03 11:32:22 UTC,2026-06-03 11:38:51 UTC,2026-06-03 11:39:00 UTC,2026-06-03 11:38:39 UTC,2026-06-03 11:38:29 UTC,NA,2026-06-03 11:37:58 UTC,2026-06-03 11:37:54 UTC,2026-06-03 11:37:46 UTC,2026-06-03 11:37:39 UTC,2026-06-03 11:37:15 UTC,2026-06-03 11:36:31 UTC,2026-06-03 11:35:46 UTC,2026-06-03 11:35:19 UTC,2026-06-03 11:34:49 UTC,2026-06-03 11:33:37 UTC,2026-06-03 11:32:52 UTC,2026-06-03 11:32:35 UTC,2026-06-03 11:32:15 UTC,2026-06-03 11:31:36 UTC,2026-06-03 11:31:14 UTC,2026-06-03 11:30:54 UTC,2026-06-03 11:39:13 UTC,2026-06-03 11:39:14 UTC,2026-06-03 11:37:59 UTC,2026-06-03 11:36:44 UTC,end_normal
16aff11d16c37da0202b81262f46e760,2026-05-23 15:23:10 UTC,2026-05-23 15:31:32 UTC,2026-05-23 15:24:00 UTC,3,4,3,4,4,NA,2,2,4,4,3,NA,option_2,option_2,option_1,option_2,option_2,7,konservative,3,2,NA,3,sjaelland,lang_videre,1945,Mand,1867,2026-05-23 15:25:28 UTC,2026-05-23 15:25:19 UTC,NA,2026-05-23 15:25:07 UTC,2026-05-23 15:24:52 UTC,2026-05-23 15:24:47 UTC,2026-05-23 15:24:35 UTC,NA,2026-05-23 15:28:56 UTC,2026-05-23 15:28:32 UTC,2026-05-23 15:27:58 UTC,2026-05-23 15:27:34 UTC,2026-05-23 15:27:02 UTC,2026-05-23 15:25:45 UTC,2026-05-23 15:25:37 UTC,2026-05-23 15:30:42 UTC,2026-05-23 15:30:38 UTC,2026-05-23 15:30:34 UTC,2026-05-23 15:30:29 UTC,NA,2026-05-23 15:30:06 UTC,2026-05-23 15:30:00 UTC,2026-05-23 15:29:48 UTC,2026-05-23 15:29:45 UTC,2026-05-23 15:29:39 UTC,2026-05-23 15:29:00 UTC,2026-05-23 15:28:32 UTC,2026-05-23 15:28:00 UTC,2026-05-23 15:27:35 UTC,2026-05-23 15:27:03 UTC,2026-05-23 15:26:06 UTC,2026-05-23 15:25:47 UTC,2026-05-23 15:25:29 UTC,2026-05-23 15:24:54 UTC,2026-05-23 15:23:53 UTC,2026-05-23 15:23:10 UTC,2026-05-23 15:30:46 UTC,2026-05-23 15:30:48 UTC,2026-05-23 15:30:10 UTC,2026-05-23 15:29:13 UTC,end_normal
16d9f181fa4ed47871a2d77f08a7675e,2026-06-20 14:38:47 UTC,2026-06-20 14:44:24 UTC,2026-06-20 14:39:04 UTC,1,4,4,3,3,NA,1,1,1,2,3,NA,option_2,option_1,option_2,option_2,option_2,1,blankt,3,2,3,2,syddanmark,mellemlang_videre,1960,Mand,136,2026-06-20 14:40:04 UTC,2026-06-20 14:39:57 UTC,2026-06-20 14:39:47 UTC,2026-06-20 14:39:36 UTC,2026-06-20 14:39:21 UTC,2026-06-20 14:39:15 UTC,2026-06-20 14:39:09 UTC,NA,2026-06-20 14:42:46 UTC,2026-06-20 14:42:25 UTC,2026-06-20 14:41:49 UTC,2026-06-20 14:41:29 UTC,2026-06-20 14:41:09 UTC,2026-06-20 14:40:20 UTC,2026-06-20 14:40:16 UTC,2026-06-20 14:43:53 UTC,2026-06-20 14:43:51 UTC,2026-06-20 14:43:44 UTC,2026-06-20 14:43:42 UTC,NA,2026-06-20 14:43:28 UTC,2026-06-20 14:43:23 UTC,2026-06-20 14:43:21 UTC,2026-06-20 14:43:17 UTC,2026-06-20 14:43:16 UTC,2026-06-20 14:42:48 UTC,2026-06-20 14:42:26 UTC,2026-06-20 14:41:51 UTC,2026-06-20 14:41:30 UTC,2026-06-20 14:41:10 UTC,2026-06-20 14:40:42 UTC,2026-06-20 14:40:24 UTC,2026-06-20 14:40:05 UTC,2026-06-20 14:39:23 UTC,2026-06-20 14:38:58 UTC,2026-06-20 14:38:47 UTC,2026-06-20 14:43:55 UTC,2026-06-20 14:43:58 UTC,2026-06-20 14:43:30 UTC,2026-06-20 14:42:58 UTC,end_normal
16ef6103273752f78e51062126e349c3,2026-06-19 21:54:59 UTC,2026-06-19 21:57:57 UTC,2026-06-19 21:55:54 UTC,NA,NA,NA,NA,NA,NA,NA,NA,NA,NA,NA,NA,NA,NA,NA,NA,NA,NA,NA,NA,NA,NA,NA,syddanmark,gymnasial,2004,Kvinde,541,NA,NA,NA,NA,2026-06-19 21:56:39 UTC,2026-06-19 21:56:19 UTC,2026-06-19 21:55:58 UTC,NA,NA,NA,NA,NA,NA,NA,NA,NA,NA,NA,NA,NA,NA,NA,NA,NA,NA,NA,NA,NA,NA,NA,NA,NA,NA,2026-06-19 21:56:39 UTC,2026-06-19 21:55:43 UTC,2026-06-19 21:54:59 UTC,NA,NA,NA,NA,issue_positions
16ffc4682b89a3c330a8e8f6b6a79215,2026-05-23 14:04:22 UTC,2026-05-23 14:10:19 UTC,2026-05-23 14:04:38 UTC,5,4,4,3,3,NA,5,4,4,3,3,NA,option_2,option_1,option_1,option_2,option_2,7,socialdemokratiet,NA,3,1,2,midtjylland,mellemlang_videre,1968,Kvinde,734,NA,2026-05-23 14:05:40 UTC,2026-05-23 14:05:25 UTC,2026-05-23 14:05:14 UTC,2026-05-23 14:05:00 UTC,2026-05-23 14:04:53 UTC,2026-05-23 14:04:46 UTC,NA,2026-05-23 14:08:36 UTC,2026-05-23 14:08:13 UTC,2026-05-23 14:07:48 UTC,2026-05-23 14:07:13 UTC,2026-05-23 14:06:45 UTC,2026-05-23 14:05:54 UTC,2026-05-23 14:05:47 UTC,2026-05-23 14:09:54 UTC,2026-05-23 14:09:43 UTC,2026-05-23 14:09:46 UTC,2026-05-23 14:09:37 UTC,NA,2026-05-23 14:09:20 UTC,2026-05-23 14:09:17 UTC,2026-05-23 14:09:16 UTC,2026-05-23 14:09:06 UTC,2026-05-23 14:09:00 UTC,2026-05-23 14:08:37 UTC,2026-05-23 14:08:15 UTC,2026-05-23 14:07:51 UTC,2026-05-23 14:07:15 UTC,2026-05-23 14:06:46 UTC,2026-05-23 14:06:06 UTC,2026-05-23 14:05:55 UTC,2026-05-23 14:05:40 UTC,2026-05-23 14:05:04 UTC,2026-05-23 14:04:35 UTC,2026-05-23 14:04:22 UTC,2026-05-23 14:09:53 UTC,2026-05-23 14:09:55 UTC,2026-05-23 14:09:22 UTC,2026-05-23 14:08:44 UTC,end_normal
179d3cab1a57f9b16f825adaf49fd639,2026-05-23 17:50:43 UTC,2026-05-23 18:07:15 UTC,2026-05-23 17:53:00 UTC,4,4,4,3,5,NA,1,2,4,3,1,NA,option_2,option_1,option_1,option_1,option_2,6,sf,NA,3,NA,3,midtjylland,mellemlang_videre,1958,Kvinde,841,NA,2026-05-23 17:54:08 UTC,NA,2026-05-23 17:53:55 UTC,2026-05-23 17:53:31 UTC,2026-05-23 17:53:26 UTC,2026-05-23 17:53:10 UTC,NA,2026-05-23 17:58:04 UTC,2026-05-23 17:57:24 UTC,2026-05-23 17:56:54 UTC,2026-05-23 17:56:19 UTC,2026-05-23 17:55:43 UTC,2026-05-23 17:54:31 UTC,2026-05-23 17:54:19 UTC,2026-05-23 18:00:07 UTC,2026-05-23 18:00:02 UTC,2026-05-23 17:59:46 UTC,2026-05-23 17:59:38 UTC,NA,2026-05-23 17:59:17 UTC,2026-05-23 17:59:12 UTC,2026-05-23 17:59:07 UTC,2026-05-23 17:59:01 UTC,2026-05-23 17:58:57 UTC,2026-05-23 17:58:05 UTC,2026-05-23 17:57:24 UTC,2026-05-23 17:56:56 UTC,2026-05-23 17:56:19 UTC,2026-05-23 17:55:45 UTC,2026-05-23 17:54:56 UTC,2026-05-23 17:54:33 UTC,2026-05-23 17:54:09 UTC,2026-05-23 17:53:32 UTC,2026-05-23 17:52:55 UTC,2026-05-23 17:50:43 UTC,2026-05-23 18:00:12 UTC,2026-05-23 18:00:14 UTC,2026-05-23 17:59:19 UTC,2026-05-23 17:58:21 UTC,end_normal
17a1bc53889f7f73a39d3ef3403cb9ae,2026-06-20 15:32:57 UTC,2026-06-20 15:38:53 UTC,2026-06-20 15:33:08 UTC,2,5,5,5,5,NA,5,5,5,5,5,NA,option_2,option_2,option_2,option_2,option_1,7,sf,NA,3,1,2,sjaelland,mellemlang_videre,1977,Kvinde,576,NA,2026-06-20 15:34:00 UTC,2026-06-20 15:33:51 UTC,2026-06-20 15:33:44 UTC,2026-06-20 15:33:33 UTC,2026-06-20 15:33:29 UTC,2026-06-20 15:33:16 UTC,NA,2026-06-20 15:37:07 UTC,2026-06-20 15:36:29 UTC,2026-06-20 15:36:06 UTC,2026-06-20 15:35:35 UTC,2026-06-20 15:35:02 UTC,2026-06-20 15:34:15 UTC,2026-06-20 15:34:07 UTC,2026-06-20 15:38:07 UTC,2026-06-20 15:38:01 UTC,2026-06-20 15:37:59 UTC,2026-06-20 15:37:57 UTC,NA,2026-06-20 15:37:40 UTC,2026-06-20 15:37:38 UTC,2026-06-20 15:37:36 UTC,2026-06-20 15:37:33 UTC,2026-06-20 15:37:31 UTC,2026-06-20 15:37:09 UTC,2026-06-20 15:36:31 UTC,2026-06-20 15:36:07 UTC,2026-06-20 15:35:38 UTC,2026-06-20 15:35:04 UTC,2026-06-20 15:34:25 UTC,2026-06-20 15:34:16 UTC,2026-06-20 15:34:01 UTC,2026-06-20 15:33:34 UTC,2026-06-20 15:33:04 UTC,2026-06-20 15:32:57 UTC,2026-06-20 15:38:12 UTC,2026-06-20 15:38:13 UTC,2026-06-20 15:37:42 UTC,2026-06-20 15:37:14 UTC,end_normal
17a6ab03121b6ae6fcedc6c48621e2aa,2026-06-20 09:01:02 UTC,2026-06-20 09:06:12 UTC,2026-06-20 09:01:32 UTC,1,1,2,1,1,NA,3,3,4,4,4,NA,option_1,option_1,option_1,option_1,option_2,7,sf,NA,3,3,2,sjaelland,anden,1971,Kvinde,1963,NA,2026-06-20 09:02:11 UTC,2026-06-20 09:02:03 UTC,2026-06-20 09:01:56 UTC,2026-06-20 09:01:43 UTC,2026-06-20 09:01:40 UTC,2026-06-20 09:01:36 UTC,NA,2026-06-20 09:04:26 UTC,2026-06-20 09:03:59 UTC,2026-06-20 09:03:39 UTC,2026-06-20 09:03:22 UTC,2026-06-20 09:02:56 UTC,2026-06-20 09:02:21 UTC,2026-06-20 09:02:16 UTC,2026-06-20 09:05:40 UTC,2026-06-20 09:05:38 UTC,2026-06-20 09:05:35 UTC,2026-06-20 09:05:29 UTC,NA,2026-06-20 09:05:13 UTC,2026-06-20 09:05:07 UTC,2026-06-20 09:05:03 UTC,2026-06-20 09:04:58 UTC,2026-06-20 09:04:50 UTC,2026-06-20 09:04:29 UTC,2026-06-20 09:04:02 UTC,2026-06-20 09:03:42 UTC,2026-06-20 09:03:24 UTC,2026-06-20 09:02:59 UTC,2026-06-20 09:02:28 UTC,2026-06-20 09:02:21 UTC,2026-06-20 09:02:11 UTC,2026-06-20 09:01:43 UTC,2026-06-20 09:01:27 UTC,2026-06-20 09:01:02 UTC,2026-06-20 09:05:41 UTC,2026-06-20 09:05:42 UTC,2026-06-20 09:05:16 UTC,2026-06-20 09:04:33 UTC,end_normal
17ba931b3f18a62346612621fe929d5b,2026-06-19 19:42:08 UTC,2026-06-19 19:44:11 UTC,2026-06-19 19:42:28 UTC,NA,NA,NA,NA,NA,NA,NA,NA,NA,NA,NA,NA,NA,NA,NA,NA,NA,NA,NA,NA,2,NA,1,sjaelland,kort_videre,1983,Mand,409,NA,2026-06-19 19:43:08 UTC,NA,2026-06-19 19:42:56 UTC,2026-06-19 19:42:41 UTC,2026-06-19 19:42:37 UTC,2026-06-19 19:42:37 UTC,NA,NA,NA,NA,NA,NA,NA,NA,NA,NA,NA,NA,NA,NA,NA,NA,NA,NA,NA,NA,NA,NA,NA,NA,NA,NA,2026-06-19 19:42:42 UTC,2026-06-19 19:42:17 UTC,2026-06-19 19:42:08 UTC,NA,NA,NA,NA,issue_positions
17cc8290c2bd0a32683211926a82032e,2026-05-17 13:44:01 UTC,2026-05-17 13:53:13 UTC,2026-05-17 13:44:28 UTC,3,2,3,3,2,NA,3,4,3,4,4,NA,option_2,option_2,option_1,option_2,option_2,4,dansk_folkeparti,NA,3,NA,1,syddanmark,kort_videre,1952,Kvinde,741,NA,2026-05-17 13:45:33 UTC,NA,2026-05-17 13:45:17 UTC,2026-05-17 13:44:56 UTC,2026-05-17 13:44:50 UTC,2026-05-17 13:44:40 UTC,NA,2026-05-17 13:50:28 UTC,2026-05-17 13:49:35 UTC,2026-05-17 13:48:49 UTC,2026-05-17 13:48:15 UTC,2026-05-17 13:47:35 UTC,2026-05-17 13:46:08 UTC,2026-05-17 13:45:54 UTC,2026-05-17 13:52:39 UTC,2026-05-17 13:52:35 UTC,2026-05-17 13:52:31 UTC,2026-05-17 13:52:20 UTC,NA,2026-05-17 13:51:56 UTC,2026-05-17 13:51:53 UTC,2026-05-17 13:51:50 UTC,2026-05-17 13:51:41 UTC,2026-05-17 13:51:32 UTC,2026-05-17 13:50:29 UTC,2026-05-17 13:49:36 UTC,2026-05-17 13:48:50 UTC,2026-05-17 13:48:16 UTC,2026-05-17 13:47:35 UTC,2026-05-17 13:46:38 UTC,2026-05-17 13:46:09 UTC,2026-05-17 13:45:33 UTC,2026-05-17 13:44:58 UTC,2026-05-17 13:44:21 UTC,2026-05-17 13:44:01 UTC,2026-05-17 13:52:43 UTC,2026-05-17 13:52:43 UTC,2026-05-17 13:51:58 UTC,2026-05-17 13:50:47 UTC,end_normal
17f72f86ad370a3f8e12c244a35432d0,2026-06-15 16:06:45 UTC,2026-06-15 16:15:07 UTC,2026-06-15 16:07:22 UTC,1,4,4,3,3,NA,1,1,1,3,1,NA,option_1,option_1,option_2,option_2,option_1,4,sf,NA,3,1,2,syddanmark,mellemlang_videre,1958,Kvinde,1013,NA,2026-06-15 16:08:23 UTC,2026-06-15 16:08:13 UTC,2026-06-15 16:08:03 UTC,2026-06-15 16:07:43 UTC,2026-06-15 16:07:37 UTC,2026-06-15 16:07:32 UTC,NA,2026-06-15 16:12:45 UTC,2026-06-15 16:11:24 UTC,2026-06-15 16:10:33 UTC,2026-06-15 16:10:11 UTC,2026-06-15 16:09:50 UTC,2026-06-15 16:08:51 UTC,2026-06-15 16:08:36 UTC,2026-06-15 16:14:24 UTC,2026-06-15 16:14:21 UTC,2026-06-15 16:14:16 UTC,2026-06-15 16:14:15 UTC,NA,2026-06-15 16:13:51 UTC,2026-06-15 16:13:48 UTC,2026-06-15 16:13:43 UTC,2026-06-15 16:13:37 UTC,2026-06-15 16:13:26 UTC,2026-06-15 16:12:46 UTC,2026-06-15 16:11:25 UTC,2026-06-15 16:10:34 UTC,2026-06-15 16:10:13 UTC,2026-06-15 16:09:51 UTC,2026-06-15 16:09:04 UTC,2026-06-15 16:08:52 UTC,2026-06-15 16:08:24 UTC,2026-06-15 16:07:44 UTC,2026-06-15 16:07:20 UTC,2026-06-15 16:06:45 UTC,2026-06-15 16:14:28 UTC,2026-06-15 16:14:28 UTC,2026-06-15 16:13:53 UTC,2026-06-15 16:12:58 UTC,end_normal
1810dafe6d78f1564ff52243bef16695,2026-05-21 21:05:18 UTC,2026-05-21 21:13:56 UTC,2026-05-21 21:05:32 UTC,2,3,3,3,4,NA,1,1,1,3,1,NA,option_1,option_2,option_1,option_1,option_1,8,radikale,3,2,NA,3,hovedstaden,lang_videre,1969,Kvinde,1670,2026-05-21 21:06:43 UTC,2026-05-21 21:06:25 UTC,NA,2026-05-21 21:06:14 UTC,2026-05-21 21:06:00 UTC,2026-05-21 21:05:57 UTC,2026-05-21 21:05:49 UTC,NA,2026-05-21 21:10:39 UTC,2026-05-21 21:10:07 UTC,2026-05-21 21:09:31 UTC,2026-05-21 21:08:54 UTC,2026-05-21 21:08:07 UTC,2026-05-21 21:06:53 UTC,2026-05-21 21:07:03 UTC,2026-05-21 21:12:40 UTC,2026-05-21 21:12:34 UTC,2026-05-21 21:12:30 UTC,2026-05-21 21:12:25 UTC,NA,2026-05-21 21:11:59 UTC,2026-05-21 21:11:44 UTC,2026-05-21 21:11:41 UTC,2026-05-21 21:11:37 UTC,2026-05-21 21:11:29 UTC,2026-05-21 21:10:42 UTC,2026-05-21 21:10:08 UTC,2026-05-21 21:09:39 UTC,2026-05-21 21:08:56 UTC,2026-05-21 21:08:08 UTC,2026-05-21 21:07:29 UTC,2026-05-21 21:07:12 UTC,2026-05-21 21:06:44 UTC,2026-05-21 21:06:00 UTC,2026-05-21 21:05:27 UTC,2026-05-21 21:05:18 UTC,2026-05-21 21:12:57 UTC,2026-05-21 21:12:58 UTC,2026-05-21 21:12:00 UTC,2026-05-21 21:10:55 UTC,end_normal
181ae8c753bfb1559b392f4a0f5334a5,2026-06-20 16:23:48 UTC,2026-06-20 16:25:41 UTC,NA,NA,NA,NA,NA,NA,NA,NA,NA,NA,NA,NA,NA,NA,NA,NA,NA,NA,NA,NA,NA,NA,NA,NA,sjaelland,grundskole,NA,NA,372,NA,NA,NA,NA,2026-06-20 16:24:35 UTC,2026-06-20 16:24:31 UTC,NA,NA,NA,NA,NA,NA,NA,NA,NA,NA,NA,NA,NA,NA,NA,NA,NA,NA,NA,NA,NA,NA,NA,NA,NA,NA,NA,NA,2026-06-20 16:23:57 UTC,2026-06-20 16:23:48 UTC,NA,NA,NA,NA,Background
181da084449f81315e075f41edfb4248,2026-05-17 17:52:13 UTC,2026-05-17 17:59:20 UTC,2026-05-17 17:52:29 UTC,4,5,4,4,4,NA,3,4,4,3,4,NA,option_1,option_2,option_2,option_2,option_2,7,sf,3,2,3,2,midtjylland,mellemlang_videre,1965,Kvinde,1340,2026-05-17 17:53:37 UTC,2026-05-17 17:53:33 UTC,2026-05-17 17:53:15 UTC,2026-05-17 17:52:59 UTC,2026-05-17 17:52:45 UTC,2026-05-17 17:52:41 UTC,2026-05-17 17:52:36 UTC,NA,2026-05-17 17:57:13 UTC,2026-05-17 17:56:16 UTC,2026-05-17 17:55:50 UTC,2026-05-17 17:55:22 UTC,2026-05-17 17:54:54 UTC,2026-05-17 17:54:11 UTC,2026-05-17 17:53:55 UTC,2026-05-17 17:58:44 UTC,2026-05-17 17:58:42 UTC,2026-05-17 17:58:40 UTC,2026-05-17 17:58:36 UTC,NA,2026-05-17 17:58:12 UTC,2026-05-17 17:58:09 UTC,2026-05-17 17:58:06 UTC,2026-05-17 17:57:56 UTC,2026-05-17 17:57:49 UTC,2026-05-17 17:57:14 UTC,2026-05-17 17:56:19 UTC,2026-05-17 17:55:52 UTC,2026-05-17 17:55:25 UTC,2026-05-17 17:54:56 UTC,2026-05-17 17:54:17 UTC,2026-05-17 17:54:13 UTC,2026-05-17 17:53:37 UTC,2026-05-17 17:52:47 UTC,2026-05-17 17:52:24 UTC,2026-05-17 17:52:13 UTC,2026-05-17 17:58:48 UTC,2026-05-17 17:58:49 UTC,2026-05-17 17:58:14 UTC,2026-05-17 17:57:18 UTC,end_normal
1847186ccc5d5cd12062861a5064fcf9,2026-05-19 13:10:42 UTC,2026-05-19 13:30:15 UTC,2026-05-19 13:10:52 UTC,3,3,3,3,3,NA,3,3,3,3,3,NA,option_1,option_2,option_2,option_1,option_2,1,liberal_alliance,NA,1,NA,3,sjaelland,kort_videre,1991,Mand,1318,NA,2026-05-19 13:11:55 UTC,NA,2026-05-19 13:11:33 UTC,2026-05-19 13:11:15 UTC,2026-05-19 13:11:02 UTC,2026-05-19 13:10:55 UTC,NA,2026-05-19 13:15:06 UTC,2026-05-19 13:14:49 UTC,2026-05-19 13:14:18 UTC,2026-05-19 13:13:35 UTC,2026-05-19 13:13:18 UTC,2026-05-19 13:12:06 UTC,2026-05-19 13:12:01 UTC,2026-05-19 13:29:52 UTC,2026-05-19 13:29:51 UTC,2026-05-19 13:29:50 UTC,2026-05-19 13:29:49 UTC,NA,2026-05-19 13:29:40 UTC,2026-05-19 13:15:54 UTC,2026-05-19 13:15:49 UTC,2026-05-19 13:15:46 UTC,2026-05-19 13:15:45 UTC,2026-05-19 13:15:13 UTC,2026-05-19 13:14:51 UTC,2026-05-19 13:14:19 UTC,2026-05-19 13:13:39 UTC,2026-05-19 13:13:20 UTC,2026-05-19 13:12:18 UTC,2026-05-19 13:12:08 UTC,2026-05-19 13:11:55 UTC,2026-05-19 13:11:16 UTC,2026-05-19 13:10:48 UTC,2026-05-19 13:10:42 UTC,2026-05-19 13:29:53 UTC,2026-05-19 13:29:53 UTC,2026-05-19 13:29:45 UTC,2026-05-19 13:15:19 UTC,end_normal
188540105331eb4f8057f30be12f1edd,2026-06-21 14:45:57 UTC,2026-06-21 14:51:07 UTC,2026-06-21 14:46:18 UTC,NA,NA,NA,NA,NA,NA,3,3,4,4,4,NA,option_1,option_2,option_1,option_2,option_2,7,socialdemokratiet,NA,3,NA,3,syddanmark,erhvervsuddannelse,1966,Kvinde,941,NA,2026-06-21 14:47:01 UTC,NA,2026-06-21 14:46:52 UTC,2026-06-21 14:46:39 UTC,2026-06-21 14:46:36 UTC,2026-06-21 14:46:22 UTC,NA,2026-06-21 14:49:45 UTC,2026-06-21 14:49:21 UTC,2026-06-21 14:48:42 UTC,2026-06-21 14:48:23 UTC,2026-06-21 14:48:02 UTC,2026-06-21 14:47:12 UTC,2026-06-21 14:47:07 UTC,NA,NA,NA,NA,NA,2026-06-21 14:50:37 UTC,2026-06-21 14:50:36 UTC,2026-06-21 14:50:29 UTC,2026-06-21 14:50:24 UTC,2026-06-21 14:50:11 UTC,2026-06-21 14:49:47 UTC,2026-06-21 14:49:30 UTC,2026-06-21 14:48:54 UTC,2026-06-21 14:48:25 UTC,2026-06-21 14:48:03 UTC,2026-06-21 14:47:21 UTC,2026-06-21 14:47:13 UTC,2026-06-21 14:47:02 UTC,2026-06-21 14:46:41 UTC,2026-06-21 14:46:12 UTC,2026-06-21 14:45:57 UTC,NA,NA,NA,2026-06-21 14:49:56 UTC,single_profile_1
18a516485e7b06f0657ee973cc3a7f35,2026-06-20 02:07:42 UTC,2026-06-20 02:19:29 UTC,2026-06-20 02:07:53 UTC,4,3,3,3,3,NA,2,3,3,3,3,NA,option_1,option_2,option_2,option_1,option_1,2,blankt,3,2,NA,1,syddanmark,mellemlang_videre,2001,Kvinde,1127,2026-06-20 02:08:55 UTC,2026-06-20 02:08:34 UTC,NA,2026-06-20 02:08:23 UTC,2026-06-20 02:08:07 UTC,2026-06-20 02:08:02 UTC,2026-06-20 02:07:55 UTC,NA,2026-06-20 02:10:53 UTC,2026-06-20 02:10:36 UTC,2026-06-20 02:10:21 UTC,2026-06-20 02:10:03 UTC,2026-06-20 02:09:46 UTC,2026-06-20 02:09:08 UTC,2026-06-20 02:09:04 UTC,2026-06-20 02:11:51 UTC,2026-06-20 02:11:47 UTC,2026-06-20 02:11:45 UTC,2026-06-20 02:11:43 UTC,NA,2026-06-20 02:11:27 UTC,2026-06-20 02:11:25 UTC,2026-06-20 02:11:29 UTC,2026-06-20 02:11:29 UTC,2026-06-20 02:11:15 UTC,2026-06-20 02:10:53 UTC,2026-06-20 02:10:38 UTC,2026-06-20 02:10:22 UTC,2026-06-20 02:10:03 UTC,2026-06-20 02:09:47 UTC,2026-06-20 02:09:14 UTC,2026-06-20 02:09:10 UTC,2026-06-20 02:08:56 UTC,2026-06-20 02:08:08 UTC,2026-06-20 02:07:49 UTC,2026-06-20 02:07:42 UTC,2026-06-20 02:11:53 UTC,2026-06-20 02:11:58 UTC,2026-06-20 02:11:30 UTC,2026-06-20 02:11:02 UTC,end_normal
19011b1c088ca76570893743fd7d98a9,2026-06-19 20:07:11 UTC,2026-06-19 20:32:59 UTC,2026-06-19 20:07:42 UTC,4,3,4,4,3,NA,2,2,2,2,2,NA,option_1,option_2,option_1,option_2,option_2,7,sf,NA,3,3,2,sjaelland,lang_videre,1960,Kvinde,27,NA,2026-06-19 20:08:55 UTC,2026-06-19 20:08:37 UTC,2026-06-19 20:08:26 UTC,2026-06-19 20:08:05 UTC,2026-06-19 20:07:58 UTC,2026-06-19 20:07:51 UTC,NA,2026-06-19 20:14:21 UTC,2026-06-19 20:13:06 UTC,2026-06-19 20:11:59 UTC,2026-06-19 20:10:53 UTC,2026-06-19 20:10:20 UTC,2026-06-19 20:09:20 UTC,2026-06-19 20:09:05 UTC,2026-06-19 20:17:05 UTC,2026-06-19 20:17:05 UTC,2026-06-19 20:16:59 UTC,2026-06-19 20:16:35 UTC,NA,2026-06-19 20:15:50 UTC,2026-06-19 20:15:48 UTC,2026-06-19 20:15:41 UTC,2026-06-19 20:15:39 UTC,2026-06-19 20:15:34 UTC,2026-06-19 20:14:22 UTC,2026-06-19 20:13:14 UTC,2026-06-19 20:12:00 UTC,2026-06-19 20:10:54 UTC,2026-06-19 20:10:21 UTC,2026-06-19 20:09:43 UTC,2026-06-19 20:09:23 UTC,2026-06-19 20:08:57 UTC,2026-06-19 20:08:06 UTC,NA,2026-06-19 20:07:11 UTC,2026-06-19 20:17:09 UTC,2026-06-19 20:17:11 UTC,2026-06-19 20:15:52 UTC,NA,end_normal
191cb669cac8cb8046681a088aff27f3,2026-05-17 19:50:14 UTC,2026-05-17 19:56:39 UTC,2026-05-17 19:50:53 UTC,4,5,5,5,4,NA,1,1,2,2,1,NA,option_1,option_2,option_2,option_2,option_2,2,sf,3,2,1,2,sjaelland,kort_videre,1967,Kvinde,1440,2026-05-17 19:51:40 UTC,2026-05-17 19:51:35 UTC,2026-05-17 19:51:25 UTC,2026-05-17 19:51:17 UTC,2026-05-17 19:51:07 UTC,2026-05-17 19:51:04 UTC,2026-05-17 19:50:59 UTC,NA,2026-05-17 19:54:24 UTC,2026-05-17 19:54:00 UTC,2026-05-17 19:53:31 UTC,2026-05-17 19:53:06 UTC,2026-05-17 19:52:47 UTC,2026-05-17 19:51:48 UTC,2026-05-17 19:52:04 UTC,2026-05-17 19:55:58 UTC,2026-05-17 19:55:45 UTC,2026-05-17 19:55:40 UTC,2026-05-17 19:55:29 UTC,NA,2026-05-17 19:55:12 UTC,2026-05-17 19:55:11 UTC,2026-05-17 19:55:07 UTC,2026-05-17 19:55:04 UTC,2026-05-17 19:54:49 UTC,2026-05-17 19:54:25 UTC,2026-05-17 19:54:03 UTC,2026-05-17 19:53:32 UTC,2026-05-17 19:53:11 UTC,2026-05-17 19:52:48 UTC,2026-05-17 19:52:18 UTC,2026-05-17 19:52:07 UTC,2026-05-17 19:51:40 UTC,2026-05-17 19:51:08 UTC,2026-05-17 19:50:46 UTC,2026-05-17 19:50:14 UTC,2026-05-17 19:56:03 UTC,2026-05-17 19:56:07 UTC,2026-05-17 19:55:13 UTC,2026-05-17 19:54:38 UTC,end_normal
1921bf9983702cd95732768742062b4a,2026-06-20 05:23:19 UTC,2026-06-20 05:26:54 UTC,2026-06-20 05:23:32 UTC,NA,NA,NA,NA,NA,NA,1,1,1,1,1,NA,option_2,option_1,option_2,option_2,option_1,5,dansk_folkeparti,NA,1,NA,1,syddanmark,kort_videre,1966,Mand,127,NA,2026-06-20 05:24:15 UTC,NA,2026-06-20 05:24:04 UTC,2026-06-20 05:23:53 UTC,2026-06-20 05:23:46 UTC,2026-06-20 05:23:39 UTC,NA,2026-06-20 05:26:00 UTC,2026-06-20 05:25:49 UTC,2026-06-20 05:25:34 UTC,2026-06-20 05:25:21 UTC,2026-06-20 05:25:05 UTC,2026-06-20 05:24:40 UTC,2026-06-20 05:24:27 UTC,NA,NA,NA,NA,NA,2026-06-20 05:26:23 UTC,2026-06-20 05:26:24 UTC,2026-06-20 05:26:24 UTC,2026-06-20 05:26:25 UTC,2026-06-20 05:26:26 UTC,2026-06-20 05:26:01 UTC,2026-06-20 05:25:51 UTC,2026-06-20 05:25:39 UTC,2026-06-20 05:25:23 UTC,2026-06-20 05:25:08 UTC,2026-06-20 05:24:46 UTC,2026-06-20 05:24:41 UTC,2026-06-20 05:24:15 UTC,2026-06-20 05:23:54 UTC,2026-06-20 05:23:27 UTC,2026-06-20 05:23:19 UTC,NA,NA,2026-06-20 05:26:26 UTC,2026-06-20 05:26:06 UTC,single_profile_2
19c20c4316ae12d9598f7c25575cb062,2026-06-19 18:22:08 UTC,2026-06-19 18:26:36 UTC,2026-06-19 18:22:20 UTC,NA,NA,NA,NA,NA,NA,NA,NA,NA,NA,NA,NA,NA,NA,NA,NA,NA,3,venstre,1,2,NA,1,midtjylland,erhvervsuddannelse,1988,Mand,1186,2026-06-19 18:23:36 UTC,2026-06-19 18:23:17 UTC,NA,2026-06-19 18:23:00 UTC,2026-06-19 18:22:49 UTC,2026-06-19 18:22:52 UTC,2026-06-19 18:22:27 UTC,NA,NA,NA,NA,NA,NA,2026-06-19 18:24:07 UTC,2026-06-19 18:23:54 UTC,NA,NA,NA,NA,NA,NA,NA,NA,NA,NA,NA,NA,NA,NA,NA,2026-06-19 18:24:12 UTC,2026-06-19 18:24:09 UTC,2026-06-19 18:23:37 UTC,NA,2026-06-19 18:22:14 UTC,2026-06-19 18:22:08 UTC,NA,NA,NA,NA,cbc_q1_page
19d93be58969ba89551b8222a9c0d4db,2026-05-13 15:32:39 UTC,2026-05-13 15:36:10 UTC,2026-05-13 15:32:52 UTC,NA,NA,NA,NA,NA,NA,NA,NA,NA,NA,NA,NA,NA,NA,option_2,option_2,option_1,9,moderaterne,1,2,3,2,sjaelland,lang_videre,1999,Kvinde,740,2026-05-13 15:33:31 UTC,2026-05-13 15:33:28 UTC,2026-05-13 15:33:19 UTC,2026-05-13 15:33:12 UTC,2026-05-13 15:33:03 UTC,2026-05-13 15:32:57 UTC,2026-05-13 15:32:54 UTC,NA,NA,NA,2026-05-13 15:35:14 UTC,2026-05-13 15:34:55 UTC,2026-05-13 15:34:35 UTC,2026-05-13 15:33:43 UTC,2026-05-13 15:33:40 UTC,NA,NA,NA,NA,NA,NA,NA,NA,NA,NA,NA,NA,2026-05-13 15:35:21 UTC,2026-05-13 15:34:57 UTC,2026-05-13 15:34:36 UTC,2026-05-13 15:33:47 UTC,2026-05-13 15:33:43 UTC,2026-05-13 15:33:33 UTC,2026-05-13 15:33:08 UTC,2026-05-13 15:32:46 UTC,2026-05-13 15:32:39 UTC,NA,NA,NA,NA,cbc_q4_page
19fa6759b99c08bd55cad29c5ba911b2,2026-06-20 01:06:29 UTC,2026-06-20 01:07:51 UTC,2026-06-20 01:06:42 UTC,NA,NA,NA,NA,NA,NA,NA,NA,NA,NA,NA,NA,NA,NA,NA,NA,NA,NA,NA,NA,NA,NA,NA,midtjylland,gymnasial,2003,Mand,727,NA,NA,NA,NA,2026-06-20 01:06:53 UTC,2026-06-20 01:06:47 UTC,2026-06-20 01:06:45 UTC,NA,NA,NA,NA,NA,NA,NA,NA,NA,NA,NA,NA,NA,NA,NA,NA,NA,NA,NA,NA,NA,NA,NA,NA,NA,NA,2026-06-20 01:06:54 UTC,2026-06-20 01:06:37 UTC,2026-06-20 01:06:29 UTC,NA,NA,NA,NA,issue_positions
1a10e7b3c0d12a83e06a17971cfd31ca,2026-05-17 07:21:08 UTC,2026-05-17 07:22:38 UTC,NA,NA,NA,NA,NA,NA,NA,NA,NA,NA,NA,NA,NA,NA,NA,NA,NA,NA,NA,NA,NA,NA,NA,NA,NA,NA,NA,NA,1006,NA,NA,NA,NA,NA,NA,NA,NA,NA,NA,NA,NA,NA,NA,NA,NA,NA,NA,NA,NA,NA,NA,NA,NA,NA,NA,NA,NA,NA,NA,NA,NA,NA,NA,2026-05-17 07:21:16 UTC,2026-05-17 07:21:08 UTC,NA,NA,NA,NA,Background
1a620c0d30f8fb071ac0f8e36883b8c0,2026-06-19 20:47:05 UTC,2026-06-19 20:55:43 UTC,2026-06-19 20:47:19 UTC,2,2,2,2,2,NA,2,3,3,4,4,NA,option_1,option_1,option_1,option_1,option_1,3,danmarksdemokraterne,1,2,NA,1,sjaelland,grundskole,1965,Kvinde,1197,2026-06-19 20:48:20 UTC,2026-06-19 20:48:07 UTC,NA,2026-06-19 20:47:55 UTC,2026-06-19 20:47:41 UTC,2026-06-19 20:47:37 UTC,2026-06-19 20:47:29 UTC,NA,2026-06-19 20:51:05 UTC,2026-06-19 20:50:50 UTC,2026-06-19 20:50:24 UTC,2026-06-19 20:50:00 UTC,2026-06-19 20:49:36 UTC,2026-06-19 20:48:45 UTC,2026-06-19 20:48:35 UTC,2026-06-19 20:52:21 UTC,2026-06-19 20:52:21 UTC,2026-06-19 20:52:17 UTC,2026-06-19 20:52:17 UTC,NA,2026-06-19 20:51:53 UTC,2026-06-19 20:51:50 UTC,2026-06-19 20:51:45 UTC,2026-06-19 20:51:41 UTC,2026-06-19 20:51:41 UTC,2026-06-19 20:51:08 UTC,2026-06-19 20:50:51 UTC,2026-06-19 20:50:31 UTC,2026-06-19 20:50:01 UTC,2026-06-19 20:49:37 UTC,2026-06-19 20:48:55 UTC,2026-06-19 20:48:49 UTC,2026-06-19 20:48:24 UTC,2026-06-19 20:47:44 UTC,2026-06-19 20:47:15 UTC,2026-06-19 20:47:05 UTC,2026-06-19 20:52:22 UTC,2026-06-19 20:52:24 UTC,2026-06-19 20:51:54 UTC,2026-06-19 20:51:17 UTC,end_normal
1aa523fd9b359e9001a8acf8c5a47b9a,2026-05-16 17:05:31 UTC,2026-05-16 17:13:34 UTC,2026-05-16 17:05:53 UTC,4,3,3,3,4,NA,1,2,3,3,3,NA,option_2,option_2,option_1,option_1,option_1,9,sf,3,2,NA,3,sjaelland,lang_videre,1959,Kvinde,1777,2026-05-16 17:06:55 UTC,2026-05-16 17:06:42 UTC,NA,2026-05-16 17:06:30 UTC,2026-05-16 17:06:12 UTC,2026-05-16 17:06:09 UTC,2026-05-16 17:06:02 UTC,NA,2026-05-16 17:09:59 UTC,2026-05-16 17:09:21 UTC,2026-05-16 17:09:02 UTC,2026-05-16 17:08:32 UTC,2026-05-16 17:07:55 UTC,2026-05-16 17:07:11 UTC,2026-05-16 17:07:02 UTC,2026-05-16 17:12:12 UTC,2026-05-16 17:12:10 UTC,2026-05-16 17:12:01 UTC,2026-05-16 17:12:22 UTC,NA,2026-05-16 17:11:12 UTC,2026-05-16 17:11:17 UTC,2026-05-16 17:11:25 UTC,2026-05-16 17:10:50 UTC,2026-05-16 17:10:35 UTC,2026-05-16 17:10:00 UTC,2026-05-16 17:09:22 UTC,2026-05-16 17:09:03 UTC,2026-05-16 17:08:34 UTC,2026-05-16 17:07:57 UTC,2026-05-16 17:07:27 UTC,2026-05-16 17:07:11 UTC,2026-05-16 17:06:55 UTC,2026-05-16 17:06:14 UTC,2026-05-16 17:05:49 UTC,2026-05-16 17:05:31 UTC,2026-05-16 17:12:23 UTC,2026-05-16 17:12:30 UTC,2026-05-16 17:11:31 UTC,2026-05-16 17:10:06 UTC,end_normal
1ace010bf66067f514ee57fde667c8a0,2026-05-23 16:57:31 UTC,2026-05-23 17:01:43 UTC,2026-05-23 16:57:43 UTC,NA,NA,NA,NA,NA,NA,NA,NA,NA,NA,NA,NA,option_2,option_2,option_1,option_1,option_1,7,moderaterne,1,2,NA,3,midtjylland,lang_videre,1972,Kvinde,1200,2026-05-23 16:58:23 UTC,2026-05-23 16:58:11 UTC,NA,2026-05-23 16:58:06 UTC,2026-05-23 16:57:56 UTC,2026-05-23 16:57:53 UTC,2026-05-23 16:57:48 UTC,NA,2026-05-23 17:01:07 UTC,2026-05-23 17:00:53 UTC,2026-05-23 17:00:30 UTC,2026-05-23 16:59:58 UTC,2026-05-23 16:59:21 UTC,2026-05-23 16:58:31 UTC,2026-05-23 16:58:39 UTC,NA,NA,NA,NA,NA,NA,NA,NA,NA,NA,2026-05-23 17:01:07 UTC,2026-05-23 17:00:53 UTC,2026-05-23 17:00:31 UTC,2026-05-23 16:59:59 UTC,2026-05-23 16:59:36 UTC,2026-05-23 16:58:53 UTC,2026-05-23 16:58:41 UTC,2026-05-23 16:58:24 UTC,2026-05-23 16:57:57 UTC,2026-05-23 16:57:39 UTC,2026-05-23 16:57:31 UTC,NA,NA,NA,2026-05-23 17:01:10 UTC,single_profile_1
1af7aff6ea9a85a62e697a948aae37af,2026-05-16 06:58:34 UTC,2026-05-16 07:05:57 UTC,2026-05-16 06:58:47 UTC,4,3,4,4,4,NA,2,2,2,3,1,NA,option_2,option_1,option_1,option_1,option_2,8,moderaterne,NA,3,NA,1,sjaelland,kort_videre,1949,Mand,4,NA,2026-05-16 06:59:37 UTC,NA,2026-05-16 06:59:25 UTC,2026-05-16 06:59:09 UTC,2026-05-16 06:59:02 UTC,2026-05-16 06:58:54 UTC,NA,2026-05-16 07:03:02 UTC,2026-05-16 07:02:39 UTC,2026-05-16 07:01:59 UTC,2026-05-16 07:01:30 UTC,2026-05-16 07:00:55 UTC,2026-05-16 06:59:55 UTC,2026-05-16 06:59:47 UTC,2026-05-16 07:05:19 UTC,2026-05-16 07:05:14 UTC,2026-05-16 07:05:11 UTC,2026-05-16 07:05:01 UTC,NA,2026-05-16 07:04:40 UTC,2026-05-16 07:04:33 UTC,2026-05-16 07:04:22 UTC,2026-05-16 07:04:12 UTC,2026-05-16 07:03:59 UTC,2026-05-16 07:03:05 UTC,2026-05-16 07:02:40 UTC,2026-05-16 07:02:00 UTC,2026-05-16 07:01:31 UTC,2026-05-16 07:00:58 UTC,2026-05-16 07:00:27 UTC,2026-05-16 07:00:01 UTC,2026-05-16 06:59:37 UTC,2026-05-16 06:59:11 UTC,2026-05-16 06:58:41 UTC,2026-05-16 06:58:34 UTC,2026-05-16 07:05:22 UTC,2026-05-16 07:05:24 UTC,2026-05-16 07:04:40 UTC,2026-05-16 07:03:20 UTC,end_normal
1b0fbb29a6d5e732898d329a2e280c11,2026-05-16 19:39:50 UTC,2026-05-16 19:47:01 UTC,2026-05-16 19:40:20 UTC,2,3,3,2,3,NA,4,4,3,4,4,NA,option_2,option_2,option_1,option_2,option_2,6,sf,3,2,3,2,sjaelland,lang_videre,1974,Kvinde,1320,2026-05-16 19:41:34 UTC,2026-05-16 19:41:30 UTC,2026-05-16 19:41:18 UTC,2026-05-16 19:40:48 UTC,2026-05-16 19:40:38 UTC,2026-05-16 19:40:34 UTC,2026-05-16 19:40:27 UTC,NA,2026-05-16 19:44:52 UTC,2026-05-16 19:44:21 UTC,2026-05-16 19:43:28 UTC,2026-05-16 19:43:07 UTC,2026-05-16 19:42:42 UTC,2026-05-16 19:41:52 UTC,2026-05-16 19:41:42 UTC,2026-05-16 19:46:21 UTC,2026-05-16 19:46:19 UTC,2026-05-16 19:46:15 UTC,2026-05-16 19:46:11 UTC,NA,2026-05-16 19:45:44 UTC,2026-05-16 19:45:41 UTC,2026-05-16 19:45:38 UTC,2026-05-16 19:45:32 UTC,2026-05-16 19:45:28 UTC,2026-05-16 19:44:57 UTC,2026-05-16 19:44:25 UTC,2026-05-16 19:43:32 UTC,2026-05-16 19:43:10 UTC,2026-05-16 19:42:45 UTC,2026-05-16 19:42:06 UTC,2026-05-16 19:41:54 UTC,2026-05-16 19:41:35 UTC,2026-05-16 19:40:38 UTC,2026-05-16 19:40:16 UTC,2026-05-16 19:39:50 UTC,2026-05-16 19:46:23 UTC,2026-05-16 19:46:24 UTC,2026-05-16 19:45:44 UTC,2026-05-16 19:45:10 UTC,end_normal
1b2273503074893ed3559620da19c821,2026-05-13 18:50:20 UTC,2026-05-13 19:06:30 UTC,2026-05-13 18:51:54 UTC,1,2,2,2,2,NA,1,2,2,2,2,NA,option_1,option_1,option_2,option_2,option_2,4,danmarksdemokraterne,3,2,NA,1,syddanmark,mellemlang_videre,1952,Mand,1169,2026-05-13 18:53:49 UTC,2026-05-13 18:53:18 UTC,NA,2026-05-13 18:53:00 UTC,2026-05-13 18:52:40 UTC,2026-05-13 18:52:32 UTC,2026-05-13 18:52:07 UTC,NA,2026-05-13 19:01:05 UTC,2026-05-13 19:00:18 UTC,2026-05-13 18:59:30 UTC,2026-05-13 18:58:50 UTC,2026-05-13 18:57:46 UTC,2026-05-13 18:54:15 UTC,2026-05-13 18:54:01 UTC,2026-05-13 19:03:43 UTC,2026-05-13 19:03:42 UTC,2026-05-13 19:03:39 UTC,2026-05-13 19:03:35 UTC,NA,2026-05-13 19:02:11 UTC,2026-05-13 19:02:09 UTC,2026-05-13 19:02:02 UTC,2026-05-13 19:01:57 UTC,2026-05-13 19:01:47 UTC,2026-05-13 19:01:06 UTC,2026-05-13 19:00:20 UTC,2026-05-13 18:59:33 UTC,2026-05-13 18:58:51 UTC,2026-05-13 18:57:57 UTC,2026-05-13 18:56:38 UTC,2026-05-13 18:54:19 UTC,2026-05-13 18:53:50 UTC,2026-05-13 18:52:42 UTC,2026-05-13 18:51:29 UTC,2026-05-13 18:50:20 UTC,2026-05-13 19:03:50 UTC,2026-05-13 19:03:50 UTC,2026-05-13 19:02:15 UTC,2026-05-13 19:01:18 UTC,end_normal
1b31d700d11321fe244ab99a8b2079d2,2026-05-16 18:07:23 UTC,2026-05-16 18:09:59 UTC,2026-05-16 18:07:41 UTC,NA,NA,NA,NA,NA,NA,NA,NA,NA,NA,NA,NA,NA,NA,NA,NA,option_1,7,socialdemokratiet,NA,3,NA,1,nordjylland,erhvervsuddannelse,1969,Kvinde,370,NA,2026-05-16 18:08:24 UTC,NA,2026-05-16 18:08:13 UTC,2026-05-16 18:08:02 UTC,2026-05-16 18:07:58 UTC,2026-05-16 18:07:49 UTC,NA,NA,NA,NA,NA,2026-05-16 18:09:27 UTC,2026-05-16 18:08:41 UTC,2026-05-16 18:08:34 UTC,NA,NA,NA,NA,NA,NA,NA,NA,NA,NA,NA,NA,NA,NA,NA,2026-05-16 18:09:06 UTC,2026-05-16 18:08:43 UTC,2026-05-16 18:08:25 UTC,2026-05-16 18:08:03 UTC,2026-05-16 18:07:33 UTC,2026-05-16 18:07:23 UTC,NA,NA,NA,NA,cbc_q1_page
1b40db7deaff9f6c15f36c0ddb991672,2026-05-17 17:36:27 UTC,2026-05-17 17:47:40 UTC,2026-05-17 17:37:43 UTC,2,2,2,2,2,NA,2,3,3,3,4,NA,option_1,NA,option_2,option_2,option_1,3,danmarksdemokraterne,3,2,NA,1,midtjylland,gymnasial,1957,Kvinde,1550,2026-05-17 17:39:47 UTC,2026-05-17 17:39:36 UTC,NA,2026-05-17 17:39:15 UTC,2026-05-17 17:38:55 UTC,2026-05-17 17:37:56 UTC,2026-05-17 17:37:53 UTC,NA,2026-05-17 17:44:39 UTC,NA,2026-05-17 17:43:24 UTC,2026-05-17 17:42:39 UTC,2026-05-17 17:40:59 UTC,2026-05-17 17:40:07 UTC,2026-05-17 17:40:02 UTC,2026-05-17 17:46:43 UTC,2026-05-17 17:46:40 UTC,2026-05-17 17:46:38 UTC,2026-05-17 17:46:34 UTC,NA,2026-05-17 17:45:54 UTC,2026-05-17 17:45:50 UTC,2026-05-17 17:45:46 UTC,2026-05-17 17:46:10 UTC,2026-05-17 17:45:26 UTC,2026-05-17 17:44:40 UTC,NA,2026-05-17 17:43:29 UTC,2026-05-17 17:42:40 UTC,2026-05-17 17:41:14 UTC,2026-05-17 17:40:15 UTC,2026-05-17 17:40:09 UTC,2026-05-17 17:39:47 UTC,2026-05-17 17:38:57 UTC,2026-05-17 17:37:38 UTC,2026-05-17 17:36:27 UTC,2026-05-17 17:46:45 UTC,2026-05-17 17:46:47 UTC,2026-05-17 17:46:12 UTC,2026-05-17 17:44:59 UTC,end_normal
1b879cded12d93e01404302445414c9c,2026-05-19 16:23:58 UTC,2026-05-19 16:29:12 UTC,2026-05-19 16:24:09 UTC,2,2,2,2,2,NA,2,2,2,3,3,NA,option_1,option_1,option_1,option_2,option_2,5,stemte_ikke,3,2,NA,1,sjaelland,erhvervsuddannelse,1996,Kvinde,1902,2026-05-19 16:24:29 UTC,2026-05-19 16:24:24 UTC,NA,2026-05-19 16:24:19 UTC,2026-05-19 16:24:15 UTC,2026-05-19 16:24:14 UTC,2026-05-19 16:24:13 UTC,NA,2026-05-19 16:25:56 UTC,2026-05-19 16:25:46 UTC,2026-05-19 16:25:30 UTC,2026-05-19 16:25:16 UTC,2026-05-19 16:24:58 UTC,2026-05-19 16:24:39 UTC,2026-05-19 16:24:37 UTC,2026-05-19 16:27:06 UTC,2026-05-19 16:27:06 UTC,2026-05-19 16:27:05 UTC,2026-05-19 16:27:00 UTC,NA,2026-05-19 16:26:48 UTC,2026-05-19 16:26:43 UTC,2026-05-19 16:26:39 UTC,2026-05-19 16:26:37 UTC,2026-05-19 16:26:35 UTC,2026-05-19 16:25:57 UTC,2026-05-19 16:25:47 UTC,2026-05-19 16:25:33 UTC,2026-05-19 16:25:18 UTC,2026-05-19 16:24:59 UTC,2026-05-19 16:24:44 UTC,2026-05-19 16:24:40 UTC,2026-05-19 16:24:30 UTC,2026-05-19 16:24:15 UTC,2026-05-19 16:24:06 UTC,2026-05-19 16:23:58 UTC,2026-05-19 16:27:06 UTC,2026-05-19 16:27:07 UTC,2026-05-19 16:26:49 UTC,2026-05-19 16:26:00 UTC,end_normal
1c02c1b5d93ce300350345764db35f16,2026-06-19 19:35:52 UTC,2026-06-19 19:43:22 UTC,2026-06-19 19:36:08 UTC,3,3,3,4,2,NA,4,3,3,4,2,NA,option_2,option_2,option_2,option_1,option_1,8,enhedslisten,NA,3,NA,3,syddanmark,grundskole,2008,Andet,1069,NA,2026-06-19 19:37:09 UTC,NA,2026-06-19 19:37:00 UTC,2026-06-19 19:36:23 UTC,2026-06-19 19:36:20 UTC,2026-06-19 19:36:15 UTC,NA,2026-06-19 19:40:06 UTC,2026-06-19 19:39:49 UTC,2026-06-19 19:39:25 UTC,2026-06-19 19:38:50 UTC,2026-06-19 19:38:28 UTC,2026-06-19 19:37:43 UTC,2026-06-19 19:37:33 UTC,2026-06-19 19:41:36 UTC,2026-06-19 19:41:32 UTC,2026-06-19 19:41:27 UTC,2026-06-19 19:41:20 UTC,NA,2026-06-19 19:41:00 UTC,2026-06-19 19:40:57 UTC,2026-06-19 19:40:54 UTC,2026-06-19 19:40:49 UTC,2026-06-19 19:40:42 UTC,2026-06-19 19:40:07 UTC,2026-06-19 19:39:51 UTC,2026-06-19 19:39:28 UTC,2026-06-19 19:38:53 UTC,2026-06-19 19:38:29 UTC,2026-06-19 19:37:45 UTC,2026-06-19 19:37:40 UTC,2026-06-19 19:37:23 UTC,2026-06-19 19:36:24 UTC,2026-06-19 19:36:03 UTC,2026-06-19 19:35:52 UTC,2026-06-19 19:41:41 UTC,2026-06-19 19:41:44 UTC,2026-06-19 19:41:01 UTC,2026-06-19 19:40:20 UTC,end_normal
1cae14798b63c080c440a73095f0efae,2026-05-20 05:27:24 UTC,2026-05-20 05:32:16 UTC,2026-05-20 05:27:36 UTC,2,2,2,2,2,NA,1,4,4,3,4,NA,option_1,option_1,option_1,option_2,option_2,5,enhedslisten,3,2,3,2,sjaelland,mellemlang_videre,1962,Kvinde,1447,2026-05-20 05:28:29 UTC,2026-05-20 05:28:26 UTC,2026-05-20 05:28:20 UTC,2026-05-20 05:28:08 UTC,2026-05-20 05:27:49 UTC,2026-05-20 05:27:46 UTC,2026-05-20 05:27:41 UTC,NA,2026-05-20 05:30:32 UTC,2026-05-20 05:30:11 UTC,2026-05-20 05:29:53 UTC,2026-05-20 05:29:24 UTC,2026-05-20 05:29:09 UTC,2026-05-20 05:28:43 UTC,2026-05-20 05:28:38 UTC,2026-05-20 05:31:53 UTC,2026-05-20 05:31:51 UTC,2026-05-20 05:31:49 UTC,2026-05-20 05:31:44 UTC,NA,2026-05-20 05:31:34 UTC,2026-05-20 05:31:29 UTC,2026-05-20 05:31:25 UTC,2026-05-20 05:31:16 UTC,2026-05-20 05:31:24 UTC,2026-05-20 05:30:34 UTC,2026-05-20 05:30:12 UTC,2026-05-20 05:29:55 UTC,2026-05-20 05:29:26 UTC,2026-05-20 05:29:11 UTC,2026-05-20 05:28:51 UTC,2026-05-20 05:28:45 UTC,2026-05-20 05:28:30 UTC,2026-05-20 05:27:50 UTC,2026-05-20 05:27:31 UTC,2026-05-20 05:27:24 UTC,2026-05-20 05:31:55 UTC,2026-05-20 05:31:56 UTC,2026-05-20 05:31:34 UTC,2026-05-20 05:30:40 UTC,end_normal
1cf1206694cb3836ed6320b71f01bed5,2026-06-20 10:37:38 UTC,2026-06-20 10:42:46 UTC,2026-06-20 10:37:53 UTC,NA,NA,NA,NA,NA,NA,NA,NA,NA,NA,NA,NA,NA,NA,NA,NA,option_2,7,sf,NA,3,NA,3,midtjylland,lang_videre,1992,Kvinde,1756,NA,2026-06-20 10:38:20 UTC,NA,2026-06-20 10:38:13 UTC,2026-06-20 10:38:04 UTC,2026-06-20 10:38:02 UTC,2026-06-20 10:37:57 UTC,NA,NA,NA,NA,NA,2026-06-20 10:39:43 UTC,2026-06-20 10:38:33 UTC,2026-06-20 10:38:27 UTC,NA,NA,NA,NA,NA,NA,NA,NA,NA,NA,NA,NA,NA,NA,2026-06-20 10:39:45 UTC,2026-06-20 10:38:41 UTC,2026-06-20 10:38:33 UTC,2026-06-20 10:38:21 UTC,2026-06-20 10:38:05 UTC,2026-06-20 10:37:48 UTC,2026-06-20 10:37:38 UTC,NA,NA,NA,NA,cbc_q2_page
1cf24a4fcbaefbcda7ba5e3825f57111,2026-05-13 22:51:29 UTC,2026-05-13 22:58:40 UTC,2026-05-13 22:52:04 UTC,1,1,1,1,1,NA,2,4,3,3,3,NA,option_1,option_2,option_2,option_1,option_2,3,blankt,NA,3,NA,1,hovedstaden,kort_videre,1960,Kvinde,1053,NA,2026-05-13 22:52:57 UTC,NA,2026-05-13 22:52:46 UTC,2026-05-13 22:52:34 UTC,2026-05-13 22:52:28 UTC,2026-05-13 22:52:15 UTC,NA,2026-05-13 22:56:17 UTC,2026-05-13 22:55:41 UTC,2026-05-13 22:55:20 UTC,2026-05-13 22:54:51 UTC,2026-05-13 22:54:17 UTC,2026-05-13 22:53:18 UTC,2026-05-13 22:53:09 UTC,2026-05-13 22:57:55 UTC,2026-05-13 22:57:51 UTC,2026-05-13 22:57:48 UTC,2026-05-13 22:57:40 UTC,NA,2026-05-13 22:57:21 UTC,2026-05-13 22:57:13 UTC,2026-05-13 22:57:07 UTC,2026-05-13 22:57:06 UTC,2026-05-13 22:56:56 UTC,2026-05-13 22:56:19 UTC,2026-05-13 22:55:43 UTC,2026-05-13 22:55:22 UTC,2026-05-13 22:54:53 UTC,2026-05-13 22:54:21 UTC,2026-05-13 22:53:37 UTC,2026-05-13 22:53:20 UTC,2026-05-13 22:52:58 UTC,2026-05-13 22:52:36 UTC,2026-05-13 22:51:59 UTC,2026-05-13 22:51:29 UTC,2026-05-13 22:57:58 UTC,2026-05-13 22:58:19 UTC,2026-05-13 22:57:22 UTC,2026-05-13 22:56:31 UTC,end_normal
1cf3b3a4ea1e5b5328d87c97bd2aa8bf,2026-06-03 16:04:36 UTC,2026-06-03 16:10:11 UTC,2026-06-03 16:04:50 UTC,1,1,1,1,1,NA,1,1,1,1,1,NA,option_2,option_2,option_2,option_1,option_2,8,socialdemokratiet,NA,3,NA,1,syddanmark,mellemlang_videre,1958,Mand,396,NA,2026-06-03 16:05:28 UTC,NA,2026-06-03 16:05:20 UTC,2026-06-03 16:05:10 UTC,2026-06-03 16:05:04 UTC,2026-06-03 16:04:57 UTC,NA,2026-06-03 16:08:12 UTC,2026-06-03 16:07:43 UTC,2026-06-03 16:07:24 UTC,2026-06-03 16:07:02 UTC,2026-06-03 16:06:30 UTC,2026-06-03 16:05:35 UTC,2026-06-03 16:05:50 UTC,2026-06-03 16:09:32 UTC,2026-06-03 16:09:31 UTC,2026-06-03 16:09:29 UTC,2026-06-03 16:09:27 UTC,NA,2026-06-03 16:09:10 UTC,2026-06-03 16:09:05 UTC,2026-06-03 16:08:58 UTC,2026-06-03 16:08:59 UTC,2026-06-03 16:08:56 UTC,2026-06-03 16:08:13 UTC,2026-06-03 16:07:46 UTC,2026-06-03 16:07:25 UTC,2026-06-03 16:07:04 UTC,2026-06-03 16:06:33 UTC,2026-06-03 16:06:05 UTC,2026-06-03 16:05:53 UTC,2026-06-03 16:05:29 UTC,2026-06-03 16:05:11 UTC,2026-06-03 16:04:46 UTC,2026-06-03 16:04:36 UTC,2026-06-03 16:09:33 UTC,2026-06-03 16:09:35 UTC,2026-06-03 16:09:11 UTC,2026-06-03 16:08:22 UTC,end_normal
1d08a04a01fca840e8ff65868e1aa9f7,2026-05-12 14:13:42 UTC,2026-05-12 14:20:41 UTC,2026-05-12 14:13:54 UTC,1,1,1,1,1,NA,5,5,5,5,5,NA,option_1,option_1,option_1,option_1,option_1,8,socialdemokratiet,NA,3,NA,1,midtjylland,lang_videre,1956,Kvinde,1568,NA,2026-05-12 14:14:46 UTC,NA,2026-05-12 14:14:36 UTC,2026-05-12 14:14:07 UTC,2026-05-12 14:14:03 UTC,2026-05-12 14:14:23 UTC,NA,2026-05-12 14:18:37 UTC,2026-05-12 14:17:55 UTC,2026-05-12 14:17:27 UTC,2026-05-12 14:17:04 UTC,2026-05-12 14:16:00 UTC,2026-05-12 14:15:01 UTC,2026-05-12 14:14:54 UTC,2026-05-12 14:19:52 UTC,2026-05-12 14:19:50 UTC,2026-05-12 14:19:43 UTC,2026-05-12 14:19:42 UTC,NA,2026-05-12 14:19:25 UTC,2026-05-12 14:19:19 UTC,2026-05-12 14:19:16 UTC,2026-05-12 14:19:14 UTC,2026-05-12 14:19:10 UTC,2026-05-12 14:18:38 UTC,2026-05-12 14:17:56 UTC,2026-05-12 14:17:31 UTC,2026-05-12 14:17:05 UTC,2026-05-12 14:16:03 UTC,2026-05-12 14:15:18 UTC,NA,2026-05-12 14:14:47 UTC,2026-05-12 14:14:25 UTC,2026-05-12 14:13:49 UTC,2026-05-12 14:13:42 UTC,2026-05-12 14:19:54 UTC,2026-05-12 14:20:04 UTC,2026-05-12 14:19:27 UTC,2026-05-12 14:18:42 UTC,end_normal
1d1215ff20781e3656da537cf83cc85b,2026-06-20 07:40:40 UTC,2026-06-20 07:48:03 UTC,2026-06-20 07:40:51 UTC,2,2,2,3,3,NA,2,4,3,4,4,NA,option_2,option_1,option_1,option_1,option_2,6,moderaterne,NA,3,NA,1,syddanmark,kort_videre,1971,Kvinde,804,NA,2026-06-20 07:41:51 UTC,NA,2026-06-20 07:41:28 UTC,2026-06-20 07:41:08 UTC,2026-06-20 07:41:05 UTC,2026-06-20 07:40:56 UTC,NA,2026-06-20 07:45:47 UTC,2026-06-20 07:45:24 UTC,2026-06-20 07:44:43 UTC,2026-06-20 07:44:14 UTC,2026-06-20 07:43:32 UTC,2026-06-20 07:42:06 UTC,2026-06-20 07:42:00 UTC,2026-06-20 07:47:30 UTC,2026-06-20 07:47:29 UTC,2026-06-20 07:47:23 UTC,2026-06-20 07:47:19 UTC,NA,2026-06-20 07:47:02 UTC,2026-06-20 07:46:56 UTC,2026-06-20 07:46:51 UTC,2026-06-20 07:46:45 UTC,2026-06-20 07:46:39 UTC,2026-06-20 07:45:47 UTC,2026-06-20 07:45:26 UTC,2026-06-20 07:44:44 UTC,2026-06-20 07:44:15 UTC,2026-06-20 07:43:33 UTC,2026-06-20 07:42:21 UTC,2026-06-20 07:42:10 UTC,2026-06-20 07:41:54 UTC,NA,NA,2026-06-20 07:40:40 UTC,2026-06-20 07:47:32 UTC,2026-06-20 07:47:33 UTC,NA,2026-06-20 07:46:00 UTC,end_normal
1d7a8bf64d49b26e0bb95f40c12f02a3,2026-06-20 09:24:58 UTC,2026-06-20 09:36:56 UTC,2026-06-20 09:26:33 UTC,NA,NA,NA,NA,NA,NA,NA,NA,NA,NA,NA,NA,option_1,option_1,option_1,option_1,option_2,7,radikale,NA,3,NA,3,midtjylland,mellemlang_videre,1974,Kvinde,380,NA,2026-06-20 09:27:49 UTC,NA,2026-06-20 09:27:38 UTC,2026-06-20 09:27:22 UTC,2026-06-20 09:27:10 UTC,2026-06-20 09:26:48 UTC,NA,2026-06-20 09:35:07 UTC,2026-06-20 09:34:40 UTC,2026-06-20 09:34:02 UTC,2026-06-20 09:32:39 UTC,2026-06-20 09:29:08 UTC,2026-06-20 09:28:09 UTC,2026-06-20 09:28:03 UTC,NA,NA,NA,NA,NA,NA,NA,NA,NA,NA,2026-06-20 09:35:10 UTC,2026-06-20 09:34:42 UTC,2026-06-20 09:34:05 UTC,2026-06-20 09:32:40 UTC,2026-06-20 09:29:11 UTC,2026-06-20 09:28:17 UTC,2026-06-20 09:28:09 UTC,2026-06-20 09:27:50 UTC,2026-06-20 09:27:23 UTC,2026-06-20 09:26:08 UTC,2026-06-20 09:24:58 UTC,NA,NA,NA,2026-06-20 09:35:20 UTC,single_profile_1
1d850b5a963ea9fbca564c031b8a3d65,2026-05-15 16:57:52 UTC,2026-05-15 17:01:20 UTC,2026-05-15 16:58:23 UTC,NA,NA,NA,NA,NA,NA,NA,NA,NA,NA,NA,NA,NA,NA,NA,NA,NA,3,venstre,1,2,3,2,nordjylland,grundskole,1958,Kvinde,1987,2026-05-15 17:00:11 UTC,2026-05-15 16:59:56 UTC,2026-05-15 16:59:42 UTC,2026-05-15 16:59:31 UTC,2026-05-15 16:59:07 UTC,2026-05-15 16:58:43 UTC,2026-05-15 16:58:35 UTC,NA,NA,NA,NA,NA,NA,2026-05-15 17:00:24 UTC,2026-05-15 17:00:51 UTC,NA,NA,NA,NA,NA,NA,NA,NA,NA,NA,NA,NA,NA,NA,NA,NA,2026-05-15 17:00:55 UTC,2026-05-15 17:00:13 UTC,2026-05-15 16:59:13 UTC,2026-05-15 16:58:16 UTC,2026-05-15 16:57:52 UTC,NA,NA,NA,NA,cbc_intro
1e04491fa7ca639166d41da6307a42f8,2026-05-15 14:26:07 UTC,2026-05-15 14:30:17 UTC,2026-05-15 14:26:18 UTC,NA,NA,NA,NA,NA,NA,3,4,4,5,5,NA,option_1,option_2,option_2,option_1,option_1,6,danmarksdemokraterne,NA,1,NA,1,nordjylland,gymnasial,1973,Kvinde,810,NA,2026-05-15 14:26:43 UTC,NA,2026-05-15 14:26:36 UTC,2026-05-15 14:26:29 UTC,2026-05-15 14:26:26 UTC,2026-05-15 14:26:24 UTC,NA,2026-05-15 14:28:48 UTC,2026-05-15 14:28:32 UTC,2026-05-15 14:28:12 UTC,2026-05-15 14:27:58 UTC,2026-05-15 14:27:40 UTC,2026-05-15 14:27:00 UTC,2026-05-15 14:26:55 UTC,NA,NA,NA,NA,NA,2026-05-15 14:29:24 UTC,2026-05-15 14:29:21 UTC,2026-05-15 14:29:17 UTC,2026-05-15 14:29:10 UTC,2026-05-15 14:29:06 UTC,2026-05-15 14:28:49 UTC,2026-05-15 14:28:33 UTC,NA,2026-05-15 14:28:00 UTC,2026-05-15 14:27:42 UTC,2026-05-15 14:27:06 UTC,2026-05-15 14:27:02 UTC,2026-05-15 14:26:46 UTC,2026-05-15 14:26:31 UTC,2026-05-15 14:26:14 UTC,2026-05-15 14:26:07 UTC,NA,NA,2026-05-15 14:29:25 UTC,2026-05-15 14:28:53 UTC,single_profile_2
1e0781a8ad5561e166663c59a59ce4f0,2026-05-19 15:53:32 UTC,2026-05-19 16:01:02 UTC,2026-05-19 15:53:58 UTC,1,2,3,2,3,NA,1,3,3,3,3,NA,option_1,option_1,option_2,option_2,option_2,3,radikale,NA,3,NA,3,midtjylland,erhvervsuddannelse,1970,Mand,283,NA,2026-05-19 15:54:44 UTC,NA,2026-05-19 15:54:29 UTC,2026-05-19 15:54:16 UTC,2026-05-19 15:54:10 UTC,2026-05-19 15:54:04 UTC,NA,2026-05-19 15:58:41 UTC,2026-05-19 15:58:13 UTC,2026-05-19 15:57:10 UTC,2026-05-19 15:56:32 UTC,2026-05-19 15:56:00 UTC,2026-05-19 15:55:03 UTC,2026-05-19 15:54:52 UTC,2026-05-19 16:00:35 UTC,2026-05-19 16:00:30 UTC,2026-05-19 16:00:25 UTC,2026-05-19 16:00:22 UTC,NA,2026-05-19 15:59:25 UTC,2026-05-19 15:59:31 UTC,2026-05-19 15:59:58 UTC,2026-05-19 15:59:55 UTC,2026-05-19 15:59:52 UTC,2026-05-19 15:58:43 UTC,2026-05-19 15:58:14 UTC,2026-05-19 15:57:12 UTC,2026-05-19 15:56:34 UTC,2026-05-19 15:56:02 UTC,2026-05-19 15:55:28 UTC,2026-05-19 15:55:05 UTC,2026-05-19 15:54:44 UTC,2026-05-19 15:54:18 UTC,2026-05-19 15:53:52 UTC,2026-05-19 15:53:32 UTC,2026-05-19 16:00:37 UTC,2026-05-19 16:00:38 UTC,2026-05-19 16:00:02 UTC,2026-05-19 15:58:56 UTC,end_normal
1e20ff9684d43e0b9d5b3c90ade87737,2026-05-13 21:39:54 UTC,2026-05-13 21:45:17 UTC,2026-05-13 21:40:07 UTC,3,2,3,4,4,NA,3,2,3,3,4,NA,option_2,option_2,option_1,option_1,option_2,4,radikale,3,2,NA,1,hovedstaden,lang_videre,2001,Kvinde,836,2026-05-13 21:41:01 UTC,2026-05-13 21:40:45 UTC,NA,2026-05-13 21:40:27 UTC,2026-05-13 21:40:17 UTC,2026-05-13 21:40:14 UTC,2026-05-13 21:40:10 UTC,NA,2026-05-13 21:43:06 UTC,2026-05-13 21:42:50 UTC,2026-05-13 21:42:30 UTC,2026-05-13 21:42:12 UTC,2026-05-13 21:41:50 UTC,2026-05-13 21:41:24 UTC,2026-05-13 21:41:20 UTC,2026-05-13 21:44:39 UTC,2026-05-13 21:44:35 UTC,2026-05-13 21:44:32 UTC,2026-05-13 21:44:25 UTC,NA,2026-05-13 21:43:57 UTC,2026-05-13 21:43:38 UTC,2026-05-13 21:43:36 UTC,2026-05-13 21:44:06 UTC,2026-05-13 21:43:29 UTC,2026-05-13 21:43:08 UTC,2026-05-13 21:42:52 UTC,2026-05-13 21:42:32 UTC,2026-05-13 21:42:15 UTC,2026-05-13 21:41:51 UTC,2026-05-13 21:41:31 UTC,2026-05-13 21:41:27 UTC,2026-05-13 21:41:03 UTC,2026-05-13 21:40:17 UTC,2026-05-13 21:40:03 UTC,2026-05-13 21:39:54 UTC,2026-05-13 21:44:41 UTC,2026-05-13 21:44:49 UTC,2026-05-13 21:44:06 UTC,2026-05-13 21:43:13 UTC,end_normal
1e5de8b5fc3b82ebcce491c8556348d3,2026-05-13 16:53:42 UTC,2026-05-13 16:58:58 UTC,2026-05-13 16:53:52 UTC,NA,NA,NA,NA,NA,NA,NA,NA,NA,NA,NA,NA,NA,option_2,option_1,option_1,option_1,6,sf,1,2,NA,1,hovedstaden,grundskole,2007,Kvinde,1421,2026-05-13 16:54:31 UTC,2026-05-13 16:54:21 UTC,NA,2026-05-13 16:54:10 UTC,2026-05-13 16:54:02 UTC,2026-05-13 16:54:00 UTC,2026-05-13 16:53:54 UTC,NA,NA,2026-05-13 16:57:43 UTC,2026-05-13 16:57:10 UTC,2026-05-13 16:56:22 UTC,2026-05-13 16:56:07 UTC,2026-05-13 16:54:48 UTC,2026-05-13 16:54:43 UTC,NA,NA,NA,NA,NA,NA,NA,NA,NA,NA,NA,2026-05-13 16:57:43 UTC,2026-05-13 16:57:11 UTC,2026-05-13 16:56:26 UTC,2026-05-13 16:56:08 UTC,2026-05-13 16:54:53 UTC,2026-05-13 16:54:51 UTC,2026-05-13 16:54:31 UTC,2026-05-13 16:54:02 UTC,2026-05-13 16:53:49 UTC,2026-05-13 16:53:42 UTC,NA,NA,NA,NA,cbc_q5_page
1e94176b45439360943b6e757c9118ee,2026-06-20 04:22:33 UTC,2026-06-20 04:28:16 UTC,2026-06-20 04:22:46 UTC,4,4,4,4,4,NA,3,3,3,3,3,NA,option_2,option_1,option_2,option_1,option_1,1,dansk_folkeparti,NA,3,NA,1,sjaelland,erhvervsuddannelse,1983,Kvinde,227,NA,2026-06-20 04:23:36 UTC,NA,2026-06-20 04:23:19 UTC,2026-06-20 04:23:02 UTC,2026-06-20 04:22:57 UTC,2026-06-20 04:22:52 UTC,NA,2026-06-20 04:26:39 UTC,2026-06-20 04:26:12 UTC,2026-06-20 04:25:45 UTC,2026-06-20 04:25:21 UTC,2026-06-20 04:24:55 UTC,2026-06-20 04:24:03 UTC,2026-06-20 04:23:52 UTC,2026-06-20 04:27:44 UTC,2026-06-20 04:27:44 UTC,2026-06-20 04:27:43 UTC,2026-06-20 04:27:42 UTC,NA,2026-06-20 04:27:24 UTC,2026-06-20 04:27:24 UTC,2026-06-20 04:27:19 UTC,2026-06-20 04:27:14 UTC,2026-06-20 04:27:10 UTC,2026-06-20 04:26:41 UTC,2026-06-20 04:26:12 UTC,2026-06-20 04:25:47 UTC,2026-06-20 04:25:24 UTC,2026-06-20 04:24:56 UTC,2026-06-20 04:24:09 UTC,2026-06-20 04:24:05 UTC,2026-06-20 04:23:37 UTC,2026-06-20 04:23:03 UTC,2026-06-20 04:22:42 UTC,2026-06-20 04:22:33 UTC,2026-06-20 04:27:49 UTC,2026-06-20 04:27:49 UTC,2026-06-20 04:27:25 UTC,2026-06-20 04:26:46 UTC,end_normal
1ea40a32071990eb1df60e660654e8de,2026-05-26 09:03:40 UTC,2026-05-26 09:10:09 UTC,2026-05-26 09:03:58 UTC,4,4,4,4,4,NA,1,2,4,4,4,NA,option_2,option_1,option_1,option_1,option_1,6,sf,3,2,3,2,midtjylland,erhvervsuddannelse,1967,Mand,1003,2026-05-26 09:04:50 UTC,2026-05-26 09:04:44 UTC,2026-05-26 09:04:32 UTC,2026-05-26 09:04:25 UTC,2026-05-26 09:04:13 UTC,2026-05-26 09:04:08 UTC,2026-05-26 09:04:04 UTC,NA,2026-05-26 09:08:16 UTC,2026-05-26 09:07:55 UTC,2026-05-26 09:07:32 UTC,2026-05-26 09:06:32 UTC,2026-05-26 09:05:59 UTC,2026-05-26 09:05:24 UTC,2026-05-26 09:05:14 UTC,2026-05-26 09:09:28 UTC,2026-05-26 09:09:26 UTC,2026-05-26 09:09:24 UTC,2026-05-26 09:09:23 UTC,NA,2026-05-26 09:09:06 UTC,2026-05-26 09:09:01 UTC,2026-05-26 09:08:56 UTC,2026-05-26 09:08:51 UTC,2026-05-26 09:08:47 UTC,2026-05-26 09:08:18 UTC,2026-05-26 09:07:56 UTC,2026-05-26 09:07:33 UTC,2026-05-26 09:06:34 UTC,2026-05-26 09:06:01 UTC,2026-05-26 09:05:28 UTC,2026-05-26 09:05:25 UTC,2026-05-26 09:04:50 UTC,2026-05-26 09:04:13 UTC,2026-05-26 09:03:52 UTC,2026-05-26 09:03:40 UTC,2026-05-26 09:09:30 UTC,2026-05-26 09:09:31 UTC,2026-05-26 09:09:09 UTC,2026-05-26 09:08:27 UTC,end_normal
1efded664f0ed3cd56daa80b5d1fb2da,2026-06-19 23:00:34 UTC,2026-06-19 23:08:12 UTC,2026-06-19 23:00:49 UTC,1,2,4,5,5,NA,3,1,2,3,2,NA,option_1,option_2,option_1,option_2,option_2,8,konservative,NA,1,NA,1,sjaelland,anden,2002,Mand,1410,NA,2026-06-19 23:02:07 UTC,NA,2026-06-19 23:01:53 UTC,2026-06-19 23:01:16 UTC,2026-06-19 23:01:37 UTC,2026-06-19 23:00:52 UTC,NA,2026-06-19 23:04:42 UTC,2026-06-19 23:04:24 UTC,2026-06-19 23:04:10 UTC,2026-06-19 23:03:47 UTC,2026-06-19 23:03:15 UTC,2026-06-19 23:02:29 UTC,2026-06-19 23:02:22 UTC,2026-06-19 23:06:18 UTC,2026-06-19 23:06:22 UTC,2026-06-19 23:06:24 UTC,2026-06-19 23:06:08 UTC,NA,2026-06-19 23:05:56 UTC,2026-06-19 23:05:27 UTC,2026-06-19 23:05:41 UTC,2026-06-19 23:05:58 UTC,2026-06-19 23:05:47 UTC,2026-06-19 23:04:48 UTC,2026-06-19 23:04:27 UTC,2026-06-19 23:04:11 UTC,2026-06-19 23:03:53 UTC,2026-06-19 23:03:15 UTC,2026-06-19 23:02:34 UTC,2026-06-19 23:02:31 UTC,2026-06-19 23:02:07 UTC,2026-06-19 23:01:38 UTC,2026-06-19 23:00:45 UTC,2026-06-19 23:00:34 UTC,2026-06-19 23:06:13 UTC,2026-06-19 23:06:28 UTC,2026-06-19 23:05:59 UTC,2026-06-19 23:04:51 UTC,end_normal
1f1677381d97d9d3aab5e5fd81fc8df5,2026-06-20 17:14:14 UTC,2026-06-20 17:20:43 UTC,2026-06-20 17:14:25 UTC,2,2,2,2,2,NA,3,4,4,4,4,NA,option_2,option_2,option_1,option_1,option_1,6,enhedslisten,3,2,3,2,midtjylland,erhvervsuddannelse,1957,Mand,1914,2026-06-20 17:15:35 UTC,2026-06-20 17:15:20 UTC,2026-06-20 17:15:07 UTC,2026-06-20 17:14:56 UTC,2026-06-20 17:14:41 UTC,2026-06-20 17:14:37 UTC,2026-06-20 17:14:35 UTC,NA,2026-06-20 17:18:01 UTC,2026-06-20 17:17:42 UTC,2026-06-20 17:17:15 UTC,2026-06-20 17:16:54 UTC,2026-06-20 17:16:27 UTC,2026-06-20 17:15:49 UTC,2026-06-20 17:15:45 UTC,2026-06-20 17:19:38 UTC,2026-06-20 17:19:34 UTC,2026-06-20 17:19:30 UTC,2026-06-20 17:19:20 UTC,NA,2026-06-20 17:18:58 UTC,2026-06-20 17:18:51 UTC,2026-06-20 17:18:43 UTC,2026-06-20 17:18:38 UTC,2026-06-20 17:18:35 UTC,2026-06-20 17:18:04 UTC,2026-06-20 17:17:45 UTC,2026-06-20 17:17:18 UTC,2026-06-20 17:16:56 UTC,2026-06-20 17:16:29 UTC,2026-06-20 17:15:59 UTC,2026-06-20 17:15:51 UTC,2026-06-20 17:15:38 UTC,2026-06-20 17:14:42 UTC,2026-06-20 17:14:23 UTC,2026-06-20 17:14:14 UTC,2026-06-20 17:19:41 UTC,2026-06-20 17:19:46 UTC,2026-06-20 17:18:59 UTC,2026-06-20 17:18:18 UTC,end_normal
1f56f0149b17521bd0bd950b83b1381b,2026-05-13 15:12:21 UTC,2026-05-13 15:14:22 UTC,NA,NA,NA,NA,NA,NA,NA,NA,NA,NA,NA,NA,NA,NA,NA,NA,NA,NA,NA,NA,NA,NA,NA,NA,NA,NA,NA,NA,99,NA,NA,NA,NA,NA,NA,NA,NA,NA,NA,NA,NA,NA,NA,NA,NA,NA,NA,NA,NA,NA,NA,NA,NA,NA,NA,NA,NA,NA,NA,NA,NA,NA,NA,2026-05-13 15:12:32 UTC,2026-05-13 15:12:21 UTC,NA,NA,NA,NA,Background
1f6fd6c929e0e7a5fea961ee715c3889,2026-05-12 15:31:48 UTC,2026-05-12 15:38:17 UTC,2026-05-12 15:32:12 UTC,NA,NA,NA,NA,NA,NA,NA,NA,NA,NA,NA,NA,option_2,option_1,option_2,option_2,option_1,3,socialdemokratiet,NA,1,NA,1,midtjylland,grundskole,1963,Kvinde,535,NA,2026-05-12 15:33:53 UTC,NA,2026-05-12 15:33:38 UTC,2026-05-12 15:33:11 UTC,2026-05-12 15:32:51 UTC,2026-05-12 15:32:30 UTC,NA,2026-05-12 15:37:21 UTC,2026-05-12 15:36:58 UTC,2026-05-12 15:36:33 UTC,2026-05-12 15:36:06 UTC,2026-05-12 15:35:25 UTC,2026-05-12 15:34:39 UTC,2026-05-12 15:34:29 UTC,NA,NA,NA,NA,NA,NA,NA,NA,NA,NA,2026-05-12 15:37:27 UTC,2026-05-12 15:37:04 UTC,2026-05-12 15:36:41 UTC,2026-05-12 15:36:08 UTC,2026-05-12 15:35:30 UTC,2026-05-12 15:35:00 UTC,2026-05-12 15:34:48 UTC,2026-05-12 15:34:07 UTC,2026-05-12 15:33:19 UTC,2026-05-12 15:32:06 UTC,2026-05-12 15:31:48 UTC,NA,NA,NA,2026-05-12 15:37:47 UTC,single_profile_1
1f7efb026b636cd79a703cc64b27f852,2026-05-23 11:05:05 UTC,2026-05-23 11:09:31 UTC,2026-05-23 11:05:16 UTC,5,5,5,5,5,NA,5,5,5,5,5,NA,option_1,option_1,option_1,option_2,option_1,7,sf,NA,3,3,2,midtjylland,lang_videre,1999,Kvinde,1393,NA,2026-05-23 11:05:49 UTC,2026-05-23 11:05:42 UTC,2026-05-23 11:05:34 UTC,2026-05-23 11:05:26 UTC,2026-05-23 11:05:24 UTC,2026-05-23 11:05:20 UTC,NA,2026-05-23 11:07:25 UTC,2026-05-23 11:07:12 UTC,2026-05-23 11:06:59 UTC,2026-05-23 11:06:41 UTC,2026-05-23 11:06:28 UTC,2026-05-23 11:05:57 UTC,2026-05-23 11:05:55 UTC,2026-05-23 11:08:02 UTC,2026-05-23 11:08:01 UTC,2026-05-23 11:08:01 UTC,2026-05-23 11:08:00 UTC,NA,2026-05-23 11:07:52 UTC,2026-05-23 11:07:50 UTC,2026-05-23 11:07:49 UTC,2026-05-23 11:07:47 UTC,2026-05-23 11:07:44 UTC,2026-05-23 11:07:30 UTC,2026-05-23 11:07:13 UTC,2026-05-23 11:07:02 UTC,2026-05-23 11:06:41 UTC,2026-05-23 11:06:31 UTC,2026-05-23 11:06:05 UTC,2026-05-23 11:05:59 UTC,2026-05-23 11:05:50 UTC,2026-05-23 11:05:27 UTC,2026-05-23 11:05:12 UTC,2026-05-23 11:05:05 UTC,2026-05-23 11:08:03 UTC,2026-05-23 11:08:06 UTC,2026-05-23 11:07:53 UTC,2026-05-23 11:07:34 UTC,end_normal
20595ce1f28d9a6ab8debc1c4a4fbc69,2026-06-19 21:46:35 UTC,2026-06-19 21:52:31 UTC,2026-06-19 21:46:48 UTC,2,3,3,3,3,NA,1,3,3,3,3,NA,option_2,option_1,option_1,option_1,option_1,2,alternativet,NA,3,NA,3,midtjylland,mellemlang_videre,1998,Kvinde,40,NA,2026-06-19 21:47:14 UTC,NA,2026-06-19 21:47:07 UTC,2026-06-19 21:47:00 UTC,2026-06-19 21:46:55 UTC,2026-06-19 21:46:52 UTC,NA,2026-06-19 21:50:20 UTC,2026-06-19 21:49:59 UTC,2026-06-19 21:49:03 UTC,2026-06-19 21:48:30 UTC,2026-06-19 21:48:12 UTC,2026-06-19 21:47:29 UTC,2026-06-19 21:47:23 UTC,2026-06-19 21:51:50 UTC,2026-06-19 21:51:49 UTC,2026-06-19 21:51:49 UTC,2026-06-19 21:51:48 UTC,NA,2026-06-19 21:50:59 UTC,2026-06-19 21:51:25 UTC,2026-06-19 21:51:23 UTC,2026-06-19 21:51:21 UTC,2026-06-19 21:51:22 UTC,2026-06-19 21:50:28 UTC,2026-06-19 21:50:01 UTC,2026-06-19 21:49:06 UTC,2026-06-19 21:48:31 UTC,2026-06-19 21:48:15 UTC,2026-06-19 21:47:38 UTC,2026-06-19 21:47:29 UTC,2026-06-19 21:47:17 UTC,2026-06-19 21:47:01 UTC,2026-06-19 21:46:44 UTC,2026-06-19 21:46:35 UTC,2026-06-19 21:51:56 UTC,2026-06-19 21:51:56 UTC,2026-06-19 21:51:29 UTC,2026-06-19 21:50:33 UTC,end_normal
208cc90aba675e2fcf5b2d37e4e81ec9,2026-06-19 21:46:42 UTC,2026-06-19 21:51:59 UTC,2026-06-19 21:46:53 UTC,1,1,1,2,1,NA,3,5,5,5,5,NA,option_2,option_2,option_2,option_1,option_1,0,enhedslisten,NA,1,NA,3,syddanmark,mellemlang_videre,1979,Kvinde,138,NA,2026-06-19 21:47:35 UTC,NA,2026-06-19 21:47:25 UTC,2026-06-19 21:47:12 UTC,2026-06-19 21:47:08 UTC,2026-06-19 21:47:01 UTC,NA,2026-06-19 21:50:17 UTC,2026-06-19 21:50:01 UTC,2026-06-19 21:49:37 UTC,2026-06-19 21:49:14 UTC,2026-06-19 21:48:51 UTC,2026-06-19 21:48:02 UTC,2026-06-19 21:47:57 UTC,2026-06-19 21:51:27 UTC,2026-06-19 21:51:25 UTC,2026-06-19 21:51:22 UTC,2026-06-19 21:51:20 UTC,NA,2026-06-19 21:51:04 UTC,2026-06-19 21:51:01 UTC,2026-06-19 21:51:00 UTC,2026-06-19 21:50:58 UTC,2026-06-19 21:50:46 UTC,2026-06-19 21:50:18 UTC,2026-06-19 21:50:01 UTC,2026-06-19 21:49:38 UTC,2026-06-19 21:49:14 UTC,2026-06-19 21:48:51 UTC,2026-06-19 21:48:21 UTC,2026-06-19 21:48:05 UTC,2026-06-19 21:47:36 UTC,2026-06-19 21:47:13 UTC,2026-06-19 21:46:49 UTC,2026-06-19 21:46:42 UTC,2026-06-19 21:51:28 UTC,2026-06-19 21:51:30 UTC,NA,2026-06-19 21:50:29 UTC,end_normal
20c9bb252b2150ab72eb39259d05b58f,2026-06-20 04:03:57 UTC,2026-06-20 04:10:33 UTC,2026-06-20 04:04:32 UTC,1,1,1,1,1,NA,1,2,3,2,2,NA,option_2,NA,option_1,option_2,option_2,5,sf,NA,3,NA,1,syddanmark,mellemlang_videre,1971,Kvinde,1293,NA,2026-06-20 04:05:26 UTC,NA,2026-06-20 04:05:17 UTC,2026-06-20 04:04:55 UTC,2026-06-20 04:04:50 UTC,2026-06-20 04:04:38 UTC,NA,2026-06-20 04:08:43 UTC,NA,2026-06-20 04:07:49 UTC,2026-06-20 04:07:27 UTC,2026-06-20 04:06:36 UTC,2026-06-20 04:05:44 UTC,2026-06-20 04:05:35 UTC,2026-06-20 04:10:07 UTC,2026-06-20 04:10:05 UTC,2026-06-20 04:10:03 UTC,2026-06-20 04:10:02 UTC,NA,2026-06-20 04:09:45 UTC,2026-06-20 04:09:42 UTC,2026-06-20 04:09:39 UTC,2026-06-20 04:09:33 UTC,2026-06-20 04:09:28 UTC,2026-06-20 04:08:44 UTC,2026-06-20 04:08:20 UTC,2026-06-20 04:07:51 UTC,2026-06-20 04:07:29 UTC,2026-06-20 04:06:37 UTC,2026-06-20 04:06:00 UTC,2026-06-20 04:05:45 UTC,2026-06-20 04:05:26 UTC,2026-06-20 04:04:57 UTC,2026-06-20 04:04:25 UTC,2026-06-20 04:03:57 UTC,2026-06-20 04:10:08 UTC,2026-06-20 04:10:10 UTC,2026-06-20 04:09:46 UTC,2026-06-20 04:08:54 UTC,end_normal
218392c7b6e77a1d7b33c6f9a25e1058,2026-05-23 14:52:13 UTC,2026-05-23 15:00:49 UTC,2026-05-23 14:52:37 UTC,2,4,4,4,4,NA,2,5,5,4,4,NA,option_1,option_1,option_2,option_1,option_1,5,radikale,3,2,NA,3,midtjylland,erhvervsuddannelse,1948,Kvinde,874,2026-05-23 14:53:30 UTC,2026-05-23 14:53:20 UTC,NA,2026-05-23 14:53:10 UTC,2026-05-23 14:52:50 UTC,2026-05-23 14:52:46 UTC,2026-05-23 14:52:43 UTC,NA,2026-05-23 14:56:46 UTC,2026-05-23 14:56:23 UTC,2026-05-23 14:55:38 UTC,2026-05-23 14:55:10 UTC,2026-05-23 14:54:36 UTC,2026-05-23 14:53:53 UTC,2026-05-23 14:53:37 UTC,2026-05-23 14:59:28 UTC,2026-05-23 14:59:25 UTC,2026-05-23 14:59:20 UTC,2026-05-23 14:59:17 UTC,NA,2026-05-23 14:58:26 UTC,2026-05-23 14:58:15 UTC,2026-05-23 14:58:00 UTC,2026-05-23 14:57:55 UTC,2026-05-23 14:57:42 UTC,2026-05-23 14:56:48 UTC,2026-05-23 14:56:25 UTC,2026-05-23 14:55:41 UTC,2026-05-23 14:55:15 UTC,2026-05-23 14:54:44 UTC,2026-05-23 14:54:10 UTC,2026-05-23 14:53:56 UTC,2026-05-23 14:53:33 UTC,2026-05-23 14:52:53 UTC,2026-05-23 14:52:32 UTC,2026-05-23 14:52:13 UTC,2026-05-23 14:59:36 UTC,2026-05-23 14:59:39 UTC,2026-05-23 14:58:27 UTC,2026-05-23 14:57:00 UTC,end_normal
219bc6175b5e8c448c600be884fa8b0e,2026-06-19 19:14:56 UTC,2026-06-19 19:24:07 UTC,2026-06-19 19:15:32 UTC,4,5,5,5,5,NA,5,3,4,4,4,NA,option_1,option_1,option_2,option_2,option_1,4,moderaterne,3,2,NA,1,syddanmark,mellemlang_videre,1957,Kvinde,1131,2026-06-19 19:16:38 UTC,2026-06-19 19:16:15 UTC,NA,2026-06-19 19:16:04 UTC,2026-06-19 19:15:51 UTC,2026-06-19 19:15:47 UTC,2026-06-19 19:15:41 UTC,NA,2026-06-19 19:19:20 UTC,2026-06-19 19:19:01 UTC,2026-06-19 19:18:49 UTC,2026-06-19 19:18:24 UTC,2026-06-19 19:17:42 UTC,2026-06-19 19:16:57 UTC,2026-06-19 19:16:50 UTC,2026-06-19 19:20:44 UTC,2026-06-19 19:20:42 UTC,2026-06-19 19:20:40 UTC,2026-06-19 19:20:39 UTC,NA,2026-06-19 19:20:19 UTC,2026-06-19 19:20:14 UTC,2026-06-19 19:20:12 UTC,2026-06-19 19:20:08 UTC,2026-06-19 19:20:07 UTC,2026-06-19 19:19:20 UTC,2026-06-19 19:19:01 UTC,2026-06-19 19:18:49 UTC,2026-06-19 19:18:25 UTC,2026-06-19 19:17:43 UTC,2026-06-19 19:17:16 UTC,NA,2026-06-19 19:16:38 UTC,2026-06-19 19:15:54 UTC,2026-06-19 19:15:29 UTC,2026-06-19 19:14:56 UTC,2026-06-19 19:20:47 UTC,2026-06-19 19:20:48 UTC,2026-06-19 19:20:20 UTC,2026-06-19 19:19:34 UTC,end_normal
21c072f71820d5931f3c7f1c8e0c19cf,2026-05-21 20:34:53 UTC,2026-05-21 20:40:39 UTC,2026-05-21 20:35:11 UTC,5,5,5,5,5,NA,5,5,5,5,5,NA,option_1,option_1,option_1,option_2,option_2,5,enhedslisten,3,2,NA,3,sjaelland,lang_videre,1966,Kvinde,1626,2026-05-21 20:36:22 UTC,2026-05-21 20:36:06 UTC,NA,2026-05-21 20:35:56 UTC,2026-05-21 20:35:41 UTC,2026-05-21 20:35:36 UTC,2026-05-21 20:35:21 UTC,NA,2026-05-21 20:38:42 UTC,2026-05-21 20:38:27 UTC,2026-05-21 20:38:01 UTC,2026-05-21 20:37:43 UTC,2026-05-21 20:37:17 UTC,2026-05-21 20:36:45 UTC,2026-05-21 20:36:37 UTC,2026-05-21 20:40:11 UTC,2026-05-21 20:40:11 UTC,2026-05-21 20:40:10 UTC,2026-05-21 20:40:09 UTC,NA,2026-05-21 20:39:45 UTC,2026-05-21 20:39:42 UTC,2026-05-21 20:39:33 UTC,2026-05-21 20:39:28 UTC,2026-05-21 20:39:22 UTC,2026-05-21 20:38:46 UTC,2026-05-21 20:38:28 UTC,2026-05-21 20:38:03 UTC,2026-05-21 20:37:47 UTC,2026-05-21 20:37:21 UTC,2026-05-21 20:36:52 UTC,2026-05-21 20:36:47 UTC,2026-05-21 20:36:23 UTC,2026-05-21 20:35:42 UTC,2026-05-21 20:35:03 UTC,2026-05-21 20:34:53 UTC,2026-05-21 20:40:12 UTC,2026-05-21 20:40:15 UTC,2026-05-21 20:39:48 UTC,2026-05-21 20:38:52 UTC,end_normal
221a2a8b8c74c1875bfc71f021829467,2026-06-19 18:54:11 UTC,2026-06-19 19:03:55 UTC,2026-06-19 18:54:31 UTC,3,4,3,4,3,NA,5,5,5,4,5,NA,option_1,option_1,option_1,option_2,option_1,1,borgernes_parti,NA,1,NA,1,sjaelland,mellemlang_videre,1958,Kvinde,726,NA,2026-06-19 18:56:02 UTC,NA,2026-06-19 18:55:28 UTC,2026-06-19 18:55:12 UTC,2026-06-19 18:55:04 UTC,2026-06-19 18:54:54 UTC,NA,2026-06-19 19:00:38 UTC,2026-06-19 19:00:14 UTC,2026-06-19 18:59:11 UTC,2026-06-19 18:58:05 UTC,2026-06-19 18:57:28 UTC,2026-06-19 18:56:36 UTC,2026-06-19 18:56:27 UTC,2026-06-19 19:03:12 UTC,2026-06-19 19:03:09 UTC,2026-06-19 19:03:01 UTC,2026-06-19 19:02:47 UTC,NA,2026-06-19 19:02:18 UTC,2026-06-19 19:02:19 UTC,2026-06-19 19:02:20 UTC,2026-06-19 19:02:08 UTC,2026-06-19 19:01:48 UTC,2026-06-19 19:00:42 UTC,2026-06-19 19:00:15 UTC,2026-06-19 18:59:12 UTC,2026-06-19 18:58:07 UTC,2026-06-19 18:57:29 UTC,2026-06-19 18:56:53 UTC,2026-06-19 18:56:37 UTC,2026-06-19 18:56:04 UTC,2026-06-19 18:55:14 UTC,NA,2026-06-19 18:54:11 UTC,2026-06-19 19:03:16 UTC,2026-06-19 19:03:16 UTC,2026-06-19 19:02:21 UTC,2026-06-19 19:00:52 UTC,end_normal
226366bf13f8266fce717e10e2091b72,2026-05-20 19:31:47 UTC,2026-05-20 19:33:20 UTC,2026-05-20 19:32:32 UTC,NA,NA,NA,NA,NA,NA,NA,NA,NA,NA,NA,NA,NA,NA,NA,NA,NA,NA,NA,NA,NA,NA,NA,NA,NA,NA,Kvinde,597,NA,NA,NA,NA,NA,NA,NA,NA,NA,NA,NA,NA,NA,NA,NA,NA,NA,NA,NA,NA,NA,NA,NA,NA,NA,NA,NA,NA,NA,NA,NA,NA,NA,NA,2026-05-20 19:32:27 UTC,2026-05-20 19:31:47 UTC,NA,NA,NA,NA,Background
2266e28506a1113201bb916f02f14e99,2026-06-01 06:24:08 UTC,2026-06-01 06:30:15 UTC,2026-06-01 06:24:29 UTC,4,5,5,5,5,NA,1,2,1,2,2,NA,option_2,option_1,option_1,option_1,option_1,10,radikale,3,2,NA,3,hovedstaden,lang_videre,2000,Kvinde,1244,2026-06-01 06:25:10 UTC,2026-06-01 06:25:00 UTC,NA,2026-06-01 06:24:52 UTC,2026-06-01 06:24:41 UTC,2026-06-01 06:24:38 UTC,2026-06-01 06:24:33 UTC,NA,2026-06-01 06:27:49 UTC,2026-06-01 06:27:18 UTC,2026-06-01 06:26:56 UTC,2026-06-01 06:26:32 UTC,2026-06-01 06:26:19 UTC,2026-06-01 06:25:22 UTC,2026-06-01 06:25:17 UTC,2026-06-01 06:29:32 UTC,2026-06-01 06:29:28 UTC,2026-06-01 06:29:26 UTC,2026-06-01 06:29:24 UTC,NA,2026-06-01 06:28:48 UTC,2026-06-01 06:28:45 UTC,2026-06-01 06:28:41 UTC,2026-06-01 06:28:33 UTC,2026-06-01 06:28:26 UTC,2026-06-01 06:27:49 UTC,2026-06-01 06:27:19 UTC,2026-06-01 06:26:57 UTC,2026-06-01 06:26:35 UTC,2026-06-01 06:26:20 UTC,2026-06-01 06:25:34 UTC,2026-06-01 06:25:23 UTC,2026-06-01 06:25:13 UTC,2026-06-01 06:24:42 UTC,2026-06-01 06:24:17 UTC,2026-06-01 06:24:08 UTC,2026-06-01 06:29:34 UTC,2026-06-01 06:29:40 UTC,2026-06-01 06:28:50 UTC,2026-06-01 06:27:57 UTC,end_normal
228298e2120e455c012c87af0093a41d,2026-05-13 16:14:44 UTC,2026-05-13 16:16:08 UTC,NA,NA,NA,NA,NA,NA,NA,NA,NA,NA,NA,NA,NA,NA,NA,NA,NA,NA,NA,NA,NA,NA,NA,NA,NA,NA,NA,NA,1482,NA,NA,NA,NA,NA,NA,NA,NA,NA,NA,NA,NA,NA,NA,NA,NA,NA,NA,NA,NA,NA,NA,NA,NA,NA,NA,NA,NA,NA,NA,NA,NA,NA,NA,2026-05-13 16:14:52 UTC,2026-05-13 16:14:44 UTC,NA,NA,NA,NA,Background
2306b2d47d53d2c69108521dc6c8cb73,2026-05-17 21:04:14 UTC,2026-05-17 21:15:46 UTC,2026-05-17 21:04:34 UTC,3,5,5,5,5,NA,2,2,2,2,1,NA,option_2,option_2,option_2,option_2,option_1,10,sf,NA,3,3,2,sjaelland,mellemlang_videre,1953,Kvinde,1237,NA,2026-05-17 21:06:21 UTC,2026-05-17 21:06:05 UTC,2026-05-17 21:05:37 UTC,2026-05-17 21:05:14 UTC,2026-05-17 21:05:09 UTC,2026-05-17 21:04:50 UTC,NA,2026-05-17 21:11:16 UTC,2026-05-17 21:10:47 UTC,2026-05-17 21:10:03 UTC,2026-05-17 21:09:26 UTC,2026-05-17 21:08:21 UTC,2026-05-17 21:06:54 UTC,2026-05-17 21:06:38 UTC,2026-05-17 21:15:07 UTC,2026-05-17 21:15:04 UTC,2026-05-17 21:15:01 UTC,2026-05-17 21:14:51 UTC,NA,2026-05-17 21:14:07 UTC,2026-05-17 21:13:58 UTC,2026-05-17 21:13:51 UTC,2026-05-17 21:13:50 UTC,2026-05-17 21:12:32 UTC,2026-05-17 21:11:17 UTC,2026-05-17 21:10:48 UTC,2026-05-17 21:10:06 UTC,2026-05-17 21:09:28 UTC,2026-05-17 21:08:23 UTC,2026-05-17 21:07:22 UTC,2026-05-17 21:07:00 UTC,2026-05-17 21:06:26 UTC,2026-05-17 21:05:17 UTC,2026-05-17 21:04:29 UTC,2026-05-17 21:04:14 UTC,2026-05-17 21:15:20 UTC,2026-05-17 21:15:20 UTC,2026-05-17 21:14:11 UTC,2026-05-17 21:11:32 UTC,end_normal
23529d9a86af8e41418df06044a178bc,2026-05-15 06:31:21 UTC,2026-05-15 06:41:17 UTC,2026-05-15 06:32:31 UTC,1,5,5,5,5,NA,5,5,5,5,5,NA,option_1,option_2,option_1,option_2,option_1,8,sf,3,2,3,2,hovedstaden,lang_videre,1996,Mand,436,2026-05-15 06:33:54 UTC,2026-05-15 06:33:31 UTC,2026-05-15 06:33:49 UTC,2026-05-15 06:33:34 UTC,2026-05-15 06:32:46 UTC,2026-05-15 06:32:39 UTC,2026-05-15 06:32:35 UTC,NA,2026-05-15 06:38:42 UTC,2026-05-15 06:38:18 UTC,2026-05-15 06:37:50 UTC,2026-05-15 06:36:43 UTC,2026-05-15 06:36:12 UTC,2026-05-15 06:34:12 UTC,2026-05-15 06:34:04 UTC,2026-05-15 06:40:14 UTC,2026-05-15 06:40:13 UTC,2026-05-15 06:39:59 UTC,2026-05-15 06:39:59 UTC,NA,2026-05-15 06:39:38 UTC,2026-05-15 06:39:36 UTC,2026-05-15 06:39:34 UTC,2026-05-15 06:39:29 UTC,2026-05-15 06:39:24 UTC,2026-05-15 06:38:57 UTC,2026-05-15 06:38:20 UTC,2026-05-15 06:37:53 UTC,2026-05-15 06:36:44 UTC,2026-05-15 06:36:15 UTC,2026-05-15 06:34:31 UTC,2026-05-15 06:34:14 UTC,2026-05-15 06:33:57 UTC,2026-05-15 06:32:50 UTC,2026-05-15 06:32:27 UTC,2026-05-15 06:31:21 UTC,2026-05-15 06:40:16 UTC,2026-05-15 06:40:25 UTC,2026-05-15 06:39:39 UTC,2026-05-15 06:39:05 UTC,end_normal
239bdeb021bdd0aa3b15ca7672a725c3,2026-06-19 19:42:45 UTC,2026-06-19 19:47:36 UTC,2026-06-19 19:43:03 UTC,NA,NA,NA,NA,NA,NA,NA,NA,NA,NA,NA,NA,NA,NA,NA,NA,option_2,6,socialdemokratiet,NA,3,1,2,midtjylland,erhvervsuddannelse,1987,Kvinde,1113,NA,2026-06-19 19:44:55 UTC,2026-06-19 19:45:06 UTC,2026-06-19 19:44:52 UTC,2026-06-19 19:43:31 UTC,2026-06-19 19:43:24 UTC,2026-06-19 19:43:08 UTC,NA,NA,NA,NA,NA,2026-06-19 19:46:43 UTC,2026-06-19 19:45:28 UTC,2026-06-19 19:45:17 UTC,NA,NA,NA,NA,NA,NA,NA,NA,NA,NA,NA,NA,NA,NA,2026-06-19 19:46:44 UTC,NA,2026-06-19 19:45:30 UTC,2026-06-19 19:45:10 UTC,2026-06-19 19:43:33 UTC,2026-06-19 19:42:57 UTC,2026-06-19 19:42:45 UTC,NA,NA,NA,NA,cbc_q2_page
23e1883c1c826377e765a210b5fe09f7,2026-06-19 19:48:16 UTC,2026-06-19 20:01:28 UTC,2026-06-19 19:48:53 UTC,NA,NA,NA,NA,NA,NA,NA,NA,NA,NA,NA,NA,option_2,option_2,option_2,option_2,option_1,8,socialdemokratiet,3,2,3,2,nordjylland,erhvervsuddannelse,1965,Kvinde,131,2026-06-19 19:49:50 UTC,2026-06-19 19:49:44 UTC,2026-06-19 19:49:33 UTC,2026-06-19 19:49:16 UTC,2026-06-19 19:49:04 UTC,2026-06-19 19:49:00 UTC,2026-06-19 19:48:57 UTC,NA,2026-06-19 19:59:54 UTC,2026-06-19 19:58:18 UTC,2026-06-19 19:57:04 UTC,2026-06-19 19:53:34 UTC,2026-06-19 19:50:44 UTC,2026-06-19 19:50:03 UTC,2026-06-19 19:49:58 UTC,NA,NA,NA,NA,NA,NA,NA,NA,NA,NA,2026-06-19 19:59:55 UTC,2026-06-19 19:58:19 UTC,2026-06-19 19:57:05 UTC,2026-06-19 19:53:35 UTC,2026-06-19 19:50:57 UTC,2026-06-19 19:50:24 UTC,2026-06-19 19:50:05 UTC,2026-06-19 19:49:51 UTC,2026-06-19 19:49:08 UTC,2026-06-19 19:48:49 UTC,2026-06-19 19:48:16 UTC,NA,NA,NA,2026-06-19 20:00:04 UTC,single_profile_1
243354b9555774e329656bb370854456,2026-05-24 09:12:34 UTC,2026-05-24 09:18:21 UTC,2026-05-24 09:12:49 UTC,1,3,3,3,3,NA,1,4,3,3,3,NA,option_2,option_1,option_2,option_1,option_2,5,dansk_folkeparti,NA,1,NA,1,nordjylland,kort_videre,1965,Kvinde,899,NA,2026-05-24 09:13:34 UTC,NA,2026-05-24 09:13:24 UTC,2026-05-24 09:13:11 UTC,2026-05-24 09:13:06 UTC,2026-05-24 09:13:00 UTC,NA,2026-05-24 09:16:19 UTC,2026-05-24 09:16:01 UTC,2026-05-24 09:15:31 UTC,2026-05-24 09:15:10 UTC,2026-05-24 09:14:32 UTC,2026-05-24 09:13:55 UTC,2026-05-24 09:13:46 UTC,2026-05-24 09:17:51 UTC,2026-05-24 09:17:48 UTC,2026-05-24 09:17:46 UTC,2026-05-24 09:17:43 UTC,NA,2026-05-24 09:17:28 UTC,2026-05-24 09:17:10 UTC,2026-05-24 09:17:03 UTC,2026-05-24 09:16:59 UTC,2026-05-24 09:16:52 UTC,2026-05-24 09:16:19 UTC,2026-05-24 09:16:02 UTC,2026-05-24 09:15:32 UTC,2026-05-24 09:15:14 UTC,2026-05-24 09:14:34 UTC,2026-05-24 09:14:00 UTC,2026-05-24 09:13:56 UTC,2026-05-24 09:13:36 UTC,2026-05-24 09:13:12 UTC,2026-05-24 09:12:45 UTC,2026-05-24 09:12:34 UTC,2026-05-24 09:17:54 UTC,2026-05-24 09:17:58 UTC,2026-05-24 09:17:31 UTC,2026-05-24 09:16:26 UTC,end_normal
2448300a910aa322ac376fb966f8ac0d,2026-05-17 18:32:06 UTC,2026-05-17 18:37:31 UTC,2026-05-17 18:32:20 UTC,3,4,4,3,3,NA,4,3,4,4,3,NA,option_1,NA,option_2,option_2,option_1,5,venstre,NA,3,1,2,syddanmark,erhvervsuddannelse,1984,Kvinde,932,NA,2026-05-17 18:33:13 UTC,2026-05-17 18:32:58 UTC,2026-05-17 18:32:52 UTC,2026-05-17 18:32:36 UTC,2026-05-17 18:32:30 UTC,2026-05-17 18:32:26 UTC,NA,2026-05-17 18:35:49 UTC,NA,2026-05-17 18:35:12 UTC,2026-05-17 18:34:40 UTC,2026-05-17 18:34:18 UTC,2026-05-17 18:33:32 UTC,2026-05-17 18:33:25 UTC,2026-05-17 18:37:06 UTC,2026-05-17 18:37:02 UTC,2026-05-17 18:36:59 UTC,2026-05-17 18:36:57 UTC,NA,2026-05-17 18:36:42 UTC,2026-05-17 18:36:40 UTC,2026-05-17 18:36:35 UTC,2026-05-17 18:36:33 UTC,2026-05-17 18:36:27 UTC,2026-05-17 18:35:54 UTC,2026-05-17 18:35:32 UTC,2026-05-17 18:35:12 UTC,2026-05-17 18:34:41 UTC,2026-05-17 18:34:19 UTC,2026-05-17 18:33:38 UTC,2026-05-17 18:33:33 UTC,2026-05-17 18:33:14 UTC,NA,2026-05-17 18:32:14 UTC,2026-05-17 18:32:06 UTC,2026-05-17 18:37:08 UTC,2026-05-17 18:37:10 UTC,2026-05-17 18:36:43 UTC,2026-05-17 18:35:59 UTC,end_normal
2464d3281b72d68be6eff6e2dda065ae,2026-05-13 15:32:27 UTC,2026-05-13 15:41:11 UTC,2026-05-13 15:32:48 UTC,1,2,3,2,2,NA,4,4,4,4,4,NA,option_2,option_1,option_1,option_2,option_1,7,sf,NA,3,1,2,syddanmark,grundskole,1961,Kvinde,242,NA,2026-05-13 15:34:18 UTC,2026-05-13 15:33:59 UTC,2026-05-13 15:33:29 UTC,2026-05-13 15:33:05 UTC,2026-05-13 15:32:58 UTC,2026-05-13 15:32:57 UTC,NA,2026-05-13 15:38:30 UTC,2026-05-13 15:38:06 UTC,2026-05-13 15:37:25 UTC,2026-05-13 15:36:37 UTC,2026-05-13 15:36:02 UTC,2026-05-13 15:34:41 UTC,2026-05-13 15:34:29 UTC,2026-05-13 15:40:40 UTC,2026-05-13 15:40:37 UTC,2026-05-13 15:40:33 UTC,2026-05-13 15:40:30 UTC,NA,2026-05-13 15:40:00 UTC,2026-05-13 15:39:53 UTC,2026-05-13 15:39:47 UTC,2026-05-13 15:39:45 UTC,2026-05-13 15:39:37 UTC,2026-05-13 15:38:32 UTC,2026-05-13 15:38:09 UTC,2026-05-13 15:37:29 UTC,2026-05-13 15:36:39 UTC,2026-05-13 15:36:06 UTC,2026-05-13 15:35:01 UTC,2026-05-13 15:34:45 UTC,2026-05-13 15:34:23 UTC,2026-05-13 15:33:10 UTC,2026-05-13 15:32:44 UTC,2026-05-13 15:32:27 UTC,2026-05-13 15:40:45 UTC,2026-05-13 15:40:47 UTC,2026-05-13 15:40:00 UTC,2026-05-13 15:38:46 UTC,end_normal
2483d6e8f8be16ef7d95dab9e331c7c2,2026-05-23 12:54:43 UTC,2026-05-23 12:59:29 UTC,2026-05-23 12:55:01 UTC,2,3,4,4,4,NA,4,3,4,4,2,NA,option_2,option_1,option_2,option_1,option_2,3,sf,NA,3,NA,3,midtjylland,lang_videre,1982,Kvinde,434,NA,2026-05-23 12:55:37 UTC,NA,2026-05-23 12:55:23 UTC,2026-05-23 12:55:12 UTC,2026-05-23 12:55:09 UTC,2026-05-23 12:55:05 UTC,NA,2026-05-23 12:57:43 UTC,2026-05-23 12:57:26 UTC,2026-05-23 12:57:05 UTC,2026-05-23 12:56:45 UTC,2026-05-23 12:56:12 UTC,2026-05-23 12:55:47 UTC,2026-05-23 12:55:43 UTC,2026-05-23 12:58:58 UTC,2026-05-23 12:58:55 UTC,2026-05-23 12:58:52 UTC,2026-05-23 12:58:49 UTC,NA,2026-05-23 12:58:29 UTC,2026-05-23 12:58:26 UTC,2026-05-23 12:58:22 UTC,2026-05-23 12:58:15 UTC,2026-05-23 12:58:09 UTC,2026-05-23 12:57:43 UTC,2026-05-23 12:57:27 UTC,2026-05-23 12:57:06 UTC,2026-05-23 12:56:46 UTC,2026-05-23 12:56:13 UTC,2026-05-23 12:55:51 UTC,2026-05-23 12:55:47 UTC,2026-05-23 12:55:37 UTC,2026-05-23 12:55:13 UTC,2026-05-23 12:54:57 UTC,2026-05-23 12:54:43 UTC,2026-05-23 12:59:01 UTC,2026-05-23 12:59:03 UTC,2026-05-23 12:58:32 UTC,2026-05-23 12:57:50 UTC,end_normal
2496fe36efba9a99690ac0d59a65cf33,2026-05-23 14:33:02 UTC,2026-05-23 14:38:01 UTC,2026-05-23 14:33:18 UTC,2,3,3,4,3,NA,1,3,3,2,2,NA,option_2,option_2,option_2,option_1,option_1,7,sf,NA,3,NA,1,midtjylland,mellemlang_videre,1958,Kvinde,52,NA,2026-05-23 14:33:51 UTC,NA,2026-05-23 14:33:43 UTC,2026-05-23 14:33:33 UTC,2026-05-23 14:33:30 UTC,2026-05-23 14:33:24 UTC,NA,2026-05-23 14:36:20 UTC,2026-05-23 14:35:45 UTC,2026-05-23 14:35:28 UTC,2026-05-23 14:35:08 UTC,2026-05-23 14:34:49 UTC,2026-05-23 14:34:08 UTC,2026-05-23 14:34:02 UTC,2026-05-23 14:37:38 UTC,2026-05-23 14:37:25 UTC,2026-05-23 14:37:22 UTC,2026-05-23 14:37:18 UTC,NA,2026-05-23 14:37:00 UTC,2026-05-23 14:36:57 UTC,2026-05-23 14:36:53 UTC,2026-05-23 14:36:47 UTC,2026-05-23 14:36:44 UTC,2026-05-23 14:36:20 UTC,2026-05-23 14:35:48 UTC,2026-05-23 14:35:29 UTC,2026-05-23 14:35:10 UTC,2026-05-23 14:34:51 UTC,2026-05-23 14:34:26 UTC,2026-05-23 14:34:09 UTC,2026-05-23 14:33:52 UTC,2026-05-23 14:33:33 UTC,2026-05-23 14:33:14 UTC,2026-05-23 14:33:02 UTC,2026-05-23 14:37:40 UTC,2026-05-23 14:37:40 UTC,2026-05-23 14:37:01 UTC,2026-05-23 14:36:30 UTC,end_normal
249f92d9d94f9dce118132ce0eb20f86,2026-05-15 14:45:19 UTC,2026-05-15 14:50:44 UTC,2026-05-15 14:45:30 UTC,4,5,5,5,5,NA,2,3,3,3,1,NA,option_2,option_1,option_2,option_2,option_1,9,socialdemokratiet,3,2,3,2,nordjylland,erhvervsuddannelse,1954,Kvinde,867,2026-05-15 14:46:34 UTC,2026-05-15 14:46:24 UTC,2026-05-15 14:46:16 UTC,2026-05-15 14:46:07 UTC,2026-05-15 14:45:41 UTC,2026-05-15 14:45:40 UTC,2026-05-15 14:45:56 UTC,NA,2026-05-15 14:48:46 UTC,2026-05-15 14:48:19 UTC,2026-05-15 14:48:00 UTC,2026-05-15 14:47:41 UTC,2026-05-15 14:47:19 UTC,2026-05-15 14:46:46 UTC,2026-05-15 14:46:40 UTC,2026-05-15 14:50:10 UTC,2026-05-15 14:50:08 UTC,2026-05-15 14:50:06 UTC,2026-05-15 14:50:01 UTC,NA,2026-05-15 14:49:42 UTC,2026-05-15 14:49:39 UTC,2026-05-15 14:49:34 UTC,2026-05-15 14:49:29 UTC,2026-05-15 14:49:21 UTC,2026-05-15 14:48:48 UTC,2026-05-15 14:48:23 UTC,2026-05-15 14:48:01 UTC,2026-05-15 14:47:41 UTC,2026-05-15 14:47:19 UTC,2026-05-15 14:46:56 UTC,2026-05-15 14:46:48 UTC,2026-05-15 14:46:35 UTC,2026-05-15 14:45:58 UTC,2026-05-15 14:45:27 UTC,2026-05-15 14:45:19 UTC,2026-05-15 14:50:11 UTC,2026-05-15 14:50:13 UTC,2026-05-15 14:49:44 UTC,2026-05-15 14:48:58 UTC,end_normal
24b381ece0681b3d595f9f2d6be28333,2026-05-23 15:15:04 UTC,2026-05-23 15:21:45 UTC,2026-05-23 15:15:19 UTC,4,3,3,3,3,NA,4,3,3,3,3,NA,option_1,option_1,option_2,option_2,option_1,9,sf,NA,3,3,2,hovedstaden,mellemlang_videre,2000,Kvinde,99,NA,2026-05-23 15:16:02 UTC,2026-05-23 15:15:47 UTC,2026-05-23 15:15:41 UTC,2026-05-23 15:15:32 UTC,2026-05-23 15:15:27 UTC,2026-05-23 15:15:23 UTC,NA,2026-05-23 15:19:16 UTC,2026-05-23 15:18:21 UTC,2026-05-23 15:18:03 UTC,2026-05-23 15:17:34 UTC,2026-05-23 15:17:03 UTC,2026-05-23 15:16:11 UTC,2026-05-23 15:16:08 UTC,2026-05-23 15:20:23 UTC,2026-05-23 15:20:22 UTC,2026-05-23 15:20:22 UTC,2026-05-23 15:20:21 UTC,NA,2026-05-23 15:20:00 UTC,2026-05-23 15:20:08 UTC,2026-05-23 15:20:06 UTC,2026-05-23 15:19:46 UTC,2026-05-23 15:19:44 UTC,2026-05-23 15:19:18 UTC,2026-05-23 15:18:22 UTC,2026-05-23 15:18:04 UTC,2026-05-23 15:17:37 UTC,2026-05-23 15:17:04 UTC,2026-05-23 15:16:16 UTC,2026-05-23 15:16:14 UTC,2026-05-23 15:16:05 UTC,2026-05-23 15:15:34 UTC,2026-05-23 15:15:15 UTC,2026-05-23 15:15:04 UTC,2026-05-23 15:20:27 UTC,2026-05-23 15:20:28 UTC,2026-05-23 15:20:12 UTC,2026-05-23 15:19:26 UTC,end_normal
24bef39a2c11b088d4db3b9e284f563e,2026-05-23 13:20:46 UTC,2026-05-23 13:28:03 UTC,2026-05-23 13:20:57 UTC,3,3,3,3,3,NA,3,3,3,3,3,NA,option_1,option_1,option_1,option_2,option_2,5,enhedslisten,3,2,NA,3,midtjylland,lang_videre,1957,Kvinde,1805,2026-05-23 13:21:48 UTC,2026-05-23 13:21:33 UTC,NA,2026-05-23 13:21:25 UTC,2026-05-23 13:21:14 UTC,2026-05-23 13:21:10 UTC,2026-05-23 13:21:06 UTC,NA,2026-05-23 13:25:29 UTC,2026-05-23 13:24:52 UTC,2026-05-23 13:24:24 UTC,2026-05-23 13:23:56 UTC,2026-05-23 13:23:28 UTC,2026-05-23 13:22:04 UTC,2026-05-23 13:22:01 UTC,2026-05-23 13:27:29 UTC,2026-05-23 13:27:28 UTC,2026-05-23 13:27:26 UTC,2026-05-23 13:27:25 UTC,NA,2026-05-23 13:27:02 UTC,2026-05-23 13:26:48 UTC,2026-05-23 13:26:45 UTC,2026-05-23 13:27:08 UTC,2026-05-23 13:26:30 UTC,2026-05-23 13:25:31 UTC,2026-05-23 13:24:53 UTC,2026-05-23 13:24:29 UTC,2026-05-23 13:23:58 UTC,2026-05-23 13:23:32 UTC,2026-05-23 13:22:33 UTC,2026-05-23 13:22:06 UTC,2026-05-23 13:21:53 UTC,2026-05-23 13:21:16 UTC,2026-05-23 13:20:53 UTC,2026-05-23 13:20:46 UTC,2026-05-23 13:27:31 UTC,2026-05-23 13:27:32 UTC,2026-05-23 13:27:09 UTC,2026-05-23 13:25:38 UTC,end_normal
2530dae80ca8b65d77e08ae8758a7131,2026-05-14 14:18:56 UTC,2026-05-14 14:24:04 UTC,2026-05-14 14:19:13 UTC,1,1,2,2,2,NA,5,5,5,5,5,NA,option_1,option_1,option_1,option_1,option_1,7,konservative,NA,3,NA,1,nordjylland,mellemlang_videre,1969,Kvinde,1139,NA,2026-05-14 14:19:50 UTC,NA,2026-05-14 14:19:35 UTC,2026-05-14 14:19:24 UTC,2026-05-14 14:19:21 UTC,2026-05-14 14:19:18 UTC,NA,2026-05-14 14:22:28 UTC,2026-05-14 14:22:07 UTC,2026-05-14 14:21:40 UTC,2026-05-14 14:21:19 UTC,2026-05-14 14:20:57 UTC,2026-05-14 14:20:05 UTC,2026-05-14 14:19:58 UTC,2026-05-14 14:23:40 UTC,2026-05-14 14:23:37 UTC,2026-05-14 14:23:36 UTC,2026-05-14 14:23:34 UTC,NA,2026-05-14 14:23:10 UTC,2026-05-14 14:23:09 UTC,2026-05-14 14:23:07 UTC,2026-05-14 14:23:03 UTC,2026-05-14 14:23:02 UTC,2026-05-14 14:22:30 UTC,2026-05-14 14:22:09 UTC,2026-05-14 14:21:42 UTC,2026-05-14 14:21:20 UTC,2026-05-14 14:20:58 UTC,2026-05-14 14:20:19 UTC,2026-05-14 14:20:06 UTC,2026-05-14 14:19:51 UTC,2026-05-14 14:19:25 UTC,2026-05-14 14:19:09 UTC,2026-05-14 14:18:56 UTC,2026-05-14 14:23:41 UTC,2026-05-14 14:23:44 UTC,2026-05-14 14:23:10 UTC,2026-05-14 14:22:40 UTC,end_normal
256037e10b8565e7376520d3d1b22dac,2026-05-16 08:21:53 UTC,2026-05-16 08:30:05 UTC,2026-05-16 08:22:07 UTC,1,2,3,2,1,NA,2,2,2,3,2,NA,option_1,option_1,option_1,option_2,option_1,3,alternativet,NA,3,NA,3,hovedstaden,kort_videre,1963,Kvinde,1441,NA,2026-05-16 08:23:00 UTC,NA,2026-05-16 08:22:52 UTC,2026-05-16 08:22:32 UTC,2026-05-16 08:22:29 UTC,2026-05-16 08:22:18 UTC,NA,2026-05-16 08:26:40 UTC,2026-05-16 08:26:12 UTC,2026-05-16 08:25:49 UTC,2026-05-16 08:25:28 UTC,2026-05-16 08:24:56 UTC,2026-05-16 08:23:20 UTC,2026-05-16 08:23:13 UTC,2026-05-16 08:29:00 UTC,2026-05-16 08:28:52 UTC,2026-05-16 08:28:46 UTC,2026-05-16 08:28:39 UTC,NA,2026-05-16 08:28:12 UTC,2026-05-16 08:28:03 UTC,2026-05-16 08:28:20 UTC,2026-05-16 08:27:49 UTC,2026-05-16 08:27:42 UTC,2026-05-16 08:26:46 UTC,2026-05-16 08:26:13 UTC,2026-05-16 08:25:51 UTC,2026-05-16 08:25:29 UTC,2026-05-16 08:24:57 UTC,2026-05-16 08:23:35 UTC,2026-05-16 08:23:22 UTC,2026-05-16 08:23:01 UTC,2026-05-16 08:22:36 UTC,2026-05-16 08:22:02 UTC,2026-05-16 08:21:53 UTC,2026-05-16 08:29:10 UTC,2026-05-16 08:29:11 UTC,2026-05-16 08:28:21 UTC,2026-05-16 08:26:56 UTC,end_normal
256c3bc075eb8231c123be018b4d98b6,2026-06-02 16:43:13 UTC,2026-06-02 16:54:31 UTC,2026-06-02 16:43:28 UTC,2,4,3,3,3,NA,2,3,5,3,2,NA,option_1,option_1,option_2,option_2,option_1,1,dansk_folkeparti,1,2,NA,1,midtjylland,kort_videre,1962,Mand,1316,2026-06-02 16:44:26 UTC,2026-06-02 16:44:15 UTC,NA,2026-06-02 16:44:00 UTC,2026-06-02 16:43:48 UTC,2026-06-02 16:43:42 UTC,2026-06-02 16:43:37 UTC,NA,2026-06-02 16:47:33 UTC,2026-06-02 16:47:06 UTC,2026-06-02 16:46:44 UTC,2026-06-02 16:46:25 UTC,2026-06-02 16:46:01 UTC,2026-06-02 16:44:35 UTC,2026-06-02 16:44:49 UTC,2026-06-02 16:49:04 UTC,2026-06-02 16:48:57 UTC,2026-06-02 16:48:52 UTC,2026-06-02 16:48:48 UTC,NA,2026-06-02 16:48:28 UTC,2026-06-02 16:48:22 UTC,2026-06-02 16:48:16 UTC,2026-06-02 16:48:09 UTC,2026-06-02 16:48:04 UTC,2026-06-02 16:47:35 UTC,2026-06-02 16:47:10 UTC,2026-06-02 16:46:45 UTC,2026-06-02 16:46:28 UTC,2026-06-02 16:46:02 UTC,2026-06-02 16:45:09 UTC,2026-06-02 16:44:52 UTC,2026-06-02 16:44:29 UTC,2026-06-02 16:43:50 UTC,2026-06-02 16:43:23 UTC,2026-06-02 16:43:13 UTC,2026-06-02 16:49:07 UTC,2026-06-02 16:49:09 UTC,2026-06-02 16:48:28 UTC,2026-06-02 16:47:45 UTC,end_normal
256e216a2ee6054015e76192fde0fd66,2026-06-20 06:48:35 UTC,2026-06-20 06:54:00 UTC,2026-06-20 06:48:47 UTC,1,3,3,3,3,NA,4,4,4,3,4,NA,option_2,option_2,option_1,option_2,option_2,5,socialdemokratiet,3,2,NA,1,midtjylland,anden,1970,Kvinde,1900,2026-06-20 06:49:59 UTC,2026-06-20 06:49:38 UTC,NA,2026-06-20 06:49:26 UTC,2026-06-20 06:49:16 UTC,2026-06-20 06:49:13 UTC,2026-06-20 06:49:01 UTC,NA,2026-06-20 06:52:28 UTC,2026-06-20 06:52:00 UTC,2026-06-20 06:51:43 UTC,2026-06-20 06:51:14 UTC,2026-06-20 06:50:50 UTC,2026-06-20 06:50:17 UTC,2026-06-20 06:50:11 UTC,2026-06-20 06:53:29 UTC,2026-06-20 06:53:29 UTC,2026-06-20 06:53:29 UTC,2026-06-20 06:53:29 UTC,NA,2026-06-20 06:53:06 UTC,2026-06-20 06:53:01 UTC,2026-06-20 06:52:57 UTC,2026-06-20 06:52:54 UTC,2026-06-20 06:52:48 UTC,2026-06-20 06:52:29 UTC,2026-06-20 06:52:06 UTC,2026-06-20 06:51:44 UTC,2026-06-20 06:51:15 UTC,2026-06-20 06:50:51 UTC,2026-06-20 06:50:24 UTC,2026-06-20 06:50:19 UTC,2026-06-20 06:50:00 UTC,2026-06-20 06:49:17 UTC,NA,2026-06-20 06:48:35 UTC,2026-06-20 06:53:24 UTC,2026-06-20 06:53:29 UTC,2026-06-20 06:53:06 UTC,2026-06-20 06:52:33 UTC,end_normal
25a1de42d30a80d12233e5010e55448e,2026-05-19 19:04:31 UTC,2026-05-19 19:11:14 UTC,2026-05-19 19:04:46 UTC,2,2,3,4,3,NA,4,5,5,5,4,NA,option_2,option_1,option_2,option_2,option_1,6,konservative,1,2,NA,1,sjaelland,gymnasial,2004,Andet,1184,2026-05-19 19:05:45 UTC,2026-05-19 19:05:21 UTC,NA,2026-05-19 19:05:08 UTC,2026-05-19 19:04:59 UTC,2026-05-19 19:04:52 UTC,2026-05-19 19:04:48 UTC,NA,2026-05-19 19:09:24 UTC,2026-05-19 19:09:06 UTC,2026-05-19 19:08:22 UTC,2026-05-19 19:07:59 UTC,2026-05-19 19:07:14 UTC,2026-05-19 19:05:58 UTC,2026-05-19 19:06:13 UTC,2026-05-19 19:10:45 UTC,2026-05-19 19:10:41 UTC,2026-05-19 19:10:37 UTC,2026-05-19 19:10:31 UTC,NA,2026-05-19 19:10:15 UTC,2026-05-19 19:10:10 UTC,2026-05-19 19:10:04 UTC,2026-05-19 19:10:01 UTC,2026-05-19 19:09:59 UTC,2026-05-19 19:09:24 UTC,2026-05-19 19:09:07 UTC,2026-05-19 19:08:22 UTC,2026-05-19 19:08:02 UTC,2026-05-19 19:07:19 UTC,2026-05-19 19:06:29 UTC,2026-05-19 19:06:19 UTC,2026-05-19 19:05:46 UTC,2026-05-19 19:04:59 UTC,2026-05-19 19:04:40 UTC,2026-05-19 19:04:31 UTC,2026-05-19 19:10:49 UTC,2026-05-19 19:10:50 UTC,2026-05-19 19:10:18 UTC,2026-05-19 19:09:35 UTC,end_normal
25ffac8344485ee559f5021426597516,2026-05-13 18:53:09 UTC,2026-05-13 18:54:23 UTC,2026-05-13 18:53:22 UTC,NA,NA,NA,NA,NA,NA,NA,NA,NA,NA,NA,NA,NA,NA,NA,NA,NA,NA,NA,NA,NA,NA,NA,hovedstaden,mellemlang_videre,1970,Kvinde,617,NA,NA,NA,NA,2026-05-13 18:53:44 UTC,2026-05-13 18:53:36 UTC,2026-05-13 18:53:27 UTC,NA,NA,NA,NA,NA,NA,NA,NA,NA,NA,NA,NA,NA,NA,NA,NA,NA,NA,NA,NA,NA,NA,NA,NA,NA,NA,2026-05-13 18:53:48 UTC,2026-05-13 18:53:19 UTC,2026-05-13 18:53:09 UTC,NA,NA,NA,NA,issue_positions
263b35c9bb5efdc7e73e5c10abf072f7,2026-06-20 04:25:15 UTC,2026-06-20 04:46:00 UTC,2026-06-20 04:25:50 UTC,1,5,5,5,4,NA,4,3,4,4,3,NA,option_1,option_1,option_1,option_1,option_1,7,liberal_alliance,3,2,NA,1,sjaelland,mellemlang_videre,1967,Kvinde,292,2026-06-20 04:29:03 UTC,2026-06-20 04:27:50 UTC,NA,2026-06-20 04:26:50 UTC,2026-06-20 04:26:39 UTC,2026-06-20 04:26:29 UTC,2026-06-20 04:25:59 UTC,NA,2026-06-20 04:37:50 UTC,2026-06-20 04:35:46 UTC,2026-06-20 04:33:30 UTC,2026-06-20 04:32:44 UTC,2026-06-20 04:31:29 UTC,2026-06-20 04:29:44 UTC,2026-06-20 04:29:14 UTC,2026-06-20 04:44:01 UTC,2026-06-20 04:43:48 UTC,2026-06-20 04:43:08 UTC,2026-06-20 04:43:17 UTC,NA,2026-06-20 04:42:15 UTC,2026-06-20 04:41:35 UTC,2026-06-20 04:40:47 UTC,2026-06-20 04:41:29 UTC,2026-06-20 04:40:10 UTC,2026-06-20 04:37:51 UTC,2026-06-20 04:35:49 UTC,2026-06-20 04:33:34 UTC,2026-06-20 04:32:46 UTC,2026-06-20 04:31:31 UTC,2026-06-20 04:30:10 UTC,2026-06-20 04:29:47 UTC,2026-06-20 04:29:04 UTC,2026-06-20 04:26:40 UTC,2026-06-20 04:25:43 UTC,2026-06-20 04:25:15 UTC,2026-06-20 04:44:17 UTC,2026-06-20 04:44:29 UTC,2026-06-20 04:42:20 UTC,2026-06-20 04:38:03 UTC,end_normal
265adba034071b5580efcfd94db40fc3,2026-05-17 19:11:22 UTC,2026-05-17 19:16:46 UTC,2026-05-17 19:11:32 UTC,2,3,2,3,3,NA,1,3,2,3,2,NA,option_2,NA,option_1,option_1,option_1,4,dansk_folkeparti,NA,1,NA,1,sjaelland,gymnasial,2007,Kvinde,1043,NA,2026-05-17 19:12:19 UTC,NA,2026-05-17 19:12:09 UTC,2026-05-17 19:11:59 UTC,2026-05-17 19:11:40 UTC,2026-05-17 19:11:35 UTC,NA,2026-05-17 19:15:04 UTC,NA,2026-05-17 19:14:23 UTC,2026-05-17 19:13:57 UTC,2026-05-17 19:13:18 UTC,2026-05-17 19:12:35 UTC,2026-05-17 19:12:27 UTC,2026-05-17 19:16:00 UTC,2026-05-17 19:15:58 UTC,2026-05-17 19:15:56 UTC,2026-05-17 19:15:55 UTC,NA,2026-05-17 19:15:42 UTC,2026-05-17 19:15:39 UTC,2026-05-17 19:15:32 UTC,2026-05-17 19:15:34 UTC,2026-05-17 19:15:29 UTC,2026-05-17 19:15:07 UTC,2026-05-17 19:14:47 UTC,2026-05-17 19:14:26 UTC,2026-05-17 19:13:58 UTC,2026-05-17 19:13:19 UTC,2026-05-17 19:12:44 UTC,2026-05-17 19:12:39 UTC,2026-05-17 19:12:19 UTC,2026-05-17 19:12:00 UTC,2026-05-17 19:11:28 UTC,2026-05-17 19:11:22 UTC,2026-05-17 19:16:02 UTC,2026-05-17 19:16:03 UTC,2026-05-17 19:15:42 UTC,2026-05-17 19:15:12 UTC,end_normal
26634ab4509e15eb42ff0740995f786f,2026-06-20 07:43:17 UTC,2026-06-20 07:50:58 UTC,2026-06-20 07:43:27 UTC,1,3,3,2,3,NA,5,3,3,4,4,NA,option_1,option_1,option_2,option_2,option_1,8,liberal_alliance,NA,1,NA,1,midtjylland,lang_videre,1999,Mand,511,NA,2026-06-20 07:43:57 UTC,NA,2026-06-20 07:43:44 UTC,2026-06-20 07:43:35 UTC,2026-06-20 07:43:33 UTC,2026-06-20 07:43:30 UTC,NA,2026-06-20 07:47:41 UTC,2026-06-20 07:46:55 UTC,2026-06-20 07:46:38 UTC,2026-06-20 07:46:01 UTC,2026-06-20 07:45:17 UTC,2026-06-20 07:44:08 UTC,2026-06-20 07:44:04 UTC,2026-06-20 07:48:59 UTC,2026-06-20 07:48:54 UTC,2026-06-20 07:48:49 UTC,2026-06-20 07:48:45 UTC,NA,2026-06-20 07:48:26 UTC,2026-06-20 07:48:23 UTC,2026-06-20 07:48:17 UTC,2026-06-20 07:48:13 UTC,2026-06-20 07:48:12 UTC,2026-06-20 07:47:42 UTC,2026-06-20 07:46:57 UTC,2026-06-20 07:46:40 UTC,2026-06-20 07:46:03 UTC,2026-06-20 07:45:20 UTC,2026-06-20 07:44:13 UTC,2026-06-20 07:44:08 UTC,2026-06-20 07:43:58 UTC,2026-06-20 07:43:38 UTC,2026-06-20 07:43:24 UTC,2026-06-20 07:43:17 UTC,2026-06-20 07:49:06 UTC,2026-06-20 07:49:07 UTC,2026-06-20 07:48:27 UTC,2026-06-20 07:47:46 UTC,end_normal
269429c48a016ce12d9f09ea752e8686,2026-06-02 16:04:01 UTC,2026-06-02 16:25:38 UTC,2026-06-02 16:04:13 UTC,2,4,3,4,4,NA,3,4,3,3,4,NA,option_2,option_1,option_1,option_2,option_2,5,alternativet,NA,3,NA,3,midtjylland,kort_videre,1973,Kvinde,1726,NA,2026-06-02 16:05:01 UTC,NA,2026-06-02 16:04:51 UTC,2026-06-02 16:04:34 UTC,2026-06-02 16:04:29 UTC,2026-06-02 16:04:21 UTC,NA,2026-06-02 16:08:06 UTC,2026-06-02 16:07:44 UTC,2026-06-02 16:07:21 UTC,2026-06-02 16:06:53 UTC,2026-06-02 16:06:13 UTC,2026-06-02 16:05:15 UTC,2026-06-02 16:05:10 UTC,2026-06-02 16:09:11 UTC,2026-06-02 16:09:07 UTC,2026-06-02 16:09:05 UTC,2026-06-02 16:09:03 UTC,NA,2026-06-02 16:08:48 UTC,2026-06-02 16:08:42 UTC,2026-06-02 16:08:37 UTC,2026-06-02 16:08:33 UTC,2026-06-02 16:08:31 UTC,2026-06-02 16:08:06 UTC,2026-06-02 16:07:48 UTC,2026-06-02 16:07:25 UTC,2026-06-02 16:06:53 UTC,2026-06-02 16:06:18 UTC,2026-06-02 16:05:29 UTC,2026-06-02 16:05:18 UTC,2026-06-02 16:05:03 UTC,2026-06-02 16:04:35 UTC,2026-06-02 16:04:08 UTC,2026-06-02 16:04:01 UTC,2026-06-02 16:09:15 UTC,2026-06-02 16:09:19 UTC,2026-06-02 16:08:51 UTC,2026-06-02 16:08:16 UTC,end_normal
26e139d25c754fff4e5ad87df0eb034b,2026-05-13 17:34:22 UTC,2026-05-13 17:35:42 UTC,2026-05-13 17:34:58 UTC,NA,NA,NA,NA,NA,NA,NA,NA,NA,NA,NA,NA,NA,NA,NA,NA,NA,NA,NA,NA,NA,NA,NA,midtjylland,lang_videre,1989,Mand,640,NA,NA,NA,NA,2026-05-13 17:34:48 UTC,2026-05-13 17:34:51 UTC,2026-05-13 17:34:56 UTC,NA,NA,NA,NA,NA,NA,NA,NA,NA,NA,NA,NA,NA,NA,NA,NA,NA,NA,NA,NA,NA,NA,NA,NA,NA,NA,2026-05-13 17:34:59 UTC,2026-05-13 17:34:31 UTC,2026-05-13 17:34:22 UTC,NA,NA,NA,NA,issue_positions
2703c08364d3b26a46859d5ff34f82e7,2026-05-14 07:07:23 UTC,2026-05-14 07:10:21 UTC,2026-05-14 07:07:46 UTC,1,1,1,2,1,NA,2,1,1,4,2,NA,option_2,option_1,option_2,option_2,option_1,7,enhedslisten,NA,3,NA,3,hovedstaden,lang_videre,2000,Kvinde,1104,NA,2026-05-14 07:08:02 UTC,NA,2026-05-14 07:08:02 UTC,2026-05-14 07:07:53 UTC,2026-05-14 07:07:52 UTC,2026-05-14 07:07:50 UTC,NA,2026-05-14 07:09:15 UTC,2026-05-14 07:09:05 UTC,2026-05-14 07:08:56 UTC,2026-05-14 07:08:40 UTC,2026-05-14 07:08:26 UTC,2026-05-14 07:08:11 UTC,2026-05-14 07:08:09 UTC,2026-05-14 07:09:56 UTC,2026-05-14 07:09:54 UTC,2026-05-14 07:09:52 UTC,2026-05-14 07:09:53 UTC,NA,2026-05-14 07:09:37 UTC,2026-05-14 07:09:35 UTC,2026-05-14 07:09:34 UTC,2026-05-14 07:09:32 UTC,2026-05-14 07:09:30 UTC,2026-05-14 07:09:16 UTC,2026-05-14 07:09:07 UTC,2026-05-14 07:08:56 UTC,2026-05-14 07:08:41 UTC,2026-05-14 07:08:27 UTC,2026-05-14 07:08:15 UTC,2026-05-14 07:08:12 UTC,2026-05-14 07:08:02 UTC,2026-05-14 07:07:54 UTC,2026-05-14 07:07:43 UTC,2026-05-14 07:07:23 UTC,2026-05-14 07:09:58 UTC,2026-05-14 07:09:59 UTC,2026-05-14 07:09:38 UTC,2026-05-14 07:09:19 UTC,end_normal
27908a403b8456e4f1d557ac10a3f4a6,2026-05-24 09:44:40 UTC,2026-05-24 09:49:29 UTC,2026-05-24 09:44:54 UTC,5,5,5,5,5,NA,1,1,1,2,2,NA,option_2,option_1,option_1,option_1,option_1,4,enhedslisten,3,2,NA,3,midtjylland,gymnasial,2007,Kvinde,1468,2026-05-24 09:45:38 UTC,2026-05-24 09:45:26 UTC,NA,2026-05-24 09:45:17 UTC,2026-05-24 09:45:08 UTC,2026-05-24 09:45:04 UTC,2026-05-24 09:44:57 UTC,NA,2026-05-24 09:47:55 UTC,2026-05-24 09:47:35 UTC,2026-05-24 09:47:20 UTC,2026-05-24 09:47:07 UTC,2026-05-24 09:46:45 UTC,2026-05-24 09:46:12 UTC,2026-05-24 09:45:53 UTC,2026-05-24 09:48:52 UTC,2026-05-24 09:48:49 UTC,2026-05-24 09:48:46 UTC,2026-05-24 09:48:44 UTC,NA,2026-05-24 09:48:32 UTC,2026-05-24 09:48:31 UTC,2026-05-24 09:48:27 UTC,2026-05-24 09:48:24 UTC,2026-05-24 09:48:21 UTC,2026-05-24 09:47:55 UTC,2026-05-24 09:47:38 UTC,2026-05-24 09:47:23 UTC,2026-05-24 09:47:07 UTC,2026-05-24 09:46:49 UTC,2026-05-24 09:46:19 UTC,2026-05-24 09:46:13 UTC,2026-05-24 09:45:43 UTC,2026-05-24 09:45:08 UTC,2026-05-24 09:44:51 UTC,2026-05-24 09:44:40 UTC,2026-05-24 09:48:54 UTC,2026-05-24 09:48:55 UTC,2026-05-24 09:48:33 UTC,2026-05-24 09:48:03 UTC,end_normal
279c7c811c130fe13f2cdc33a1f11760,2026-06-19 18:25:40 UTC,2026-06-19 18:35:08 UTC,2026-06-19 18:25:56 UTC,4,3,3,4,4,NA,2,4,3,4,4,NA,option_1,option_2,option_1,option_2,option_2,8,venstre,NA,1,NA,1,sjaelland,erhvervsuddannelse,1946,Mand,1379,NA,2026-06-19 18:26:40 UTC,NA,2026-06-19 18:26:29 UTC,2026-06-19 18:26:18 UTC,2026-06-19 18:26:15 UTC,2026-06-19 18:26:06 UTC,NA,2026-06-19 18:29:05 UTC,2026-06-19 18:28:41 UTC,2026-06-19 18:28:23 UTC,2026-06-19 18:28:01 UTC,2026-06-19 18:27:37 UTC,2026-06-19 18:27:00 UTC,2026-06-19 18:26:57 UTC,2026-06-19 18:30:18 UTC,2026-06-19 18:30:17 UTC,2026-06-19 18:30:13 UTC,2026-06-19 18:30:12 UTC,NA,2026-06-19 18:29:54 UTC,2026-06-19 18:29:52 UTC,2026-06-19 18:29:46 UTC,2026-06-19 18:29:41 UTC,2026-06-19 18:29:39 UTC,2026-06-19 18:29:06 UTC,2026-06-19 18:28:43 UTC,2026-06-19 18:28:24 UTC,2026-06-19 18:28:02 UTC,2026-06-19 18:27:38 UTC,NA,2026-06-19 18:27:08 UTC,2026-06-19 18:26:41 UTC,2026-06-19 18:26:21 UTC,2026-06-19 18:25:53 UTC,2026-06-19 18:25:40 UTC,2026-06-19 18:30:24 UTC,2026-06-19 18:30:26 UTC,2026-06-19 18:29:55 UTC,2026-06-19 18:29:14 UTC,end_normal
27c7850bd5c114aa07a247d05998bad7,2026-05-17 10:36:46 UTC,2026-05-17 10:38:23 UTC,2026-05-17 10:36:59 UTC,NA,NA,NA,NA,NA,NA,NA,NA,NA,NA,NA,NA,NA,NA,NA,NA,NA,NA,NA,NA,2,3,2,hovedstaden,lang_videre,2005,Kvinde,146,NA,2026-05-17 10:37:52 UTC,2026-05-17 10:37:44 UTC,2026-05-17 10:37:35 UTC,2026-05-17 10:37:19 UTC,2026-05-17 10:37:10 UTC,2026-05-17 10:37:03 UTC,NA,NA,NA,NA,NA,NA,NA,NA,NA,NA,NA,NA,NA,NA,NA,NA,NA,NA,NA,NA,NA,NA,NA,NA,NA,NA,2026-05-17 10:37:19 UTC,2026-05-17 10:36:55 UTC,2026-05-17 10:36:46 UTC,NA,NA,NA,NA,issue_positions
27ef643764151bab607afeecc575c54d,2026-05-15 15:45:15 UTC,2026-05-15 16:00:35 UTC,2026-05-15 15:45:33 UTC,4,5,5,5,5,NA,1,2,4,4,2,NA,option_2,option_1,option_1,option_2,option_2,8,enhedslisten,NA,3,1,2,hovedstaden,mellemlang_videre,1975,Kvinde,1468,NA,2026-05-15 15:46:53 UTC,2026-05-15 15:46:33 UTC,2026-05-15 15:46:18 UTC,2026-05-15 15:45:50 UTC,2026-05-15 15:45:46 UTC,2026-05-15 15:45:41 UTC,NA,2026-05-15 15:57:07 UTC,2026-05-15 15:55:18 UTC,2026-05-15 15:54:32 UTC,2026-05-15 15:51:51 UTC,2026-05-15 15:51:00 UTC,2026-05-15 15:47:38 UTC,2026-05-15 15:47:03 UTC,2026-05-15 15:59:19 UTC,2026-05-15 15:59:05 UTC,2026-05-15 15:59:04 UTC,2026-05-15 15:58:57 UTC,NA,2026-05-15 15:58:32 UTC,2026-05-15 15:58:23 UTC,2026-05-15 15:58:13 UTC,2026-05-15 15:57:59 UTC,2026-05-15 15:57:53 UTC,2026-05-15 15:57:08 UTC,2026-05-15 15:55:18 UTC,2026-05-15 15:54:33 UTC,2026-05-15 15:51:52 UTC,2026-05-15 15:51:02 UTC,2026-05-15 15:50:06 UTC,2026-05-15 15:49:52 UTC,2026-05-15 15:46:53 UTC,2026-05-15 15:45:50 UTC,2026-05-15 15:45:28 UTC,2026-05-15 15:45:15 UTC,2026-05-15 15:59:37 UTC,2026-05-15 15:59:39 UTC,2026-05-15 15:58:34 UTC,2026-05-15 15:57:16 UTC,end_normal
27fed1cca46b9ddbb6787fc5b43f51c1,2026-06-03 11:43:27 UTC,2026-06-03 11:46:58 UTC,2026-06-03 11:43:36 UTC,NA,NA,NA,NA,NA,NA,3,3,2,2,2,NA,option_1,option_2,option_2,option_1,option_2,3,radikale,NA,3,NA,3,midtjylland,mellemlang_videre,1987,Kvinde,638,NA,2026-06-03 11:44:02 UTC,NA,2026-06-03 11:43:58 UTC,2026-06-03 11:43:50 UTC,2026-06-03 11:43:46 UTC,2026-06-03 11:43:43 UTC,NA,2026-06-03 11:46:03 UTC,2026-06-03 11:45:51 UTC,2026-06-03 11:45:25 UTC,2026-06-03 11:45:03 UTC,2026-06-03 11:44:40 UTC,2026-06-03 11:44:15 UTC,2026-06-03 11:44:09 UTC,NA,NA,NA,NA,NA,2026-06-03 11:46:41 UTC,2026-06-03 11:46:42 UTC,2026-06-03 11:46:30 UTC,2026-06-03 11:46:25 UTC,2026-06-03 11:46:17 UTC,2026-06-03 11:46:03 UTC,2026-06-03 11:45:51 UTC,2026-06-03 11:45:26 UTC,2026-06-03 11:45:07 UTC,2026-06-03 11:44:41 UTC,2026-06-03 11:44:22 UTC,2026-06-03 11:44:15 UTC,2026-06-03 11:44:03 UTC,2026-06-03 11:43:51 UTC,2026-06-03 11:43:33 UTC,2026-06-03 11:43:27 UTC,NA,NA,NA,2026-06-03 11:46:09 UTC,single_profile_1
2857c87b9b92ba739ace19d8dbb6a6cc,2026-06-19 20:00:17 UTC,2026-06-19 20:13:03 UTC,2026-06-19 20:00:30 UTC,2,3,4,4,3,NA,NA,NA,NA,NA,NA,NA,option_2,NA,option_2,option_1,option_1,5,socialdemokratiet,3,2,NA,1,syddanmark,erhvervsuddannelse,1974,Kvinde,1062,2026-06-19 20:01:27 UTC,2026-06-19 20:01:12 UTC,NA,2026-06-19 20:01:01 UTC,2026-06-19 20:00:48 UTC,2026-06-19 20:00:42 UTC,2026-06-19 20:00:36 UTC,NA,2026-06-19 20:06:01 UTC,NA,2026-06-19 20:04:06 UTC,2026-06-19 20:03:27 UTC,2026-06-19 20:02:49 UTC,2026-06-19 20:01:45 UTC,2026-06-19 20:01:36 UTC,2026-06-19 20:08:13 UTC,2026-06-19 20:07:57 UTC,2026-06-19 20:07:54 UTC,2026-06-19 20:07:44 UTC,NA,NA,NA,NA,NA,NA,2026-06-19 20:06:02 UTC,2026-06-19 20:05:13 UTC,2026-06-19 20:04:09 UTC,2026-06-19 20:03:30 UTC,2026-06-19 20:02:51 UTC,2026-06-19 20:02:11 UTC,2026-06-19 20:01:50 UTC,2026-06-19 20:01:30 UTC,2026-06-19 20:00:49 UTC,2026-06-19 20:00:25 UTC,2026-06-19 20:00:17 UTC,2026-06-19 20:07:37 UTC,2026-06-19 20:08:14 UTC,2026-06-19 20:06:53 UTC,2026-06-19 20:06:06 UTC,end_normal
288822823aa0af16a3fcb7963b3bbeae,2026-05-16 19:45:06 UTC,2026-05-16 19:50:52 UTC,2026-05-16 19:45:20 UTC,1,1,1,1,1,NA,5,5,5,5,5,NA,option_1,option_2,option_1,option_2,option_2,8,venstre,NA,1,3,2,sjaelland,lang_videre,1970,Mand,1704,NA,2026-05-16 19:46:33 UTC,2026-05-16 19:46:21 UTC,2026-05-16 19:46:14 UTC,2026-05-16 19:45:41 UTC,2026-05-16 19:45:37 UTC,2026-05-16 19:45:56 UTC,NA,2026-05-16 19:49:09 UTC,2026-05-16 19:48:40 UTC,2026-05-16 19:48:19 UTC,2026-05-16 19:47:57 UTC,2026-05-16 19:47:42 UTC,2026-05-16 19:46:50 UTC,2026-05-16 19:46:46 UTC,2026-05-16 19:50:10 UTC,2026-05-16 19:50:06 UTC,2026-05-16 19:50:14 UTC,2026-05-16 19:50:14 UTC,NA,2026-05-16 19:49:50 UTC,2026-05-16 19:49:49 UTC,2026-05-16 19:49:46 UTC,2026-05-16 19:49:41 UTC,2026-05-16 19:49:39 UTC,2026-05-16 19:49:11 UTC,2026-05-16 19:48:41 UTC,2026-05-16 19:48:23 UTC,2026-05-16 19:48:01 UTC,2026-05-16 19:47:43 UTC,2026-05-16 19:46:56 UTC,2026-05-16 19:46:54 UTC,2026-05-16 19:46:34 UTC,2026-05-16 19:45:58 UTC,2026-05-16 19:45:16 UTC,2026-05-16 19:45:06 UTC,2026-05-16 19:50:13 UTC,2026-05-16 19:50:18 UTC,2026-05-16 19:49:50 UTC,2026-05-16 19:49:19 UTC,end_normal
289cdbca34d3ec5b6f362858fdc33e81,2026-05-13 20:47:39 UTC,2026-05-13 20:48:33 UTC,NA,NA,NA,NA,NA,NA,NA,NA,NA,NA,NA,NA,NA,NA,NA,NA,NA,NA,NA,NA,NA,NA,NA,NA,NA,NA,NA,NA,140,NA,NA,NA,NA,NA,NA,NA,NA,NA,NA,NA,NA,NA,NA,NA,NA,NA,NA,NA,NA,NA,NA,NA,NA,NA,NA,NA,NA,NA,NA,NA,NA,NA,NA,2026-05-13 20:47:46 UTC,2026-05-13 20:47:39 UTC,NA,NA,NA,NA,Background
28b6751af22694b0192a4edc9a3f2cfd,2026-05-13 08:40:04 UTC,2026-05-13 08:42:30 UTC,2026-05-13 08:40:15 UTC,1,1,1,2,1,NA,2,2,2,2,2,NA,option_1,option_1,option_2,option_1,option_2,8,venstre,NA,1,NA,1,sjaelland,mellemlang_videre,1995,Mand,1120,NA,2026-05-13 08:40:26 UTC,NA,2026-05-13 08:40:25 UTC,2026-05-13 08:40:21 UTC,2026-05-13 08:40:19 UTC,2026-05-13 08:40:18 UTC,NA,2026-05-13 08:41:19 UTC,2026-05-13 08:41:12 UTC,2026-05-13 08:41:02 UTC,2026-05-13 08:40:54 UTC,2026-05-13 08:40:48 UTC,2026-05-13 08:40:37 UTC,2026-05-13 08:40:33 UTC,2026-05-13 08:42:03 UTC,2026-05-13 08:41:51 UTC,2026-05-13 08:41:57 UTC,2026-05-13 08:41:53 UTC,NA,2026-05-13 08:41:45 UTC,2026-05-13 08:41:44 UTC,2026-05-13 08:41:42 UTC,2026-05-13 08:41:39 UTC,2026-05-13 08:41:35 UTC,2026-05-13 08:41:25 UTC,2026-05-13 08:41:14 UTC,2026-05-13 08:41:03 UTC,2026-05-13 08:40:55 UTC,2026-05-13 08:40:50 UTC,2026-05-13 08:40:41 UTC,2026-05-13 08:40:38 UTC,2026-05-13 08:40:27 UTC,2026-05-13 08:40:22 UTC,2026-05-13 08:40:11 UTC,2026-05-13 08:40:04 UTC,2026-05-13 08:42:00 UTC,2026-05-13 08:42:04 UTC,2026-05-13 08:41:46 UTC,2026-05-13 08:41:28 UTC,end_normal
28daee6c188fc7107b9ef0d3d16345f6,2026-05-23 17:19:49 UTC,2026-05-23 17:24:34 UTC,2026-05-23 17:20:05 UTC,5,5,5,5,5,NA,1,1,1,1,1,NA,option_2,option_1,option_1,option_2,option_1,3,moderaterne,NA,3,NA,3,sjaelland,erhvervsuddannelse,1980,Kvinde,108,NA,2026-05-23 17:20:56 UTC,NA,2026-05-23 17:20:47 UTC,2026-05-23 17:20:22 UTC,2026-05-23 17:20:28 UTC,2026-05-23 17:20:13 UTC,NA,2026-05-23 17:22:59 UTC,2026-05-23 17:22:45 UTC,2026-05-23 17:22:33 UTC,2026-05-23 17:22:08 UTC,2026-05-23 17:21:46 UTC,2026-05-23 17:21:11 UTC,2026-05-23 17:21:07 UTC,2026-05-23 17:24:09 UTC,2026-05-23 17:24:08 UTC,2026-05-23 17:24:06 UTC,2026-05-23 17:24:03 UTC,NA,2026-05-23 17:23:48 UTC,2026-05-23 17:23:44 UTC,2026-05-23 17:23:42 UTC,2026-05-23 17:23:38 UTC,2026-05-23 17:23:25 UTC,2026-05-23 17:23:00 UTC,2026-05-23 17:22:46 UTC,2026-05-23 17:22:35 UTC,2026-05-23 17:22:11 UTC,2026-05-23 17:21:47 UTC,2026-05-23 17:21:26 UTC,2026-05-23 17:21:13 UTC,2026-05-23 17:20:57 UTC,2026-05-23 17:20:32 UTC,2026-05-23 17:20:01 UTC,2026-05-23 17:19:49 UTC,2026-05-23 17:24:10 UTC,2026-05-23 17:24:11 UTC,2026-05-23 17:23:50 UTC,2026-05-23 17:23:09 UTC,end_normal
291464e29c11c0b3185f19b773792f66,2026-06-20 06:33:22 UTC,2026-06-20 06:41:47 UTC,2026-06-20 06:33:45 UTC,2,3,3,3,3,NA,2,3,3,3,3,NA,option_1,option_2,option_1,option_2,option_1,8,moderaterne,1,2,1,2,midtjylland,mellemlang_videre,1959,Kvinde,1327,2026-06-20 06:35:16 UTC,2026-06-20 06:35:03 UTC,2026-06-20 06:34:49 UTC,2026-06-20 06:34:33 UTC,2026-06-20 06:34:14 UTC,2026-06-20 06:34:08 UTC,2026-06-20 06:33:54 UTC,NA,2026-06-20 06:39:00 UTC,2026-06-20 06:38:20 UTC,2026-06-20 06:37:55 UTC,2026-06-20 06:37:18 UTC,2026-06-20 06:36:49 UTC,2026-06-20 06:35:38 UTC,2026-06-20 06:35:28 UTC,2026-06-20 06:41:17 UTC,2026-06-20 06:41:16 UTC,2026-06-20 06:41:10 UTC,2026-06-20 06:41:09 UTC,NA,2026-06-20 06:40:07 UTC,2026-06-20 06:40:27 UTC,2026-06-20 06:40:11 UTC,2026-06-20 06:40:12 UTC,2026-06-20 06:40:12 UTC,2026-06-20 06:39:02 UTC,2026-06-20 06:38:23 UTC,2026-06-20 06:37:55 UTC,2026-06-20 06:37:19 UTC,2026-06-20 06:36:50 UTC,2026-06-20 06:36:07 UTC,2026-06-20 06:35:39 UTC,2026-06-20 06:35:17 UTC,2026-06-20 06:34:15 UTC,2026-06-20 06:33:38 UTC,2026-06-20 06:33:22 UTC,2026-06-20 06:41:15 UTC,2026-06-20 06:41:17 UTC,2026-06-20 06:40:28 UTC,2026-06-20 06:39:21 UTC,end_normal
294eb25cae6893d7b58894034ab11bd3,2026-05-15 06:28:51 UTC,2026-05-15 06:34:12 UTC,2026-05-15 06:29:11 UTC,1,2,2,2,2,NA,4,4,4,4,4,NA,option_2,option_2,option_2,option_1,option_2,7,sf,NA,3,NA,3,nordjylland,lang_videre,1968,Mand,29,NA,2026-05-15 06:29:51 UTC,NA,2026-05-15 06:29:42 UTC,2026-05-15 06:29:28 UTC,2026-05-15 06:29:25 UTC,2026-05-15 06:29:18 UTC,NA,2026-05-15 06:32:42 UTC,2026-05-15 06:32:23 UTC,2026-05-15 06:31:57 UTC,2026-05-15 06:31:29 UTC,2026-05-15 06:30:54 UTC,2026-05-15 06:30:10 UTC,2026-05-15 06:30:01 UTC,2026-05-15 06:33:36 UTC,2026-05-15 06:33:35 UTC,2026-05-15 06:33:33 UTC,2026-05-15 06:33:31 UTC,NA,2026-05-15 06:33:20 UTC,2026-05-15 06:33:16 UTC,2026-05-15 06:33:14 UTC,2026-05-15 06:33:12 UTC,2026-05-15 06:33:09 UTC,2026-05-15 06:32:48 UTC,2026-05-15 06:32:25 UTC,2026-05-15 06:31:59 UTC,2026-05-15 06:31:31 UTC,2026-05-15 06:30:59 UTC,2026-05-15 06:30:18 UTC,2026-05-15 06:30:11 UTC,2026-05-15 06:29:54 UTC,2026-05-15 06:29:29 UTC,2026-05-15 06:29:05 UTC,2026-05-15 06:28:51 UTC,2026-05-15 06:33:37 UTC,2026-05-15 06:33:39 UTC,2026-05-15 06:33:21 UTC,2026-05-15 06:32:57 UTC,end_normal
2999fd0f033b6e510a499ae87bd1f31f,2026-05-23 14:47:45 UTC,2026-05-23 14:53:04 UTC,2026-05-23 14:47:56 UTC,2,1,2,2,2,NA,2,1,2,2,2,NA,option_1,option_2,option_1,option_1,option_2,3,sf,NA,3,NA,3,sjaelland,lang_videre,1962,Kvinde,1886,NA,2026-05-23 14:48:32 UTC,NA,2026-05-23 14:48:24 UTC,2026-05-23 14:48:14 UTC,2026-05-23 14:48:11 UTC,2026-05-23 14:48:05 UTC,NA,2026-05-23 14:51:18 UTC,2026-05-23 14:50:58 UTC,2026-05-23 14:50:34 UTC,2026-05-23 14:50:17 UTC,2026-05-23 14:49:42 UTC,2026-05-23 14:48:46 UTC,2026-05-23 14:48:40 UTC,2026-05-23 14:52:39 UTC,2026-05-23 14:52:38 UTC,2026-05-23 14:52:34 UTC,2026-05-23 14:52:33 UTC,NA,2026-05-23 14:52:18 UTC,2026-05-23 14:52:00 UTC,2026-05-23 14:51:51 UTC,2026-05-23 14:51:49 UTC,2026-05-23 14:51:45 UTC,2026-05-23 14:51:24 UTC,2026-05-23 14:51:00 UTC,2026-05-23 14:50:37 UTC,2026-05-23 14:50:19 UTC,2026-05-23 14:49:44 UTC,2026-05-23 14:48:53 UTC,2026-05-23 14:48:47 UTC,2026-05-23 14:48:34 UTC,2026-05-23 14:48:15 UTC,2026-05-23 14:47:52 UTC,2026-05-23 14:47:45 UTC,2026-05-23 14:52:39 UTC,2026-05-23 14:52:41 UTC,2026-05-23 14:52:22 UTC,2026-05-23 14:51:27 UTC,end_normal
29c1bc83f57b719254acbf16de4eade1,2026-06-18 20:50:37 UTC,2026-06-18 20:54:30 UTC,2026-06-18 20:51:01 UTC,3,3,3,3,3,NA,3,3,3,3,3,NA,option_2,option_1,option_2,option_2,option_1,6,liberal_alliance,NA,1,NA,1,sjaelland,erhvervsuddannelse,1973,Mand,1914,NA,2026-06-18 20:51:26 UTC,NA,2026-06-18 20:51:18 UTC,2026-06-18 20:51:11 UTC,2026-06-18 20:51:09 UTC,2026-06-18 20:51:06 UTC,NA,2026-06-18 20:53:36 UTC,2026-06-18 20:53:20 UTC,2026-06-18 20:53:00 UTC,2026-06-18 20:52:39 UTC,2026-06-18 20:52:17 UTC,2026-06-18 20:51:37 UTC,2026-06-18 20:51:46 UTC,2026-06-18 20:54:05 UTC,2026-06-18 20:54:06 UTC,2026-06-18 20:54:03 UTC,2026-06-18 20:54:04 UTC,NA,2026-06-18 20:53:58 UTC,2026-06-18 20:53:57 UTC,2026-06-18 20:53:56 UTC,2026-06-18 20:53:56 UTC,2026-06-18 20:53:53 UTC,2026-06-18 20:53:37 UTC,2026-06-18 20:53:21 UTC,2026-06-18 20:53:02 UTC,2026-06-18 20:52:42 UTC,2026-06-18 20:52:18 UTC,2026-06-18 20:51:51 UTC,2026-06-18 20:51:47 UTC,2026-06-18 20:51:27 UTC,2026-06-18 20:51:12 UTC,2026-06-18 20:50:57 UTC,2026-06-18 20:50:37 UTC,2026-06-18 20:54:07 UTC,2026-06-18 20:54:08 UTC,2026-06-18 20:53:59 UTC,2026-06-18 20:53:45 UTC,end_normal
29d79c68d8515d9958f344e9de9b00e1,2026-06-20 19:32:36 UTC,2026-06-20 19:37:48 UTC,2026-06-20 19:32:48 UTC,2,2,2,2,2,NA,2,2,2,2,2,NA,option_2,option_2,option_2,option_2,option_2,7,sf,3,2,NA,3,syddanmark,erhvervsuddannelse,1958,Kvinde,982,2026-06-20 19:33:34 UTC,2026-06-20 19:33:28 UTC,NA,2026-06-20 19:33:21 UTC,2026-06-20 19:33:11 UTC,2026-06-20 19:33:06 UTC,2026-06-20 19:32:59 UTC,NA,2026-06-20 19:35:50 UTC,2026-06-20 19:35:30 UTC,2026-06-20 19:35:12 UTC,2026-06-20 19:34:43 UTC,2026-06-20 19:34:24 UTC,2026-06-20 19:33:45 UTC,2026-06-20 19:33:41 UTC,2026-06-20 19:37:13 UTC,2026-06-20 19:37:12 UTC,2026-06-20 19:37:08 UTC,2026-06-20 19:37:05 UTC,NA,2026-06-20 19:36:43 UTC,2026-06-20 19:36:39 UTC,2026-06-20 19:36:35 UTC,2026-06-20 19:36:30 UTC,2026-06-20 19:36:25 UTC,2026-06-20 19:35:52 UTC,2026-06-20 19:35:31 UTC,2026-06-20 19:35:14 UTC,2026-06-20 19:34:45 UTC,2026-06-20 19:34:26 UTC,2026-06-20 19:33:55 UTC,2026-06-20 19:33:47 UTC,2026-06-20 19:33:34 UTC,2026-06-20 19:33:11 UTC,2026-06-20 19:32:43 UTC,2026-06-20 19:32:36 UTC,2026-06-20 19:37:15 UTC,2026-06-20 19:37:15 UTC,2026-06-20 19:36:44 UTC,2026-06-20 19:36:02 UTC,end_normal
2aa18da73449599d3824d36a02571b47,2026-05-15 18:52:34 UTC,2026-05-15 18:54:55 UTC,2026-05-15 18:52:52 UTC,NA,NA,NA,NA,NA,NA,NA,NA,NA,NA,NA,NA,NA,NA,NA,NA,NA,NA,NA,NA,NA,NA,1,sjaelland,kort_videre,1974,Kvinde,627,NA,NA,NA,2026-05-15 18:53:46 UTC,2026-05-15 18:53:28 UTC,2026-05-15 18:53:22 UTC,2026-05-15 18:53:02 UTC,NA,NA,NA,NA,NA,NA,NA,NA,NA,NA,NA,NA,NA,NA,NA,NA,NA,NA,NA,NA,NA,NA,NA,NA,NA,NA,2026-05-15 18:53:29 UTC,2026-05-15 18:52:46 UTC,2026-05-15 18:52:34 UTC,NA,NA,NA,NA,issue_positions
2b1426b4047ff6b99fa06cee8f520790,2026-05-15 17:37:18 UTC,2026-05-15 17:44:52 UTC,2026-05-15 17:37:42 UTC,3,3,3,3,3,NA,3,3,3,3,3,NA,option_1,option_1,option_1,option_2,option_1,2,onsker_ikke,3,2,NA,1,syddanmark,mellemlang_videre,1996,Kvinde,467,2026-05-15 17:38:47 UTC,2026-05-15 17:38:28 UTC,NA,2026-05-15 17:38:13 UTC,2026-05-15 17:38:03 UTC,2026-05-15 17:37:53 UTC,2026-05-15 17:37:46 UTC,NA,2026-05-15 17:43:11 UTC,2026-05-15 17:42:30 UTC,2026-05-15 17:42:11 UTC,2026-05-15 17:40:17 UTC,2026-05-15 17:39:46 UTC,2026-05-15 17:39:06 UTC,2026-05-15 17:38:58 UTC,2026-05-15 17:44:15 UTC,2026-05-15 17:44:14 UTC,2026-05-15 17:44:12 UTC,2026-05-15 17:44:11 UTC,NA,2026-05-15 17:44:05 UTC,2026-05-15 17:44:03 UTC,2026-05-15 17:44:02 UTC,2026-05-15 17:43:58 UTC,2026-05-15 17:43:53 UTC,2026-05-15 17:43:13 UTC,2026-05-15 17:42:36 UTC,2026-05-15 17:42:12 UTC,2026-05-15 17:40:26 UTC,2026-05-15 17:39:46 UTC,2026-05-15 17:39:12 UTC,2026-05-15 17:39:07 UTC,2026-05-15 17:38:47 UTC,2026-05-15 17:38:04 UTC,2026-05-15 17:37:39 UTC,2026-05-15 17:37:18 UTC,2026-05-15 17:44:18 UTC,2026-05-15 17:44:21 UTC,2026-05-15 17:44:06 UTC,2026-05-15 17:43:30 UTC,end_normal
2b1e082fa38113873f9ac0c06be992a2,2026-05-16 16:56:25 UTC,2026-05-16 17:02:33 UTC,2026-05-16 16:56:41 UTC,NA,NA,NA,NA,NA,NA,NA,NA,NA,4,4,NA,option_1,option_1,option_1,option_2,option_1,7,moderaterne,1,2,3,2,sjaelland,mellemlang_videre,1973,Mand,1686,2026-05-16 16:57:41 UTC,2026-05-16 16:57:34 UTC,2026-05-16 16:57:23 UTC,2026-05-16 16:57:07 UTC,2026-05-16 16:56:57 UTC,2026-05-16 16:56:52 UTC,2026-05-16 16:56:47 UTC,NA,2026-05-16 17:01:30 UTC,2026-05-16 17:01:13 UTC,2026-05-16 17:00:47 UTC,2026-05-16 17:00:14 UTC,2026-05-16 16:59:36 UTC,2026-05-16 16:57:54 UTC,2026-05-16 16:57:49 UTC,NA,NA,NA,NA,NA,NA,NA,NA,2026-05-16 17:02:12 UTC,2026-05-16 17:02:07 UTC,2026-05-16 17:01:31 UTC,2026-05-16 17:01:14 UTC,2026-05-16 17:00:47 UTC,2026-05-16 17:00:18 UTC,2026-05-16 16:59:36 UTC,2026-05-16 16:58:09 UTC,2026-05-16 16:58:00 UTC,2026-05-16 16:57:42 UTC,2026-05-16 16:56:58 UTC,2026-05-16 16:56:35 UTC,2026-05-16 16:56:25 UTC,NA,NA,NA,2026-05-16 17:01:42 UTC,single_profile_1
2b671668b994109679f65fad01d2a6a3,2026-05-23 19:37:21 UTC,2026-05-23 19:38:43 UTC,2026-05-23 19:37:36 UTC,NA,NA,NA,NA,NA,NA,NA,NA,NA,NA,NA,NA,NA,NA,NA,NA,NA,7,enhedslisten,3,2,NA,3,midtjylland,mellemlang_videre,2002,Kvinde,1304,2026-05-23 19:38:07 UTC,2026-05-23 19:38:00 UTC,NA,2026-05-23 19:37:54 UTC,2026-05-23 19:37:47 UTC,2026-05-23 19:37:44 UTC,2026-05-23 19:37:41 UTC,NA,NA,NA,NA,NA,NA,2026-05-23 19:38:14 UTC,2026-05-23 19:38:22 UTC,NA,NA,NA,NA,NA,NA,NA,NA,NA,NA,NA,NA,NA,NA,NA,NA,2026-05-23 19:38:24 UTC,2026-05-23 19:38:08 UTC,2026-05-23 19:37:47 UTC,2026-05-23 19:37:32 UTC,2026-05-23 19:37:21 UTC,NA,NA,NA,NA,cbc_intro
2b7b733ae1fc43f0b8c9c7841c843d24,2026-05-17 18:48:25 UTC,2026-05-17 18:55:28 UTC,2026-05-17 18:48:50 UTC,1,3,3,3,3,NA,1,2,2,3,2,NA,option_2,option_1,option_1,option_2,option_1,6,stemte_ikke,3,2,1,2,midtjylland,mellemlang_videre,1963,Mand,1606,2026-05-17 18:50:17 UTC,2026-05-17 18:50:09 UTC,2026-05-17 18:50:02 UTC,2026-05-17 18:49:47 UTC,2026-05-17 18:49:34 UTC,2026-05-17 18:49:21 UTC,2026-05-17 18:48:57 UTC,NA,2026-05-17 18:52:56 UTC,2026-05-17 18:52:38 UTC,2026-05-17 18:52:15 UTC,2026-05-17 18:51:58 UTC,2026-05-17 18:51:33 UTC,2026-05-17 18:50:48 UTC,2026-05-17 18:50:40 UTC,2026-05-17 18:54:46 UTC,2026-05-17 18:54:41 UTC,2026-05-17 18:54:38 UTC,2026-05-17 18:54:29 UTC,NA,2026-05-17 18:54:04 UTC,2026-05-17 18:54:01 UTC,2026-05-17 18:53:58 UTC,2026-05-17 18:53:54 UTC,2026-05-17 18:53:31 UTC,2026-05-17 18:52:56 UTC,2026-05-17 18:52:39 UTC,2026-05-17 18:52:16 UTC,2026-05-17 18:51:59 UTC,2026-05-17 18:51:36 UTC,2026-05-17 18:51:03 UTC,2026-05-17 18:50:48 UTC,2026-05-17 18:50:18 UTC,2026-05-17 18:49:36 UTC,2026-05-17 18:48:45 UTC,2026-05-17 18:48:25 UTC,2026-05-17 18:54:57 UTC,2026-05-17 18:54:58 UTC,2026-05-17 18:54:06 UTC,2026-05-17 18:53:04 UTC,end_normal
2b9ff09b97cd473b476bc7c5e7eb7542,2026-06-19 18:47:51 UTC,2026-06-19 18:55:31 UTC,2026-06-19 18:48:08 UTC,1,2,3,3,2,NA,NA,NA,NA,NA,NA,NA,option_1,option_2,option_2,option_1,option_2,3,sf,3,2,NA,1,syddanmark,erhvervsuddannelse,1955,Kvinde,422,2026-06-19 18:49:15 UTC,2026-06-19 18:49:03 UTC,NA,2026-06-19 18:48:51 UTC,2026-06-19 18:48:35 UTC,2026-06-19 18:48:30 UTC,2026-06-19 18:48:19 UTC,NA,2026-06-19 18:53:06 UTC,2026-06-19 18:52:29 UTC,2026-06-19 18:51:56 UTC,2026-06-19 18:51:30 UTC,2026-06-19 18:50:43 UTC,2026-06-19 18:49:42 UTC,2026-06-19 18:49:33 UTC,2026-06-19 18:55:01 UTC,2026-06-19 18:54:56 UTC,2026-06-19 18:54:53 UTC,2026-06-19 18:54:49 UTC,NA,NA,NA,NA,NA,NA,2026-06-19 18:53:06 UTC,2026-06-19 18:52:38 UTC,2026-06-19 18:51:59 UTC,2026-06-19 18:51:31 UTC,2026-06-19 18:50:44 UTC,2026-06-19 18:50:00 UTC,2026-06-19 18:49:44 UTC,2026-06-19 18:49:17 UTC,2026-06-19 18:48:36 UTC,2026-06-19 18:48:03 UTC,2026-06-19 18:47:51 UTC,2026-06-19 18:55:05 UTC,2026-06-19 18:55:06 UTC,2026-06-19 18:54:26 UTC,NA,end_normal
2bca3b968dd4f9668fcda3025a81d1d7,2026-05-19 15:27:01 UTC,2026-05-19 15:31:29 UTC,2026-05-19 15:27:14 UTC,4,4,4,4,4,NA,2,2,2,2,2,NA,option_2,option_2,option_2,option_1,option_1,3,liberal_alliance,NA,1,NA,1,sjaelland,mellemlang_videre,1970,Kvinde,932,NA,2026-05-19 15:27:50 UTC,NA,2026-05-19 15:27:43 UTC,2026-05-19 15:27:31 UTC,2026-05-19 15:27:26 UTC,2026-05-19 15:27:22 UTC,NA,2026-05-19 15:29:59 UTC,2026-05-19 15:29:44 UTC,2026-05-19 15:29:27 UTC,2026-05-19 15:29:08 UTC,2026-05-19 15:28:44 UTC,2026-05-19 15:28:01 UTC,2026-05-19 15:27:56 UTC,2026-05-19 15:30:48 UTC,2026-05-19 15:30:46 UTC,2026-05-19 15:30:43 UTC,2026-05-19 15:30:42 UTC,NA,2026-05-19 15:30:27 UTC,2026-05-19 15:30:26 UTC,2026-05-19 15:30:24 UTC,2026-05-19 15:30:22 UTC,2026-05-19 15:30:17 UTC,2026-05-19 15:29:59 UTC,2026-05-19 15:29:45 UTC,2026-05-19 15:29:28 UTC,2026-05-19 15:29:09 UTC,NA,2026-05-19 15:28:12 UTC,2026-05-19 15:28:02 UTC,2026-05-19 15:27:50 UTC,2026-05-19 15:27:31 UTC,2026-05-19 15:27:10 UTC,2026-05-19 15:27:01 UTC,2026-05-19 15:30:50 UTC,2026-05-19 15:30:51 UTC,2026-05-19 15:30:28 UTC,2026-05-19 15:30:04 UTC,end_normal
2c706525cefc5bb76d2e9402484198a7,2026-05-13 10:25:34 UTC,2026-05-13 10:28:37 UTC,2026-05-13 10:25:49 UTC,4,4,4,4,4,NA,3,3,3,3,3,NA,option_1,option_2,option_2,option_2,option_1,3,danmarksdemokraterne,3,2,NA,1,nordjylland,erhvervsuddannelse,1973,Kvinde,71,2026-05-13 10:26:17 UTC,2026-05-13 10:26:12 UTC,NA,2026-05-13 10:26:07 UTC,2026-05-13 10:25:59 UTC,2026-05-13 10:25:57 UTC,2026-05-13 10:25:53 UTC,NA,2026-05-13 10:27:43 UTC,2026-05-13 10:27:29 UTC,2026-05-13 10:27:16 UTC,2026-05-13 10:27:06 UTC,2026-05-13 10:26:51 UTC,2026-05-13 10:26:26 UTC,2026-05-13 10:26:23 UTC,2026-05-13 10:28:12 UTC,2026-05-13 10:28:10 UTC,2026-05-13 10:28:11 UTC,2026-05-13 10:28:10 UTC,NA,2026-05-13 10:28:00 UTC,2026-05-13 10:27:58 UTC,2026-05-13 10:27:58 UTC,2026-05-13 10:27:57 UTC,2026-05-13 10:27:57 UTC,2026-05-13 10:27:45 UTC,2026-05-13 10:27:29 UTC,2026-05-13 10:27:19 UTC,2026-05-13 10:27:09 UTC,2026-05-13 10:26:51 UTC,2026-05-13 10:26:30 UTC,2026-05-13 10:26:28 UTC,2026-05-13 10:26:19 UTC,2026-05-13 10:26:01 UTC,2026-05-13 10:25:45 UTC,2026-05-13 10:25:34 UTC,2026-05-13 10:28:12 UTC,2026-05-13 10:28:14 UTC,2026-05-13 10:28:02 UTC,2026-05-13 10:27:49 UTC,end_normal
2c80232207cdb9b083b01ac2bb5ab7fb,2026-05-23 15:55:49 UTC,2026-05-23 16:01:26 UTC,2026-05-23 15:56:06 UTC,1,3,3,3,3,NA,1,2,2,3,2,NA,option_1,option_2,option_2,option_2,option_1,4,sf,NA,3,NA,3,midtjylland,mellemlang_videre,1972,Mand,1136,NA,2026-05-23 15:56:50 UTC,NA,2026-05-23 15:56:33 UTC,2026-05-23 15:56:22 UTC,2026-05-23 15:56:17 UTC,2026-05-23 15:56:11 UTC,NA,2026-05-23 15:59:13 UTC,2026-05-23 15:59:00 UTC,2026-05-23 15:58:41 UTC,2026-05-23 15:58:23 UTC,2026-05-23 15:58:03 UTC,2026-05-23 15:57:09 UTC,2026-05-23 15:56:57 UTC,2026-05-23 16:00:35 UTC,2026-05-23 16:00:33 UTC,2026-05-23 16:00:29 UTC,2026-05-23 16:00:26 UTC,NA,2026-05-23 16:00:12 UTC,2026-05-23 16:00:08 UTC,2026-05-23 16:00:04 UTC,2026-05-23 16:00:01 UTC,2026-05-23 15:59:53 UTC,2026-05-23 15:59:15 UTC,2026-05-23 15:59:01 UTC,2026-05-23 15:58:46 UTC,2026-05-23 15:58:24 UTC,2026-05-23 15:58:04 UTC,2026-05-23 15:57:23 UTC,2026-05-23 15:57:11 UTC,2026-05-23 15:56:51 UTC,2026-05-23 15:56:23 UTC,2026-05-23 15:56:01 UTC,2026-05-23 15:55:49 UTC,2026-05-23 16:00:47 UTC,2026-05-23 16:00:48 UTC,2026-05-23 16:00:12 UTC,2026-05-23 15:59:23 UTC,end_normal
2cde4736270d15a8b663e659b47f1353,2026-05-19 16:54:53 UTC,2026-05-19 17:01:02 UTC,2026-05-19 16:55:09 UTC,3,3,3,4,3,NA,4,4,3,3,4,NA,option_2,option_1,option_1,option_1,option_1,5,socialdemokratiet,3,2,1,2,sjaelland,mellemlang_videre,1975,Kvinde,1230,2026-05-19 16:56:09 UTC,2026-05-19 16:55:55 UTC,2026-05-19 16:55:44 UTC,2026-05-19 16:55:37 UTC,2026-05-19 16:55:25 UTC,2026-05-19 16:55:21 UTC,2026-05-19 16:55:16 UTC,NA,2026-05-19 16:59:03 UTC,2026-05-19 16:58:37 UTC,2026-05-19 16:58:14 UTC,2026-05-19 16:57:50 UTC,2026-05-19 16:57:08 UTC,2026-05-19 16:56:23 UTC,2026-05-19 16:56:17 UTC,2026-05-19 17:00:22 UTC,2026-05-19 17:00:20 UTC,2026-05-19 17:00:16 UTC,2026-05-19 17:00:07 UTC,NA,2026-05-19 16:59:55 UTC,2026-05-19 16:59:52 UTC,2026-05-19 16:59:45 UTC,2026-05-19 16:59:40 UTC,2026-05-19 16:59:36 UTC,2026-05-19 16:59:07 UTC,2026-05-19 16:58:39 UTC,2026-05-19 16:58:17 UTC,2026-05-19 16:57:52 UTC,2026-05-19 16:57:13 UTC,2026-05-19 16:56:37 UTC,2026-05-19 16:56:26 UTC,2026-05-19 16:56:10 UTC,2026-05-19 16:55:26 UTC,2026-05-19 16:55:04 UTC,2026-05-19 16:54:53 UTC,2026-05-19 17:00:25 UTC,2026-05-19 17:00:26 UTC,2026-05-19 16:59:56 UTC,2026-05-19 16:59:16 UTC,end_normal
2d6361569fae7ee85ff319735312ad27,2026-06-03 08:54:05 UTC,2026-06-03 09:01:39 UTC,2026-06-03 08:54:18 UTC,3,3,3,3,3,NA,2,3,3,3,3,NA,option_1,option_2,option_2,option_2,option_2,7,sf,NA,3,NA,1,syddanmark,erhvervsuddannelse,1969,Mand,10,NA,2026-06-03 08:55:40 UTC,NA,2026-06-03 08:55:21 UTC,2026-06-03 08:54:45 UTC,2026-06-03 08:54:39 UTC,2026-06-03 08:54:28 UTC,NA,2026-06-03 08:59:02 UTC,2026-06-03 08:58:29 UTC,2026-06-03 08:58:08 UTC,2026-06-03 08:57:33 UTC,2026-06-03 08:56:48 UTC,2026-06-03 08:56:01 UTC,2026-06-03 08:55:52 UTC,2026-06-03 09:01:03 UTC,2026-06-03 09:01:00 UTC,2026-06-03 09:00:58 UTC,2026-06-03 09:00:56 UTC,NA,2026-06-03 09:00:30 UTC,2026-06-03 09:00:22 UTC,2026-06-03 09:00:21 UTC,2026-06-03 09:00:21 UTC,2026-06-03 09:00:20 UTC,2026-06-03 08:59:14 UTC,2026-06-03 08:58:30 UTC,2026-06-03 08:58:09 UTC,2026-06-03 08:57:35 UTC,2026-06-03 08:56:49 UTC,2026-06-03 08:56:14 UTC,2026-06-03 08:56:03 UTC,2026-06-03 08:55:40 UTC,2026-06-03 08:54:46 UTC,2026-06-03 08:54:14 UTC,2026-06-03 08:54:05 UTC,2026-06-03 09:01:13 UTC,2026-06-03 09:01:14 UTC,2026-06-03 09:00:35 UTC,2026-06-03 08:59:26 UTC,end_normal
2da58d638dad29bed63b07fca7daf484,2026-05-18 14:42:42 UTC,2026-05-18 14:47:35 UTC,2026-05-18 14:43:01 UTC,NA,NA,NA,NA,NA,NA,NA,NA,NA,NA,NA,NA,option_2,option_2,option_1,option_2,option_2,6,socialdemokratiet,NA,1,NA,3,sjaelland,grundskole,2008,Mand,99,NA,2026-05-18 14:44:03 UTC,NA,2026-05-18 14:43:49 UTC,2026-05-18 14:43:22 UTC,2026-05-18 14:43:17 UTC,2026-05-18 14:43:03 UTC,NA,2026-05-18 14:45:41 UTC,2026-05-18 14:45:36 UTC,2026-05-18 14:45:31 UTC,2026-05-18 14:45:26 UTC,2026-05-18 14:45:05 UTC,2026-05-18 14:44:21 UTC,2026-05-18 14:44:15 UTC,NA,NA,NA,NA,NA,NA,NA,NA,NA,NA,2026-05-18 14:45:42 UTC,2026-05-18 14:45:37 UTC,2026-05-18 14:45:31 UTC,2026-05-18 14:45:26 UTC,2026-05-18 14:45:06 UTC,2026-05-18 14:44:26 UTC,2026-05-18 14:44:23 UTC,2026-05-18 14:44:04 UTC,2026-05-18 14:43:23 UTC,2026-05-18 14:42:52 UTC,2026-05-18 14:42:42 UTC,NA,NA,NA,2026-05-18 14:45:45 UTC,single_profile_1
2e022346274b71e6d51cafc0c77fa1a0,2026-06-20 09:24:08 UTC,2026-06-20 09:29:50 UTC,2026-06-20 09:24:18 UTC,1,2,2,4,2,NA,1,5,3,5,2,NA,option_1,option_2,option_1,option_1,option_2,7,enhedslisten,NA,3,3,2,syddanmark,mellemlang_videre,1998,Andet,1184,NA,2026-06-20 09:25:02 UTC,2026-06-20 09:25:14 UTC,2026-06-20 09:25:04 UTC,2026-06-20 09:24:32 UTC,2026-06-20 09:24:28 UTC,2026-06-20 09:24:22 UTC,NA,2026-06-20 09:27:56 UTC,2026-06-20 09:27:31 UTC,2026-06-20 09:27:15 UTC,2026-06-20 09:26:51 UTC,2026-06-20 09:26:18 UTC,2026-06-20 09:25:33 UTC,2026-06-20 09:25:25 UTC,2026-06-20 09:29:21 UTC,2026-06-20 09:29:18 UTC,2026-06-20 09:29:15 UTC,2026-06-20 09:29:13 UTC,NA,2026-06-20 09:28:51 UTC,2026-06-20 09:28:49 UTC,2026-06-20 09:28:40 UTC,2026-06-20 09:28:34 UTC,2026-06-20 09:28:29 UTC,2026-06-20 09:28:01 UTC,2026-06-20 09:27:36 UTC,2026-06-20 09:27:16 UTC,2026-06-20 09:26:54 UTC,2026-06-20 09:26:19 UTC,2026-06-20 09:25:49 UTC,2026-06-20 09:25:33 UTC,2026-06-20 09:25:16 UTC,2026-06-20 09:24:33 UTC,2026-06-20 09:24:14 UTC,2026-06-20 09:24:08 UTC,2026-06-20 09:29:26 UTC,2026-06-20 09:29:26 UTC,2026-06-20 09:28:57 UTC,2026-06-20 09:28:12 UTC,end_normal
2e194871e3904b136ea01412479a87a0,2026-05-19 15:02:25 UTC,2026-05-19 15:08:52 UTC,2026-05-19 15:02:37 UTC,NA,NA,NA,NA,NA,NA,NA,NA,NA,NA,NA,NA,NA,NA,NA,option_1,option_1,5,socialdemokratiet,3,2,3,2,sjaelland,erhvervsuddannelse,1953,Kvinde,1289,2026-05-19 15:03:48 UTC,2026-05-19 15:03:44 UTC,2026-05-19 15:03:28 UTC,2026-05-19 15:03:20 UTC,2026-05-19 15:02:57 UTC,2026-05-19 15:02:53 UTC,2026-05-19 15:02:48 UTC,NA,NA,NA,NA,2026-05-19 15:05:55 UTC,2026-05-19 15:04:50 UTC,2026-05-19 15:04:11 UTC,2026-05-19 15:03:57 UTC,NA,NA,NA,NA,NA,NA,NA,NA,NA,NA,NA,NA,NA,2026-05-19 15:05:57 UTC,2026-05-19 15:04:52 UTC,2026-05-19 15:04:20 UTC,2026-05-19 15:04:14 UTC,2026-05-19 15:03:51 UTC,2026-05-19 15:03:00 UTC,2026-05-19 15:02:33 UTC,2026-05-19 15:02:25 UTC,NA,NA,NA,NA,cbc_q3_page
2e7e54602f85bc824edfb21b4d982c6f,2026-06-20 10:41:47 UTC,2026-06-20 10:42:25 UTC,NA,NA,NA,NA,NA,NA,NA,NA,NA,NA,NA,NA,NA,NA,NA,NA,NA,NA,NA,NA,NA,NA,NA,NA,NA,NA,NA,NA,64,NA,NA,NA,NA,NA,NA,NA,NA,NA,NA,NA,NA,NA,NA,NA,NA,NA,NA,NA,NA,NA,NA,NA,NA,NA,NA,NA,NA,NA,NA,NA,NA,NA,NA,2026-06-20 10:42:05 UTC,2026-06-20 10:41:47 UTC,NA,NA,NA,NA,Background
2ec16736f89ed8a8ec7d8cd2d6d84415,2026-05-18 22:01:35 UTC,2026-05-18 22:04:50 UTC,2026-05-18 22:01:51 UTC,NA,NA,NA,NA,NA,NA,NA,NA,NA,NA,NA,NA,NA,NA,NA,NA,option_2,8,dansk_folkeparti,NA,1,NA,1,sjaelland,kort_videre,1961,Kvinde,970,NA,2026-05-18 22:02:51 UTC,NA,2026-05-18 22:02:38 UTC,2026-05-18 22:02:22 UTC,2026-05-18 22:02:11 UTC,2026-05-18 22:02:05 UTC,NA,NA,NA,NA,NA,2026-05-18 22:04:00 UTC,2026-05-18 22:03:13 UTC,2026-05-18 22:03:02 UTC,NA,NA,NA,NA,NA,NA,NA,NA,NA,NA,NA,NA,NA,NA,NA,2026-05-18 22:03:19 UTC,2026-05-18 22:03:13 UTC,2026-05-18 22:02:53 UTC,2026-05-18 22:02:23 UTC,2026-05-18 22:01:46 UTC,2026-05-18 22:01:35 UTC,NA,NA,NA,NA,cbc_q1_page
2ed0656d19fe404b3f5fcba2bb90ecfc,2026-05-23 12:48:18 UTC,2026-05-23 12:57:14 UTC,2026-05-23 12:48:53 UTC,2,4,4,3,3,NA,2,3,4,4,3,NA,option_1,option_1,option_1,option_1,option_2,7,radikale,3,2,NA,3,midtjylland,forsker,1972,Kvinde,1189,2026-05-23 12:49:42 UTC,2026-05-23 12:49:28 UTC,NA,2026-05-23 12:49:19 UTC,2026-05-23 12:49:07 UTC,2026-05-23 12:49:05 UTC,2026-05-23 12:49:00 UTC,NA,2026-05-23 12:53:26 UTC,2026-05-23 12:52:53 UTC,2026-05-23 12:52:22 UTC,2026-05-23 12:51:42 UTC,2026-05-23 12:50:35 UTC,2026-05-23 12:49:53 UTC,2026-05-23 12:49:49 UTC,2026-05-23 12:55:59 UTC,2026-05-23 12:55:55 UTC,2026-05-23 12:55:43 UTC,2026-05-23 12:55:38 UTC,NA,2026-05-23 12:55:13 UTC,2026-05-23 12:54:13 UTC,2026-05-23 12:54:48 UTC,2026-05-23 12:54:47 UTC,2026-05-23 12:54:09 UTC,2026-05-23 12:53:30 UTC,2026-05-23 12:52:59 UTC,2026-05-23 12:52:27 UTC,2026-05-23 12:51:45 UTC,2026-05-23 12:50:39 UTC,2026-05-23 12:50:01 UTC,2026-05-23 12:49:56 UTC,2026-05-23 12:49:42 UTC,2026-05-23 12:49:08 UTC,2026-05-23 12:48:50 UTC,2026-05-23 12:48:18 UTC,2026-05-23 12:56:01 UTC,2026-05-23 12:56:02 UTC,2026-05-23 12:55:21 UTC,2026-05-23 12:53:39 UTC,end_normal
2f01d39d3cd4f5d7641ec7f4143fcff7,2026-05-14 07:06:46 UTC,2026-05-14 07:12:54 UTC,2026-05-14 07:07:00 UTC,2,3,4,4,4,NA,2,1,3,4,2,NA,option_2,option_2,option_2,option_1,option_1,7,radikale,1,2,NA,3,hovedstaden,lang_videre,1998,Mand,118,2026-05-14 07:08:04 UTC,2026-05-14 07:07:30 UTC,NA,2026-05-14 07:07:20 UTC,2026-05-14 07:07:12 UTC,2026-05-14 07:07:10 UTC,2026-05-14 07:07:05 UTC,NA,2026-05-14 07:10:41 UTC,2026-05-14 07:10:23 UTC,2026-05-14 07:10:03 UTC,2026-05-14 07:09:46 UTC,2026-05-14 07:09:08 UTC,2026-05-14 07:08:17 UTC,2026-05-14 07:08:10 UTC,2026-05-14 07:12:20 UTC,2026-05-14 07:12:17 UTC,2026-05-14 07:12:14 UTC,2026-05-14 07:12:12 UTC,NA,2026-05-14 07:11:48 UTC,2026-05-14 07:11:42 UTC,2026-05-14 07:11:35 UTC,2026-05-14 07:11:28 UTC,2026-05-14 07:11:21 UTC,2026-05-14 07:10:46 UTC,2026-05-14 07:10:26 UTC,2026-05-14 07:10:03 UTC,2026-05-14 07:09:47 UTC,2026-05-14 07:09:10 UTC,2026-05-14 07:08:31 UTC,2026-05-14 07:08:17 UTC,2026-05-14 07:08:04 UTC,2026-05-14 07:07:15 UTC,2026-05-14 07:06:56 UTC,2026-05-14 07:06:46 UTC,2026-05-14 07:12:28 UTC,2026-05-14 07:12:33 UTC,2026-05-14 07:11:58 UTC,2026-05-14 07:10:53 UTC,end_normal
2f1263e5b2cec3284d9e459fd8febbfa,2026-05-23 13:50:32 UTC,2026-05-23 13:54:55 UTC,2026-05-23 13:50:43 UTC,2,2,2,3,3,NA,3,2,3,3,3,NA,option_2,option_2,option_1,option_2,option_2,6,socialdemokratiet,NA,3,3,2,sjaelland,mellemlang_videre,1972,Kvinde,1564,NA,2026-05-23 13:51:20 UTC,2026-05-23 13:51:12 UTC,2026-05-23 13:51:03 UTC,2026-05-23 13:50:54 UTC,2026-05-23 13:50:52 UTC,2026-05-23 13:50:47 UTC,NA,2026-05-23 13:53:17 UTC,2026-05-23 13:53:05 UTC,2026-05-23 13:52:38 UTC,2026-05-23 13:52:11 UTC,2026-05-23 13:51:50 UTC,2026-05-23 13:51:29 UTC,2026-05-23 13:51:26 UTC,2026-05-23 13:54:25 UTC,2026-05-23 13:54:22 UTC,2026-05-23 13:54:19 UTC,2026-05-23 13:54:13 UTC,NA,2026-05-23 13:53:48 UTC,2026-05-23 13:53:45 UTC,2026-05-23 13:53:42 UTC,2026-05-23 13:53:40 UTC,2026-05-23 13:53:40 UTC,2026-05-23 13:53:21 UTC,2026-05-23 13:53:08 UTC,2026-05-23 13:52:40 UTC,2026-05-23 13:52:16 UTC,2026-05-23 13:51:53 UTC,2026-05-23 13:51:39 UTC,2026-05-23 13:51:34 UTC,2026-05-23 13:51:22 UTC,2026-05-23 13:50:57 UTC,2026-05-23 13:50:41 UTC,2026-05-23 13:50:32 UTC,2026-05-23 13:54:29 UTC,2026-05-23 13:54:33 UTC,2026-05-23 13:53:51 UTC,2026-05-23 13:53:25 UTC,end_normal
2f2fe7e92dbf5c48b84f5471e3c951a6,2026-06-20 12:31:14 UTC,2026-06-20 12:36:51 UTC,2026-06-20 12:31:32 UTC,3,2,2,1,1,NA,2,3,3,3,2,NA,option_2,option_2,option_2,option_2,option_2,3,dansk_folkeparti,NA,1,NA,1,syddanmark,mellemlang_videre,2002,Kvinde,185,NA,2026-06-20 12:32:06 UTC,NA,2026-06-20 12:31:58 UTC,2026-06-20 12:31:47 UTC,2026-06-20 12:31:44 UTC,2026-06-20 12:31:36 UTC,NA,2026-06-20 12:34:50 UTC,2026-06-20 12:34:29 UTC,2026-06-20 12:34:01 UTC,2026-06-20 12:33:29 UTC,2026-06-20 12:33:03 UTC,2026-06-20 12:32:20 UTC,2026-06-20 12:32:15 UTC,2026-06-20 12:35:45 UTC,2026-06-20 12:35:43 UTC,2026-06-20 12:35:39 UTC,2026-06-20 12:35:37 UTC,NA,2026-06-20 12:35:21 UTC,2026-06-20 12:35:19 UTC,2026-06-20 12:35:17 UTC,2026-06-20 12:35:15 UTC,2026-06-20 12:35:12 UTC,2026-06-20 12:34:50 UTC,2026-06-20 12:34:31 UTC,2026-06-20 12:34:04 UTC,2026-06-20 12:33:32 UTC,2026-06-20 12:33:04 UTC,2026-06-20 12:32:41 UTC,2026-06-20 12:32:21 UTC,2026-06-20 12:32:06 UTC,2026-06-20 12:31:48 UTC,2026-06-20 12:31:28 UTC,2026-06-20 12:31:14 UTC,2026-06-20 12:36:02 UTC,2026-06-20 12:36:02 UTC,2026-06-20 12:35:25 UTC,2026-06-20 12:35:00 UTC,end_normal
2f61385a3632b93feb11990a548414e1,2026-05-17 18:34:21 UTC,2026-05-17 18:38:30 UTC,2026-05-17 18:34:31 UTC,1,1,1,1,1,NA,1,1,1,1,1,NA,option_1,option_2,option_2,option_1,option_1,6,socialdemokratiet,3,2,NA,1,midtjylland,erhvervsuddannelse,1962,Kvinde,1883,2026-05-17 18:34:59 UTC,2026-05-17 18:34:53 UTC,NA,2026-05-17 18:34:48 UTC,2026-05-17 18:34:42 UTC,2026-05-17 18:34:39 UTC,2026-05-17 18:34:37 UTC,NA,2026-05-17 18:36:57 UTC,2026-05-17 18:36:33 UTC,2026-05-17 18:36:19 UTC,2026-05-17 18:36:03 UTC,2026-05-17 18:35:31 UTC,2026-05-17 18:35:08 UTC,2026-05-17 18:35:06 UTC,2026-05-17 18:37:56 UTC,2026-05-17 18:37:55 UTC,2026-05-17 18:37:52 UTC,2026-05-17 18:37:49 UTC,NA,2026-05-17 18:37:38 UTC,2026-05-17 18:37:36 UTC,2026-05-17 18:37:34 UTC,2026-05-17 18:37:31 UTC,2026-05-17 18:37:24 UTC,NA,2026-05-17 18:36:34 UTC,2026-05-17 18:36:19 UTC,2026-05-17 18:36:03 UTC,NA,2026-05-17 18:35:13 UTC,2026-05-17 18:35:09 UTC,2026-05-17 18:34:59 UTC,2026-05-17 18:34:42 UTC,2026-05-17 18:34:27 UTC,2026-05-17 18:34:21 UTC,2026-05-17 18:37:58 UTC,2026-05-17 18:37:58 UTC,2026-05-17 18:37:39 UTC,2026-05-17 18:37:02 UTC,end_normal
303e24648bc8b7faf4c00cab221804dc,2026-06-20 03:11:27 UTC,2026-06-20 03:16:37 UTC,2026-06-20 03:11:49 UTC,NA,NA,NA,NA,NA,NA,NA,NA,NA,NA,NA,NA,option_1,option_1,option_1,option_2,option_1,5,konservative,NA,1,NA,1,sjaelland,lang_videre,1976,Mand,1845,NA,2026-06-20 03:12:14 UTC,NA,2026-06-20 03:12:11 UTC,2026-06-20 03:12:02 UTC,2026-06-20 03:11:58 UTC,2026-06-20 03:11:54 UTC,NA,2026-06-20 03:15:12 UTC,2026-06-20 03:14:55 UTC,2026-06-20 03:14:30 UTC,2026-06-20 03:14:13 UTC,2026-06-20 03:13:31 UTC,2026-06-20 03:12:49 UTC,2026-06-20 03:12:33 UTC,NA,NA,NA,NA,NA,NA,NA,NA,NA,NA,2026-06-20 03:15:13 UTC,2026-06-20 03:14:55 UTC,2026-06-20 03:14:31 UTC,2026-06-20 03:14:13 UTC,2026-06-20 03:13:34 UTC,2026-06-20 03:13:00 UTC,2026-06-20 03:12:55 UTC,2026-06-20 03:12:26 UTC,2026-06-20 03:12:02 UTC,2026-06-20 03:11:45 UTC,2026-06-20 03:11:27 UTC,NA,NA,NA,2026-06-20 03:15:21 UTC,single_profile_1
30c0b23fccaed3eb6dd0df7e54cd201e,2026-05-13 12:35:27 UTC,2026-05-13 12:40:03 UTC,2026-05-13 12:35:37 UTC,1,1,1,1,1,NA,1,3,3,3,3,NA,option_2,option_1,option_1,option_2,option_2,1,enhedslisten,NA,3,NA,3,hovedstaden,mellemlang_videre,1997,Mand,890,NA,2026-05-13 12:36:06 UTC,NA,2026-05-13 12:35:59 UTC,2026-05-13 12:35:48 UTC,2026-05-13 12:35:46 UTC,2026-05-13 12:35:40 UTC,NA,2026-05-13 12:38:23 UTC,2026-05-13 12:38:07 UTC,2026-05-13 12:37:53 UTC,2026-05-13 12:37:18 UTC,2026-05-13 12:36:40 UTC,2026-05-13 12:36:16 UTC,2026-05-13 12:36:14 UTC,2026-05-13 12:39:05 UTC,2026-05-13 12:39:04 UTC,2026-05-13 12:39:04 UTC,2026-05-13 12:39:03 UTC,NA,2026-05-13 12:38:50 UTC,2026-05-13 12:38:48 UTC,2026-05-13 12:38:46 UTC,2026-05-13 12:38:44 UTC,2026-05-13 12:38:43 UTC,2026-05-13 12:38:23 UTC,2026-05-13 12:38:10 UTC,2026-05-13 12:37:56 UTC,2026-05-13 12:37:19 UTC,2026-05-13 12:36:52 UTC,2026-05-13 12:36:21 UTC,2026-05-13 12:36:18 UTC,2026-05-13 12:36:07 UTC,2026-05-13 12:35:48 UTC,2026-05-13 12:35:34 UTC,2026-05-13 12:35:27 UTC,2026-05-13 12:39:05 UTC,2026-05-13 12:39:06 UTC,2026-05-13 12:38:53 UTC,2026-05-13 12:38:33 UTC,end_normal
3135309c750a83a04f87a56cd4a8b6d5,2026-06-15 14:30:05 UTC,2026-06-15 14:34:46 UTC,2026-06-15 14:30:19 UTC,3,3,3,3,3,NA,1,2,2,2,2,NA,option_1,option_1,option_2,option_2,option_1,0,borgernes_parti,1,2,NA,1,syddanmark,erhvervsuddannelse,1973,Kvinde,265,2026-06-15 14:31:09 UTC,2026-06-15 14:31:01 UTC,NA,2026-06-15 14:30:51 UTC,2026-06-15 14:30:39 UTC,2026-06-15 14:30:35 UTC,2026-06-15 14:30:26 UTC,NA,2026-06-15 14:33:28 UTC,2026-06-15 14:33:09 UTC,2026-06-15 14:32:47 UTC,2026-06-15 14:32:30 UTC,2026-06-15 14:32:03 UTC,2026-06-15 14:31:30 UTC,2026-06-15 14:31:24 UTC,2026-06-15 14:34:21 UTC,2026-06-15 14:34:21 UTC,2026-06-15 14:34:22 UTC,2026-06-15 14:34:22 UTC,NA,2026-06-15 14:34:01 UTC,2026-06-15 14:33:58 UTC,2026-06-15 14:33:57 UTC,2026-06-15 14:33:55 UTC,2026-06-15 14:33:53 UTC,2026-06-15 14:33:29 UTC,2026-06-15 14:33:10 UTC,2026-06-15 14:32:48 UTC,2026-06-15 14:32:31 UTC,2026-06-15 14:32:04 UTC,2026-06-15 14:31:37 UTC,2026-06-15 14:31:33 UTC,2026-06-15 14:31:10 UTC,2026-06-15 14:30:40 UTC,2026-06-15 14:30:15 UTC,2026-06-15 14:30:05 UTC,2026-06-15 14:34:19 UTC,2026-06-15 14:34:23 UTC,2026-06-15 14:34:06 UTC,2026-06-15 14:33:34 UTC,end_normal
31e38b4eddc95170671671d178bac084,2026-05-20 09:12:19 UTC,2026-05-20 09:17:09 UTC,2026-05-20 09:12:32 UTC,4,5,5,5,5,NA,5,5,5,5,5,NA,option_1,option_1,option_2,option_2,option_1,7,sf,NA,3,NA,3,sjaelland,lang_videre,1975,Kvinde,1221,NA,2026-05-20 09:13:05 UTC,NA,2026-05-20 09:12:59 UTC,2026-05-20 09:12:48 UTC,2026-05-20 09:12:44 UTC,2026-05-20 09:12:39 UTC,NA,2026-05-20 09:15:27 UTC,2026-05-20 09:15:09 UTC,2026-05-20 09:14:51 UTC,2026-05-20 09:14:26 UTC,2026-05-20 09:14:05 UTC,2026-05-20 09:13:16 UTC,2026-05-20 09:13:11 UTC,2026-05-20 09:16:31 UTC,2026-05-20 09:16:28 UTC,2026-05-20 09:16:26 UTC,2026-05-20 09:16:24 UTC,NA,2026-05-20 09:16:03 UTC,2026-05-20 09:16:02 UTC,2026-05-20 09:15:59 UTC,2026-05-20 09:15:57 UTC,2026-05-20 09:15:57 UTC,2026-05-20 09:15:27 UTC,2026-05-20 09:15:10 UTC,2026-05-20 09:14:54 UTC,2026-05-20 09:14:30 UTC,2026-05-20 09:14:07 UTC,2026-05-20 09:13:24 UTC,2026-05-20 09:13:18 UTC,2026-05-20 09:13:05 UTC,2026-05-20 09:12:50 UTC,2026-05-20 09:12:27 UTC,2026-05-20 09:12:19 UTC,2026-05-20 09:16:32 UTC,2026-05-20 09:16:33 UTC,2026-05-20 09:16:12 UTC,2026-05-20 09:15:35 UTC,end_normal
320902084984960b119b97c55d77ccdf,2026-06-03 10:50:42 UTC,2026-06-03 10:56:33 UTC,2026-06-03 10:50:58 UTC,1,1,1,1,1,NA,1,1,1,1,1,NA,option_1,option_2,option_2,option_1,option_1,3,stemte_ikke,3,2,NA,1,syddanmark,mellemlang_videre,1951,Kvinde,1067,2026-06-03 10:51:56 UTC,2026-06-03 10:51:41 UTC,NA,2026-06-03 10:51:29 UTC,2026-06-03 10:51:18 UTC,2026-06-03 10:51:13 UTC,2026-06-03 10:51:06 UTC,NA,2026-06-03 10:55:10 UTC,2026-06-03 10:54:38 UTC,2026-06-03 10:53:58 UTC,2026-06-03 10:53:33 UTC,2026-06-03 10:53:07 UTC,2026-06-03 10:52:25 UTC,2026-06-03 10:52:18 UTC,2026-06-03 10:56:11 UTC,2026-06-03 10:56:09 UTC,2026-06-03 10:56:09 UTC,2026-06-03 10:56:08 UTC,NA,2026-06-03 10:55:52 UTC,2026-06-03 10:55:50 UTC,2026-06-03 10:55:48 UTC,2026-06-03 10:55:46 UTC,2026-06-03 10:55:45 UTC,2026-06-03 10:55:11 UTC,2026-06-03 10:54:39 UTC,2026-06-03 10:53:58 UTC,2026-06-03 10:53:33 UTC,2026-06-03 10:53:09 UTC,2026-06-03 10:52:41 UTC,2026-06-03 10:52:25 UTC,2026-06-03 10:51:57 UTC,2026-06-03 10:51:18 UTC,2026-06-03 10:50:53 UTC,2026-06-03 10:50:42 UTC,2026-06-03 10:56:11 UTC,2026-06-03 10:56:12 UTC,2026-06-03 10:55:52 UTC,2026-06-03 10:55:21 UTC,end_normal
32348b07cfb9c47525176b4c2337175e,2026-05-17 18:37:01 UTC,2026-05-17 18:42:23 UTC,2026-05-17 18:37:15 UTC,NA,NA,NA,NA,NA,NA,NA,NA,NA,NA,NA,NA,NA,option_2,option_1,option_1,option_2,2,danmarksdemokraterne,1,2,NA,1,midtjylland,erhvervsuddannelse,1968,Kvinde,458,2026-05-17 18:38:18 UTC,2026-05-17 18:38:03 UTC,NA,2026-05-17 18:37:45 UTC,2026-05-17 18:37:35 UTC,2026-05-17 18:37:29 UTC,2026-05-17 18:37:22 UTC,NA,NA,2026-05-17 18:41:33 UTC,2026-05-17 18:40:59 UTC,2026-05-17 18:40:19 UTC,2026-05-17 18:39:45 UTC,2026-05-17 18:38:37 UTC,2026-05-17 18:38:27 UTC,NA,NA,NA,NA,NA,NA,NA,NA,NA,NA,NA,2026-05-17 18:41:34 UTC,2026-05-17 18:41:00 UTC,2026-05-17 18:40:23 UTC,2026-05-17 18:39:48 UTC,2026-05-17 18:38:49 UTC,2026-05-17 18:38:41 UTC,2026-05-17 18:38:18 UTC,2026-05-17 18:37:38 UTC,2026-05-17 18:37:11 UTC,2026-05-17 18:37:01 UTC,NA,NA,NA,NA,cbc_q5_page
323721637044c771b07efc132700a7d3,2026-05-17 13:39:49 UTC,2026-05-17 13:52:02 UTC,2026-05-17 13:40:00 UTC,2,2,3,3,3,NA,1,2,3,3,2,NA,option_1,option_1,option_2,option_2,option_1,7,konservative,NA,1,NA,1,midtjylland,mellemlang_videre,1968,Kvinde,1205,NA,2026-05-17 13:40:34 UTC,NA,2026-05-17 13:40:24 UTC,2026-05-17 13:40:14 UTC,2026-05-17 13:40:10 UTC,2026-05-17 13:40:07 UTC,NA,2026-05-17 13:43:25 UTC,2026-05-17 13:42:57 UTC,2026-05-17 13:42:28 UTC,2026-05-17 13:42:09 UTC,2026-05-17 13:41:24 UTC,2026-05-17 13:40:47 UTC,2026-05-17 13:40:40 UTC,2026-05-17 13:44:57 UTC,2026-05-17 13:44:54 UTC,2026-05-17 13:44:51 UTC,2026-05-17 13:44:47 UTC,NA,2026-05-17 13:44:29 UTC,2026-05-17 13:44:21 UTC,2026-05-17 13:44:06 UTC,2026-05-17 13:44:05 UTC,2026-05-17 13:44:17 UTC,2026-05-17 13:43:28 UTC,2026-05-17 13:42:58 UTC,2026-05-17 13:42:31 UTC,2026-05-17 13:42:10 UTC,2026-05-17 13:41:25 UTC,2026-05-17 13:41:01 UTC,2026-05-17 13:40:49 UTC,NA,2026-05-17 13:40:15 UTC,2026-05-17 13:39:56 UTC,2026-05-17 13:39:49 UTC,2026-05-17 13:45:18 UTC,2026-05-17 13:45:23 UTC,2026-05-17 13:44:34 UTC,2026-05-17 13:43:35 UTC,end_normal
325175750e72077f456f5d8ecc8288e6,2026-05-16 16:30:33 UTC,2026-05-16 16:40:01 UTC,2026-05-16 16:31:00 UTC,3,3,4,4,3,NA,2,4,4,4,3,NA,option_2,option_1,option_1,option_2,option_1,8,sf,3,2,1,2,midtjylland,mellemlang_videre,1957,Kvinde,604,2026-05-16 16:32:19 UTC,2026-05-16 16:32:14 UTC,2026-05-16 16:32:06 UTC,2026-05-16 16:31:44 UTC,2026-05-16 16:31:31 UTC,2026-05-16 16:31:28 UTC,2026-05-16 16:31:14 UTC,NA,2026-05-16 16:36:37 UTC,2026-05-16 16:36:08 UTC,2026-05-16 16:35:33 UTC,2026-05-16 16:35:12 UTC,2026-05-16 16:34:40 UTC,2026-05-16 16:32:39 UTC,2026-05-16 16:32:26 UTC,2026-05-16 16:39:11 UTC,2026-05-16 16:38:56 UTC,2026-05-16 16:38:55 UTC,2026-05-16 16:38:52 UTC,NA,2026-05-16 16:38:17 UTC,2026-05-16 16:38:15 UTC,2026-05-16 16:38:09 UTC,2026-05-16 16:38:07 UTC,2026-05-16 16:38:02 UTC,2026-05-16 16:36:42 UTC,2026-05-16 16:36:09 UTC,2026-05-16 16:35:37 UTC,2026-05-16 16:35:14 UTC,2026-05-16 16:34:40 UTC,2026-05-16 16:34:07 UTC,2026-05-16 16:32:40 UTC,2026-05-16 16:32:22 UTC,2026-05-16 16:31:32 UTC,2026-05-16 16:30:55 UTC,2026-05-16 16:30:33 UTC,2026-05-16 16:39:25 UTC,2026-05-16 16:39:28 UTC,2026-05-16 16:38:18 UTC,2026-05-16 16:36:51 UTC,end_normal
325a888a348c9c91c12d980a65ff4c57,2026-05-26 09:24:38 UTC,2026-05-26 09:28:43 UTC,2026-05-26 09:24:49 UTC,2,2,5,3,2,NA,1,1,1,1,1,NA,option_2,option_1,option_1,option_2,option_1,3,alternativet,3,2,NA,3,midtjylland,mellemlang_videre,2001,Kvinde,1418,2026-05-26 09:25:26 UTC,2026-05-26 09:25:17 UTC,NA,2026-05-26 09:25:08 UTC,2026-05-26 09:25:00 UTC,2026-05-26 09:24:56 UTC,2026-05-26 09:24:53 UTC,NA,2026-05-26 09:27:16 UTC,2026-05-26 09:27:05 UTC,2026-05-26 09:26:46 UTC,2026-05-26 09:26:31 UTC,2026-05-26 09:26:05 UTC,2026-05-26 09:25:39 UTC,2026-05-26 09:25:35 UTC,2026-05-26 09:28:13 UTC,2026-05-26 09:28:08 UTC,2026-05-26 09:28:01 UTC,2026-05-26 09:27:58 UTC,NA,2026-05-26 09:27:43 UTC,2026-05-26 09:27:42 UTC,2026-05-26 09:27:41 UTC,2026-05-26 09:27:39 UTC,2026-05-26 09:27:37 UTC,2026-05-26 09:27:17 UTC,2026-05-26 09:27:06 UTC,2026-05-26 09:26:47 UTC,2026-05-26 09:26:32 UTC,2026-05-26 09:26:07 UTC,2026-05-26 09:25:45 UTC,2026-05-26 09:25:41 UTC,2026-05-26 09:25:27 UTC,2026-05-26 09:25:01 UTC,2026-05-26 09:24:44 UTC,2026-05-26 09:24:38 UTC,2026-05-26 09:28:20 UTC,2026-05-26 09:28:21 UTC,2026-05-26 09:27:44 UTC,2026-05-26 09:27:24 UTC,end_normal
32f02dbc2680fe73d53980048ff6ee98,2026-05-23 18:17:25 UTC,2026-05-23 18:22:08 UTC,2026-05-23 18:17:40 UTC,2,3,3,3,3,NA,1,2,2,2,2,NA,option_2,option_1,option_2,option_2,option_2,8,socialdemokratiet,NA,3,NA,3,midtjylland,lang_videre,1978,Kvinde,1202,NA,2026-05-23 18:18:10 UTC,NA,2026-05-23 18:18:03 UTC,2026-05-23 18:17:53 UTC,2026-05-23 18:17:50 UTC,2026-05-23 18:17:45 UTC,NA,2026-05-23 18:20:26 UTC,2026-05-23 18:20:12 UTC,2026-05-23 18:19:52 UTC,2026-05-23 18:19:31 UTC,2026-05-23 18:19:11 UTC,2026-05-23 18:18:22 UTC,2026-05-23 18:18:17 UTC,2026-05-23 18:21:21 UTC,2026-05-23 18:21:20 UTC,2026-05-23 18:21:18 UTC,2026-05-23 18:21:16 UTC,NA,2026-05-23 18:21:02 UTC,2026-05-23 18:21:00 UTC,2026-05-23 18:20:58 UTC,2026-05-23 18:20:56 UTC,2026-05-23 18:20:52 UTC,2026-05-23 18:20:29 UTC,2026-05-23 18:20:13 UTC,2026-05-23 18:19:53 UTC,2026-05-23 18:19:36 UTC,2026-05-23 18:19:11 UTC,2026-05-23 18:18:40 UTC,2026-05-23 18:18:23 UTC,2026-05-23 18:18:11 UTC,2026-05-23 18:17:53 UTC,2026-05-23 18:17:36 UTC,2026-05-23 18:17:25 UTC,2026-05-23 18:21:28 UTC,2026-05-23 18:21:29 UTC,2026-05-23 18:21:03 UTC,2026-05-23 18:20:38 UTC,end_normal
33bd0088c034b278554a5e4801fc9c2b,2026-05-16 19:05:45 UTC,2026-05-16 19:17:17 UTC,2026-05-16 19:05:56 UTC,NA,NA,NA,NA,NA,NA,NA,NA,NA,NA,NA,NA,option_2,option_1,option_1,option_1,option_2,6,alternativet,NA,3,1,2,midtjylland,lang_videre,1983,Kvinde,1102,NA,2026-05-16 19:06:54 UTC,2026-05-16 19:06:39 UTC,2026-05-16 19:06:24 UTC,2026-05-16 19:06:10 UTC,2026-05-16 19:06:05 UTC,2026-05-16 19:06:02 UTC,NA,2026-05-16 19:15:01 UTC,2026-05-16 19:14:22 UTC,2026-05-16 19:13:00 UTC,2026-05-16 19:12:22 UTC,2026-05-16 19:09:01 UTC,2026-05-16 19:07:11 UTC,2026-05-16 19:07:03 UTC,NA,NA,NA,NA,NA,NA,NA,NA,NA,NA,2026-05-16 19:15:01 UTC,2026-05-16 19:14:23 UTC,2026-05-16 19:13:04 UTC,2026-05-16 19:12:23 UTC,2026-05-16 19:09:02 UTC,2026-05-16 19:07:34 UTC,2026-05-16 19:07:29 UTC,2026-05-16 19:06:55 UTC,2026-05-16 19:06:12 UTC,2026-05-16 19:05:51 UTC,2026-05-16 19:05:45 UTC,NA,NA,NA,2026-05-16 19:15:11 UTC,single_profile_1
33cb6beab8713aef4ff6a9198115dfd0,2026-06-20 14:51:15 UTC,2026-06-20 14:59:55 UTC,2026-06-20 14:51:27 UTC,1,3,3,4,4,NA,4,4,4,3,4,NA,option_1,option_1,option_2,option_1,option_2,9,venstre,NA,1,3,2,midtjylland,lang_videre,1962,Mand,95,NA,2026-06-20 14:52:13 UTC,2026-06-20 14:52:02 UTC,2026-06-20 14:51:56 UTC,2026-06-20 14:51:44 UTC,2026-06-20 14:51:40 UTC,2026-06-20 14:51:34 UTC,NA,2026-06-20 14:54:52 UTC,2026-06-20 14:54:32 UTC,2026-06-20 14:54:09 UTC,2026-06-20 14:53:47 UTC,2026-06-20 14:53:12 UTC,2026-06-20 14:52:27 UTC,2026-06-20 14:52:22 UTC,2026-06-20 14:56:04 UTC,2026-06-20 14:56:01 UTC,2026-06-20 14:55:59 UTC,2026-06-20 14:55:56 UTC,NA,2026-06-20 14:55:42 UTC,2026-06-20 14:55:36 UTC,2026-06-20 14:55:31 UTC,2026-06-20 14:55:27 UTC,2026-06-20 14:55:23 UTC,2026-06-20 14:54:54 UTC,2026-06-20 14:54:33 UTC,2026-06-20 14:54:12 UTC,2026-06-20 14:53:48 UTC,2026-06-20 14:53:15 UTC,2026-06-20 14:52:38 UTC,2026-06-20 14:52:29 UTC,2026-06-20 14:52:14 UTC,2026-06-20 14:51:45 UTC,2026-06-20 14:51:22 UTC,2026-06-20 14:51:15 UTC,2026-06-20 14:56:07 UTC,2026-06-20 14:56:10 UTC,2026-06-20 14:55:44 UTC,2026-06-20 14:55:03 UTC,end_normal
33d7fe3a92d5f98ccceba14241936853,2026-06-02 16:39:44 UTC,2026-06-02 16:58:32 UTC,2026-06-02 16:40:00 UTC,3,4,4,4,4,NA,3,4,5,4,4,NA,option_2,option_2,option_2,option_2,option_1,2,liberal_alliance,1,2,NA,1,midtjylland,anden,1956,Kvinde,1600,2026-06-02 16:41:22 UTC,2026-06-02 16:41:02 UTC,NA,2026-06-02 16:40:38 UTC,2026-06-02 16:40:20 UTC,2026-06-02 16:40:17 UTC,2026-06-02 16:40:08 UTC,NA,2026-06-02 16:46:56 UTC,2026-06-02 16:46:15 UTC,2026-06-02 16:45:31 UTC,2026-06-02 16:44:45 UTC,2026-06-02 16:43:33 UTC,2026-06-02 16:41:47 UTC,2026-06-02 16:41:31 UTC,2026-06-02 16:49:33 UTC,2026-06-02 16:49:28 UTC,2026-06-02 16:49:29 UTC,2026-06-02 16:49:21 UTC,NA,2026-06-02 16:48:56 UTC,2026-06-02 16:48:51 UTC,2026-06-02 16:48:43 UTC,2026-06-02 16:48:39 UTC,2026-06-02 16:48:26 UTC,2026-06-02 16:47:04 UTC,2026-06-02 16:46:18 UTC,2026-06-02 16:45:32 UTC,2026-06-02 16:44:47 UTC,2026-06-02 16:43:34 UTC,2026-06-02 16:42:28 UTC,2026-06-02 16:41:48 UTC,2026-06-02 16:41:22 UTC,2026-06-02 16:40:24 UTC,2026-06-02 16:39:55 UTC,2026-06-02 16:39:44 UTC,2026-06-02 16:49:32 UTC,2026-06-02 16:49:34 UTC,2026-06-02 16:48:57 UTC,2026-06-02 16:47:20 UTC,end_normal
340041b01dbb910e637669b8ee516380,2026-05-24 05:25:41 UTC,2026-05-24 05:28:17 UTC,2026-05-24 05:25:50 UTC,NA,NA,NA,NA,NA,NA,NA,NA,NA,NA,NA,NA,NA,NA,NA,NA,NA,NA,NA,NA,NA,NA,NA,NA,NA,2002,Andet,466,NA,NA,NA,NA,NA,NA,2026-05-24 05:25:56 UTC,NA,NA,NA,NA,NA,NA,NA,NA,NA,NA,NA,NA,NA,NA,NA,NA,NA,NA,NA,NA,NA,NA,NA,NA,NA,NA,NA,2026-05-24 05:25:46 UTC,2026-05-24 05:25:41 UTC,NA,NA,NA,NA,Background
3406196f24e16a858dd6f26b51de0ea6,2026-05-13 09:13:11 UTC,2026-05-13 09:14:10 UTC,NA,NA,NA,NA,NA,NA,NA,NA,NA,NA,NA,NA,NA,NA,NA,NA,NA,NA,NA,NA,NA,NA,NA,NA,NA,NA,NA,NA,406,NA,NA,NA,NA,NA,NA,NA,NA,NA,NA,NA,NA,NA,NA,NA,NA,NA,NA,NA,NA,NA,NA,NA,NA,NA,NA,NA,NA,NA,NA,NA,NA,NA,NA,2026-05-13 09:13:19 UTC,2026-05-13 09:13:11 UTC,NA,NA,NA,NA,Background
343c241f2438ac176c31df2fa3667eb9,2026-05-23 11:34:00 UTC,2026-05-23 11:38:16 UTC,2026-05-23 11:34:14 UTC,1,3,3,3,3,NA,1,2,2,5,2,NA,option_1,option_1,option_2,option_1,option_2,8,enhedslisten,NA,3,3,2,midtjylland,mellemlang_videre,2002,Mand,1486,NA,2026-05-23 11:34:50 UTC,2026-05-23 11:34:38 UTC,2026-05-23 11:34:33 UTC,2026-05-23 11:34:24 UTC,2026-05-23 11:34:21 UTC,2026-05-23 11:34:16 UTC,NA,2026-05-23 11:36:54 UTC,2026-05-23 11:36:38 UTC,2026-05-23 11:36:10 UTC,2026-05-23 11:35:47 UTC,2026-05-23 11:35:32 UTC,2026-05-23 11:35:02 UTC,2026-05-23 11:35:00 UTC,2026-05-23 11:37:53 UTC,2026-05-23 11:37:45 UTC,2026-05-23 11:37:43 UTC,2026-05-23 11:37:36 UTC,NA,2026-05-23 11:37:26 UTC,2026-05-23 11:37:24 UTC,2026-05-23 11:37:20 UTC,2026-05-23 11:37:18 UTC,2026-05-23 11:37:14 UTC,2026-05-23 11:36:57 UTC,2026-05-23 11:36:41 UTC,2026-05-23 11:36:15 UTC,2026-05-23 11:35:59 UTC,2026-05-23 11:35:33 UTC,2026-05-23 11:35:10 UTC,2026-05-23 11:35:03 UTC,2026-05-23 11:34:52 UTC,2026-05-23 11:34:25 UTC,2026-05-23 11:34:10 UTC,2026-05-23 11:34:00 UTC,2026-05-23 11:37:51 UTC,2026-05-23 11:37:53 UTC,2026-05-23 11:37:27 UTC,2026-05-23 11:37:03 UTC,end_normal
34595a9541465a0480f96a4fef583769,2026-06-20 17:23:03 UTC,2026-06-20 17:25:10 UTC,NA,NA,NA,NA,NA,NA,NA,NA,NA,NA,NA,NA,NA,NA,NA,NA,NA,NA,NA,NA,NA,NA,NA,NA,NA,NA,NA,NA,451,NA,NA,NA,NA,NA,NA,NA,NA,NA,NA,NA,NA,NA,NA,NA,NA,NA,NA,NA,NA,NA,NA,NA,NA,NA,NA,NA,NA,NA,NA,NA,NA,NA,NA,2026-06-20 17:23:16 UTC,2026-06-20 17:23:03 UTC,NA,NA,NA,NA,Background
345d209989af476cc4fcdf66823633a3,2026-06-19 21:03:39 UTC,2026-06-19 21:09:51 UTC,2026-06-19 21:03:53 UTC,4,4,4,4,4,NA,4,4,4,4,5,NA,option_1,option_2,option_1,option_2,option_2,8,socialdemokratiet,3,2,1,2,midtjylland,mellemlang_videre,1965,Kvinde,110,2026-06-19 21:05:03 UTC,2026-06-19 21:04:54 UTC,2026-06-19 21:04:42 UTC,2026-06-19 21:04:27 UTC,2026-06-19 21:04:14 UTC,2026-06-19 21:04:09 UTC,2026-06-19 21:04:00 UTC,NA,2026-06-19 21:08:07 UTC,2026-06-19 21:07:49 UTC,2026-06-19 21:07:26 UTC,2026-06-19 21:06:59 UTC,2026-06-19 21:06:09 UTC,2026-06-19 21:05:20 UTC,2026-06-19 21:05:14 UTC,2026-06-19 21:09:15 UTC,2026-06-19 21:09:12 UTC,2026-06-19 21:09:10 UTC,2026-06-19 21:09:08 UTC,NA,2026-06-19 21:08:51 UTC,2026-06-19 21:08:49 UTC,2026-06-19 21:08:46 UTC,2026-06-19 21:08:44 UTC,2026-06-19 21:08:40 UTC,2026-06-19 21:08:10 UTC,2026-06-19 21:07:50 UTC,2026-06-19 21:07:30 UTC,2026-06-19 21:07:00 UTC,2026-06-19 21:06:13 UTC,2026-06-19 21:05:38 UTC,2026-06-19 21:05:20 UTC,2026-06-19 21:05:07 UTC,2026-06-19 21:04:15 UTC,NA,2026-06-19 21:03:39 UTC,2026-06-19 21:09:17 UTC,2026-06-19 21:09:19 UTC,2026-06-19 21:08:53 UTC,2026-06-19 21:08:23 UTC,end_normal
34fa3cde226efaebffa1a26a77bdf160,2026-05-17 13:47:46 UTC,2026-05-17 13:52:02 UTC,2026-05-17 13:47:57 UTC,NA,NA,NA,NA,NA,NA,1,3,3,3,3,NA,option_2,option_1,option_2,option_1,option_1,2,dansk_folkeparti,NA,1,NA,1,midtjylland,lang_videre,1987,Mand,808,NA,2026-05-17 13:48:50 UTC,NA,2026-05-17 13:48:43 UTC,2026-05-17 13:48:35 UTC,2026-05-17 13:48:31 UTC,2026-05-17 13:48:03 UTC,NA,2026-05-17 13:50:49 UTC,2026-05-17 13:50:34 UTC,2026-05-17 13:50:26 UTC,2026-05-17 13:50:12 UTC,2026-05-17 13:49:49 UTC,2026-05-17 13:49:08 UTC,2026-05-17 13:48:59 UTC,NA,NA,NA,NA,NA,2026-05-17 13:51:47 UTC,2026-05-17 13:51:31 UTC,2026-05-17 13:51:29 UTC,2026-05-17 13:51:26 UTC,2026-05-17 13:51:24 UTC,2026-05-17 13:50:52 UTC,2026-05-17 13:50:36 UTC,2026-05-17 13:50:27 UTC,2026-05-17 13:50:16 UTC,2026-05-17 13:49:53 UTC,2026-05-17 13:49:13 UTC,2026-05-17 13:49:12 UTC,2026-05-17 13:48:53 UTC,2026-05-17 13:48:41 UTC,2026-05-17 13:47:53 UTC,2026-05-17 13:47:46 UTC,NA,NA,2026-05-17 13:51:53 UTC,2026-05-17 13:50:56 UTC,single_profile_2
351e0fc3df228ea3ac5a885f95c03997,2026-06-19 18:34:50 UTC,2026-06-19 18:55:00 UTC,2026-06-19 18:36:32 UTC,3,2,3,3,4,NA,3,3,4,3,3,NA,option_1,option_1,option_1,option_1,option_2,8,socialdemokratiet,3,2,NA,1,sjaelland,mellemlang_videre,1966,Mand,1009,2026-06-19 18:40:06 UTC,2026-06-19 18:39:25 UTC,NA,2026-06-19 18:39:06 UTC,2026-06-19 18:38:43 UTC,2026-06-19 18:38:33 UTC,2026-06-19 18:36:43 UTC,NA,2026-06-19 18:49:04 UTC,2026-06-19 18:47:36 UTC,2026-06-19 18:46:13 UTC,2026-06-19 18:44:56 UTC,2026-06-19 18:42:18 UTC,2026-06-19 18:40:41 UTC,2026-06-19 18:40:21 UTC,2026-06-19 18:53:32 UTC,2026-06-19 18:53:23 UTC,2026-06-19 18:52:57 UTC,2026-06-19 18:52:50 UTC,NA,2026-06-19 18:52:10 UTC,2026-06-19 18:51:35 UTC,2026-06-19 18:51:29 UTC,2026-06-19 18:50:38 UTC,2026-06-19 18:50:24 UTC,2026-06-19 18:49:08 UTC,2026-06-19 18:47:37 UTC,2026-06-19 18:46:14 UTC,2026-06-19 18:44:57 UTC,2026-06-19 18:42:18 UTC,2026-06-19 18:41:09 UTC,2026-06-19 18:40:46 UTC,2026-06-19 18:40:10 UTC,2026-06-19 18:38:48 UTC,2026-06-19 18:36:28 UTC,2026-06-19 18:34:50 UTC,2026-06-19 18:53:41 UTC,2026-06-19 18:53:42 UTC,2026-06-19 18:52:11 UTC,2026-06-19 18:49:25 UTC,end_normal
360f0b07c3e09cf75b2bd07c0fdca53e,2026-05-15 15:29:14 UTC,2026-05-15 15:30:25 UTC,2026-05-15 15:29:25 UTC,NA,NA,NA,NA,NA,NA,NA,NA,NA,NA,NA,NA,NA,NA,NA,NA,NA,NA,NA,NA,NA,NA,NA,NA,gymnasial,2008,Mand,1822,NA,NA,NA,NA,NA,2026-05-15 15:29:56 UTC,2026-05-15 15:29:54 UTC,NA,NA,NA,NA,NA,NA,NA,NA,NA,NA,NA,NA,NA,NA,NA,NA,NA,NA,NA,NA,NA,NA,NA,NA,NA,NA,NA,2026-05-15 15:29:20 UTC,2026-05-15 15:29:14 UTC,NA,NA,NA,NA,Background
3616741fab57589315cb346c55ba5a48,2026-05-19 19:25:45 UTC,2026-05-19 19:29:49 UTC,2026-05-19 19:26:02 UTC,NA,NA,NA,NA,NA,NA,NA,NA,NA,NA,NA,NA,NA,NA,NA,option_2,option_1,5,danmarksdemokraterne,NA,1,NA,1,sjaelland,mellemlang_videre,1975,Kvinde,1710,NA,2026-05-19 19:26:57 UTC,NA,2026-05-19 19:26:32 UTC,2026-05-19 19:26:22 UTC,2026-05-19 19:26:21 UTC,2026-05-19 19:26:08 UTC,NA,NA,NA,NA,2026-05-19 19:28:54 UTC,2026-05-19 19:28:25 UTC,2026-05-19 19:27:17 UTC,2026-05-19 19:27:09 UTC,NA,NA,NA,NA,NA,NA,NA,NA,NA,NA,NA,NA,NA,2026-05-19 19:28:57 UTC,2026-05-19 19:28:25 UTC,2026-05-19 19:27:24 UTC,2026-05-19 19:27:18 UTC,2026-05-19 19:26:57 UTC,2026-05-19 19:26:23 UTC,2026-05-19 19:25:56 UTC,2026-05-19 19:25:45 UTC,NA,NA,NA,NA,cbc_q3_page
3656cc529139bd2e79ed64dff5e4b65c,2026-06-20 08:56:50 UTC,2026-06-20 09:02:05 UTC,2026-06-20 08:57:02 UTC,NA,NA,NA,NA,NA,NA,3,2,3,4,3,NA,option_2,option_2,option_1,option_1,option_2,4,liberal_alliance,NA,1,NA,1,syddanmark,mellemlang_videre,1986,Mand,1414,NA,2026-06-20 08:57:36 UTC,NA,2026-06-20 08:57:26 UTC,2026-06-20 08:57:15 UTC,2026-06-20 08:57:11 UTC,2026-06-20 08:57:06 UTC,NA,2026-06-20 09:00:21 UTC,2026-06-20 09:00:02 UTC,2026-06-20 08:59:36 UTC,2026-06-20 08:58:48 UTC,2026-06-20 08:58:26 UTC,2026-06-20 08:57:50 UTC,2026-06-20 08:57:46 UTC,NA,NA,NA,NA,NA,2026-06-20 09:01:05 UTC,2026-06-20 09:01:05 UTC,2026-06-20 09:00:56 UTC,2026-06-20 09:00:56 UTC,2026-06-20 09:00:50 UTC,2026-06-20 09:00:23 UTC,2026-06-20 09:00:02 UTC,2026-06-20 08:59:39 UTC,2026-06-20 08:58:49 UTC,2026-06-20 08:58:27 UTC,2026-06-20 08:57:57 UTC,2026-06-20 08:57:53 UTC,2026-06-20 08:57:38 UTC,2026-06-20 08:57:15 UTC,2026-06-20 08:56:58 UTC,2026-06-20 08:56:50 UTC,NA,NA,2026-06-20 09:01:07 UTC,2026-06-20 09:00:34 UTC,single_profile_2
36612c0ed958659de0e0ff4e9d3ae16f,2026-06-03 12:36:46 UTC,2026-06-03 12:37:18 UTC,NA,NA,NA,NA,NA,NA,NA,NA,NA,NA,NA,NA,NA,NA,NA,NA,NA,NA,NA,NA,NA,NA,NA,NA,NA,NA,NA,NA,90,NA,NA,NA,NA,NA,NA,NA,NA,NA,NA,NA,NA,NA,NA,NA,NA,NA,NA,NA,NA,NA,NA,NA,NA,NA,NA,NA,NA,NA,NA,NA,NA,NA,NA,2026-06-03 12:36:55 UTC,2026-06-03 12:36:46 UTC,NA,NA,NA,NA,Background
36a3deeaba9cd3c6c27878202ffb31ba,2026-05-17 14:53:33 UTC,2026-05-17 15:00:16 UTC,2026-05-17 14:54:21 UTC,NA,NA,NA,NA,NA,NA,NA,NA,NA,NA,NA,NA,NA,NA,NA,NA,NA,NA,NA,NA,NA,NA,NA,midtjylland,mellemlang_videre,1955,Kvinde,306,NA,NA,NA,NA,2026-05-17 14:55:12 UTC,2026-05-17 14:54:56 UTC,2026-05-17 14:54:35 UTC,NA,NA,NA,NA,NA,NA,NA,NA,NA,NA,NA,NA,NA,NA,NA,NA,NA,NA,NA,NA,NA,NA,NA,NA,NA,NA,2026-05-17 14:55:15 UTC,2026-05-17 14:54:15 UTC,2026-05-17 14:53:33 UTC,NA,NA,NA,NA,issue_positions
36d3f456b7c7feb8a528168cc13df71c,2026-05-23 10:12:01 UTC,2026-05-23 10:17:25 UTC,2026-05-23 10:12:16 UTC,4,4,3,3,3,NA,1,1,2,3,3,NA,option_2,option_2,option_1,option_1,option_1,3,enhedslisten,NA,1,3,2,midtjylland,mellemlang_videre,1957,Kvinde,989,NA,2026-05-23 10:13:04 UTC,2026-05-23 10:12:48 UTC,2026-05-23 10:12:41 UTC,2026-05-23 10:12:30 UTC,2026-05-23 10:12:26 UTC,2026-05-23 10:12:22 UTC,NA,2026-05-23 10:15:33 UTC,2026-05-23 10:15:17 UTC,2026-05-23 10:14:46 UTC,2026-05-23 10:14:27 UTC,2026-05-23 10:14:00 UTC,2026-05-23 10:13:21 UTC,2026-05-23 10:13:13 UTC,2026-05-23 10:16:47 UTC,2026-05-23 10:16:54 UTC,2026-05-23 10:16:42 UTC,2026-05-23 10:16:41 UTC,NA,2026-05-23 10:16:27 UTC,2026-05-23 10:16:24 UTC,2026-05-23 10:16:18 UTC,2026-05-23 10:16:15 UTC,2026-05-23 10:15:59 UTC,2026-05-23 10:15:34 UTC,2026-05-23 10:15:18 UTC,2026-05-23 10:14:46 UTC,2026-05-23 10:14:27 UTC,2026-05-23 10:14:01 UTC,2026-05-23 10:13:36 UTC,2026-05-23 10:13:22 UTC,2026-05-23 10:13:09 UTC,2026-05-23 10:12:31 UTC,2026-05-23 10:12:12 UTC,2026-05-23 10:12:01 UTC,2026-05-23 10:16:49 UTC,2026-05-23 10:16:55 UTC,2026-05-23 10:16:28 UTC,2026-05-23 10:15:44 UTC,end_normal
377353c70162639310d6e4c6990ab5c2,2026-05-13 20:55:55 UTC,2026-05-13 20:59:25 UTC,2026-05-13 20:56:04 UTC,5,5,5,4,5,NA,1,1,1,1,1,NA,option_1,option_2,option_1,option_1,option_1,8,enhedslisten,NA,3,NA,3,hovedstaden,lang_videre,2000,Mand,640,NA,2026-05-13 20:56:22 UTC,NA,2026-05-13 20:56:16 UTC,2026-05-13 20:56:11 UTC,2026-05-13 20:56:09 UTC,2026-05-13 20:56:09 UTC,NA,2026-05-13 20:58:16 UTC,2026-05-13 20:57:55 UTC,2026-05-13 20:57:34 UTC,2026-05-13 20:57:10 UTC,2026-05-13 20:56:55 UTC,2026-05-13 20:56:28 UTC,2026-05-13 20:56:34 UTC,2026-05-13 20:59:04 UTC,2026-05-13 20:59:01 UTC,2026-05-13 20:59:00 UTC,2026-05-13 20:58:53 UTC,NA,2026-05-13 20:58:36 UTC,2026-05-13 20:58:35 UTC,2026-05-13 20:58:34 UTC,2026-05-13 20:58:33 UTC,2026-05-13 20:58:30 UTC,2026-05-13 20:58:16 UTC,2026-05-13 20:57:59 UTC,2026-05-13 20:57:37 UTC,2026-05-13 20:57:21 UTC,2026-05-13 20:56:56 UTC,2026-05-13 20:56:40 UTC,2026-05-13 20:56:36 UTC,2026-05-13 20:56:23 UTC,2026-05-13 20:56:12 UTC,2026-05-13 20:56:01 UTC,2026-05-13 20:55:55 UTC,2026-05-13 20:59:05 UTC,2026-05-13 20:59:05 UTC,2026-05-13 20:58:39 UTC,2026-05-13 20:58:20 UTC,end_normal
3774f7bcf2e377c8d0bedce4c5aa8bb4,2026-06-19 20:39:07 UTC,2026-06-19 20:42:56 UTC,2026-06-19 20:39:19 UTC,1,2,3,3,2,NA,2,3,3,3,3,NA,option_1,option_1,option_2,option_1,option_2,7,sf,NA,3,3,2,syddanmark,lang_videre,1990,Kvinde,183,NA,2026-06-19 20:39:46 UTC,2026-06-19 20:39:42 UTC,2026-06-19 20:39:32 UTC,2026-06-19 20:39:26 UTC,2026-06-19 20:39:24 UTC,2026-06-19 20:39:22 UTC,NA,2026-06-19 20:41:26 UTC,2026-06-19 20:41:15 UTC,2026-06-19 20:41:02 UTC,2026-06-19 20:40:49 UTC,2026-06-19 20:40:19 UTC,2026-06-19 20:39:55 UTC,2026-06-19 20:39:52 UTC,2026-06-19 20:42:20 UTC,2026-06-19 20:42:18 UTC,2026-06-19 20:42:18 UTC,2026-06-19 20:42:15 UTC,NA,2026-06-19 20:41:58 UTC,2026-06-19 20:41:53 UTC,2026-06-19 20:41:53 UTC,2026-06-19 20:41:48 UTC,2026-06-19 20:41:44 UTC,2026-06-19 20:41:28 UTC,NA,2026-06-19 20:41:02 UTC,2026-06-19 20:40:51 UTC,2026-06-19 20:40:19 UTC,2026-06-19 20:39:59 UTC,2026-06-19 20:39:55 UTC,2026-06-19 20:39:47 UTC,2026-06-19 20:39:28 UTC,2026-06-19 20:39:15 UTC,2026-06-19 20:39:07 UTC,2026-06-19 20:42:24 UTC,2026-06-19 20:42:24 UTC,2026-06-19 20:42:01 UTC,2026-06-19 20:41:32 UTC,end_normal
379a9d841e0a3761a6945226a5cf1c64,2026-06-19 19:26:34 UTC,2026-06-19 19:39:56 UTC,2026-06-19 19:26:51 UTC,3,4,3,3,3,NA,3,4,5,5,3,NA,option_2,option_1,NA,option_2,option_2,7,moderaterne,1,2,NA,1,syddanmark,erhvervsuddannelse,1962,Mand,1429,2026-06-19 19:27:36 UTC,2026-06-19 19:27:26 UTC,NA,2026-06-19 19:27:21 UTC,2026-06-19 19:27:00 UTC,2026-06-19 19:26:58 UTC,2026-06-19 19:26:56 UTC,NA,2026-06-19 19:29:59 UTC,2026-06-19 19:29:30 UTC,NA,2026-06-19 19:28:50 UTC,2026-06-19 19:28:31 UTC,2026-06-19 19:27:48 UTC,2026-06-19 19:27:43 UTC,2026-06-19 19:31:31 UTC,2026-06-19 19:31:22 UTC,2026-06-19 19:31:15 UTC,2026-06-19 19:31:15 UTC,NA,2026-06-19 19:30:34 UTC,2026-06-19 19:30:42 UTC,2026-06-19 19:30:28 UTC,2026-06-19 19:30:49 UTC,2026-06-19 19:30:49 UTC,2026-06-19 19:30:00 UTC,2026-06-19 19:29:31 UTC,NA,2026-06-19 19:28:54 UTC,2026-06-19 19:28:32 UTC,2026-06-19 19:27:58 UTC,2026-06-19 19:27:51 UTC,2026-06-19 19:27:38 UTC,2026-06-19 19:27:03 UTC,2026-06-19 19:26:47 UTC,2026-06-19 19:26:34 UTC,2026-06-19 19:31:31 UTC,2026-06-19 19:31:34 UTC,2026-06-19 19:30:50 UTC,2026-06-19 19:30:07 UTC,end_normal
37bac13bed5374562ec9b6e9b989895f,2026-06-20 06:55:47 UTC,2026-06-20 07:00:16 UTC,2026-06-20 06:56:03 UTC,NA,NA,NA,NA,NA,NA,NA,NA,NA,NA,NA,NA,NA,NA,NA,NA,NA,6,socialdemokratiet,NA,3,1,2,syddanmark,mellemlang_videre,1966,Kvinde,367,NA,2026-06-20 06:57:19 UTC,2026-06-20 06:57:06 UTC,2026-06-20 06:56:43 UTC,2026-06-20 06:56:31 UTC,2026-06-20 06:56:27 UTC,2026-06-20 06:56:14 UTC,NA,NA,NA,NA,NA,NA,2026-06-20 06:57:38 UTC,2026-06-20 06:57:28 UTC,NA,NA,NA,NA,NA,NA,NA,NA,NA,NA,NA,NA,NA,NA,NA,2026-06-20 06:58:01 UTC,2026-06-20 06:57:42 UTC,2026-06-20 06:57:20 UTC,2026-06-20 06:56:32 UTC,2026-06-20 06:55:59 UTC,2026-06-20 06:55:47 UTC,NA,NA,NA,NA,cbc_q1_page
37bafdd2fae3c52ef949b9e7f3dae0f0,2026-05-15 07:34:42 UTC,2026-05-15 07:43:12 UTC,2026-05-15 07:35:00 UTC,4,4,4,4,4,NA,3,3,3,3,3,NA,option_2,option_2,option_2,option_1,option_2,6,socialdemokratiet,NA,3,NA,1,midtjylland,mellemlang_videre,1957,Kvinde,1014,NA,2026-05-15 07:36:14 UTC,NA,2026-05-15 07:35:43 UTC,2026-05-15 07:35:27 UTC,2026-05-15 07:35:21 UTC,2026-05-15 07:35:13 UTC,NA,2026-05-15 07:40:47 UTC,2026-05-15 07:40:16 UTC,2026-05-15 07:39:27 UTC,2026-05-15 07:38:33 UTC,2026-05-15 07:37:55 UTC,2026-05-15 07:36:31 UTC,2026-05-15 07:36:24 UTC,2026-05-15 07:42:43 UTC,2026-05-15 07:42:41 UTC,2026-05-15 07:42:41 UTC,2026-05-15 07:42:40 UTC,NA,2026-05-15 07:42:13 UTC,2026-05-15 07:42:11 UTC,2026-05-15 07:42:09 UTC,2026-05-15 07:42:06 UTC,2026-05-15 07:42:00 UTC,2026-05-15 07:40:48 UTC,2026-05-15 07:40:21 UTC,2026-05-15 07:39:31 UTC,2026-05-15 07:38:35 UTC,2026-05-15 07:37:58 UTC,2026-05-15 07:36:47 UTC,2026-05-15 07:36:32 UTC,2026-05-15 07:36:16 UTC,2026-05-15 07:35:29 UTC,2026-05-15 07:34:54 UTC,2026-05-15 07:34:42 UTC,2026-05-15 07:42:45 UTC,2026-05-15 07:42:48 UTC,2026-05-15 07:42:16 UTC,2026-05-15 07:41:30 UTC,end_normal
3802b5b296ccf128860b11b21e8e7385,2026-05-13 09:00:35 UTC,2026-05-13 09:06:51 UTC,2026-05-13 09:00:51 UTC,4,5,4,5,5,NA,1,2,3,3,1,NA,option_2,option_1,option_2,option_2,option_2,7,alternativet,NA,3,NA,3,hovedstaden,erhvervsuddannelse,1955,Kvinde,1267,NA,2026-05-13 09:01:37 UTC,NA,2026-05-13 09:01:27 UTC,2026-05-13 09:01:13 UTC,2026-05-13 09:01:09 UTC,2026-05-13 09:01:02 UTC,NA,2026-05-13 09:04:41 UTC,2026-05-13 09:04:06 UTC,2026-05-13 09:03:44 UTC,2026-05-13 09:03:19 UTC,2026-05-13 09:02:42 UTC,2026-05-13 09:02:01 UTC,2026-05-13 09:01:56 UTC,2026-05-13 09:06:06 UTC,2026-05-13 09:06:04 UTC,2026-05-13 09:06:00 UTC,2026-05-13 09:05:57 UTC,NA,2026-05-13 09:05:16 UTC,2026-05-13 09:05:29 UTC,2026-05-13 09:05:34 UTC,2026-05-13 09:05:35 UTC,2026-05-13 09:05:41 UTC,2026-05-13 09:04:42 UTC,2026-05-13 09:04:07 UTC,2026-05-13 09:03:47 UTC,2026-05-13 09:03:21 UTC,2026-05-13 09:02:47 UTC,2026-05-13 09:02:16 UTC,2026-05-13 09:02:03 UTC,2026-05-13 09:01:38 UTC,2026-05-13 09:01:15 UTC,2026-05-13 09:00:44 UTC,2026-05-13 09:00:35 UTC,2026-05-13 09:06:13 UTC,2026-05-13 09:06:15 UTC,2026-05-13 09:05:42 UTC,2026-05-13 09:04:51 UTC,end_normal
385d9f8b2222a13ba916c92519d9ce50,2026-05-19 14:32:06 UTC,2026-05-19 14:37:54 UTC,2026-05-19 14:32:19 UTC,3,3,3,3,3,NA,3,4,4,4,4,NA,option_1,option_2,option_2,option_2,option_1,8,socialdemokratiet,3,2,NA,1,sjaelland,kort_videre,1965,Mand,1540,2026-05-19 14:33:19 UTC,2026-05-19 14:33:10 UTC,NA,2026-05-19 14:32:55 UTC,2026-05-19 14:32:37 UTC,2026-05-19 14:32:33 UTC,2026-05-19 14:32:29 UTC,NA,2026-05-19 14:35:58 UTC,2026-05-19 14:35:35 UTC,2026-05-19 14:35:15 UTC,2026-05-19 14:34:58 UTC,2026-05-19 14:34:25 UTC,2026-05-19 14:33:30 UTC,2026-05-19 14:33:43 UTC,2026-05-19 14:37:25 UTC,2026-05-19 14:37:22 UTC,2026-05-19 14:37:18 UTC,2026-05-19 14:37:12 UTC,NA,2026-05-19 14:36:47 UTC,2026-05-19 14:36:45 UTC,2026-05-19 14:36:39 UTC,2026-05-19 14:36:34 UTC,2026-05-19 14:36:31 UTC,2026-05-19 14:36:03 UTC,2026-05-19 14:35:38 UTC,2026-05-19 14:35:17 UTC,2026-05-19 14:34:59 UTC,2026-05-19 14:34:26 UTC,2026-05-19 14:33:52 UTC,2026-05-19 14:33:46 UTC,2026-05-19 14:33:20 UTC,2026-05-19 14:32:38 UTC,2026-05-19 14:32:14 UTC,2026-05-19 14:32:06 UTC,2026-05-19 14:37:29 UTC,2026-05-19 14:37:30 UTC,2026-05-19 14:36:48 UTC,2026-05-19 14:36:07 UTC,end_normal
388e3495bb602b2a260c4e5bf1da0552,2026-06-20 06:36:39 UTC,2026-06-20 06:45:04 UTC,2026-06-20 06:36:57 UTC,4,5,4,4,4,NA,2,2,2,2,1,NA,option_1,option_1,option_1,NA,option_2,6,socialdemokratiet,3,2,NA,1,midtjylland,kort_videre,1987,Kvinde,1537,2026-06-20 06:37:53 UTC,2026-06-20 06:37:36 UTC,NA,2026-06-20 06:37:25 UTC,2026-06-20 06:37:10 UTC,2026-06-20 06:37:06 UTC,2026-06-20 06:37:00 UTC,NA,2026-06-20 06:40:08 UTC,2026-06-20 06:39:55 UTC,2026-06-20 06:39:40 UTC,NA,2026-06-20 06:39:00 UTC,2026-06-20 06:38:14 UTC,2026-06-20 06:38:08 UTC,2026-06-20 06:41:22 UTC,2026-06-20 06:41:19 UTC,2026-06-20 06:41:16 UTC,2026-06-20 06:41:15 UTC,NA,2026-06-20 06:40:54 UTC,2026-06-20 06:40:52 UTC,2026-06-20 06:40:49 UTC,2026-06-20 06:40:47 UTC,2026-06-20 06:40:41 UTC,2026-06-20 06:40:09 UTC,2026-06-20 06:39:56 UTC,2026-06-20 06:39:42 UTC,NA,2026-06-20 06:39:01 UTC,2026-06-20 06:38:34 UTC,2026-06-20 06:38:18 UTC,2026-06-20 06:37:53 UTC,2026-06-20 06:37:11 UTC,2026-06-20 06:36:51 UTC,2026-06-20 06:36:39 UTC,2026-06-20 06:41:22 UTC,2026-06-20 06:41:24 UTC,2026-06-20 06:40:55 UTC,2026-06-20 06:40:13 UTC,end_normal
38907f7648e9023ddceb98d4d0c8d996,2026-06-16 13:25:09 UTC,2026-06-16 13:32:18 UTC,2026-06-16 13:26:02 UTC,4,4,4,3,4,NA,2,3,2,4,2,NA,option_1,option_2,option_1,option_2,option_1,6,venstre,3,2,1,2,syddanmark,lang_videre,1994,Kvinde,1354,2026-06-16 13:26:54 UTC,2026-06-16 13:26:46 UTC,2026-06-16 13:26:39 UTC,2026-06-16 13:26:26 UTC,2026-06-16 13:26:12 UTC,2026-06-16 13:26:10 UTC,2026-06-16 13:26:06 UTC,NA,2026-06-16 13:29:47 UTC,2026-06-16 13:29:14 UTC,2026-06-16 13:28:49 UTC,2026-06-16 13:28:25 UTC,2026-06-16 13:27:58 UTC,2026-06-16 13:27:07 UTC,2026-06-16 13:27:02 UTC,2026-06-16 13:31:47 UTC,2026-06-16 13:31:35 UTC,2026-06-16 13:31:32 UTC,2026-06-16 13:31:29 UTC,NA,2026-06-16 13:30:52 UTC,2026-06-16 13:30:40 UTC,2026-06-16 13:30:35 UTC,2026-06-16 13:30:30 UTC,2026-06-16 13:30:24 UTC,2026-06-16 13:29:51 UTC,2026-06-16 13:29:17 UTC,2026-06-16 13:28:53 UTC,2026-06-16 13:28:26 UTC,2026-06-16 13:27:59 UTC,2026-06-16 13:27:24 UTC,2026-06-16 13:27:08 UTC,2026-06-16 13:26:55 UTC,2026-06-16 13:26:12 UTC,2026-06-16 13:25:57 UTC,2026-06-16 13:25:09 UTC,2026-06-16 13:31:56 UTC,2026-06-16 13:31:57 UTC,2026-06-16 13:30:52 UTC,2026-06-16 13:30:04 UTC,end_normal
38af57eb1612498ef6977c8daf513b9d,2026-05-18 15:09:35 UTC,2026-05-18 15:25:11 UTC,2026-05-18 15:09:49 UTC,2,2,2,2,2,NA,1,2,2,4,2,NA,option_1,option_1,option_2,option_1,option_1,4,socialdemokratiet,NA,3,1,2,sjaelland,lang_videre,1976,Kvinde,273,NA,2026-05-18 15:11:02 UTC,2026-05-18 15:10:45 UTC,2026-05-18 15:10:24 UTC,2026-05-18 15:10:08 UTC,2026-05-18 15:10:04 UTC,2026-05-18 15:09:55 UTC,NA,2026-05-18 15:15:03 UTC,2026-05-18 15:14:17 UTC,2026-05-18 15:13:42 UTC,2026-05-18 15:13:08 UTC,2026-05-18 15:12:12 UTC,2026-05-18 15:11:16 UTC,2026-05-18 15:11:09 UTC,2026-05-18 15:16:58 UTC,2026-05-18 15:16:56 UTC,2026-05-18 15:16:54 UTC,2026-05-18 15:16:50 UTC,NA,2026-05-18 15:16:14 UTC,2026-05-18 15:16:10 UTC,2026-05-18 15:16:35 UTC,2026-05-18 15:16:33 UTC,2026-05-18 15:15:52 UTC,2026-05-18 15:15:13 UTC,2026-05-18 15:14:21 UTC,2026-05-18 15:13:46 UTC,2026-05-18 15:13:09 UTC,2026-05-18 15:12:13 UTC,2026-05-18 15:11:22 UTC,2026-05-18 15:11:17 UTC,2026-05-18 15:11:02 UTC,2026-05-18 15:10:10 UTC,2026-05-18 15:09:47 UTC,2026-05-18 15:09:35 UTC,2026-05-18 15:17:03 UTC,2026-05-18 15:17:07 UTC,2026-05-18 15:16:36 UTC,2026-05-18 15:15:20 UTC,end_normal
39453d507705e10454039d1ed24f0a91,2026-05-18 00:51:11 UTC,2026-05-18 00:58:25 UTC,2026-05-18 00:51:45 UTC,1,2,2,2,1,NA,1,2,2,3,2,NA,option_1,option_1,option_1,option_1,option_1,3,sf,NA,3,3,2,midtjylland,mellemlang_videre,1984,Kvinde,1763,NA,2026-05-18 00:52:53 UTC,2026-05-18 00:52:35 UTC,2026-05-18 00:52:28 UTC,2026-05-18 00:52:04 UTC,2026-05-18 00:51:59 UTC,2026-05-18 00:51:52 UTC,NA,2026-05-18 00:56:19 UTC,2026-05-18 00:56:00 UTC,2026-05-18 00:55:35 UTC,2026-05-18 00:55:11 UTC,2026-05-18 00:54:36 UTC,2026-05-18 00:53:10 UTC,2026-05-18 00:53:02 UTC,2026-05-18 00:57:55 UTC,2026-05-18 00:57:53 UTC,2026-05-18 00:57:50 UTC,2026-05-18 00:57:43 UTC,NA,2026-05-18 00:57:27 UTC,2026-05-18 00:57:23 UTC,2026-05-18 00:57:19 UTC,2026-05-18 00:57:12 UTC,2026-05-18 00:57:04 UTC,2026-05-18 00:56:21 UTC,2026-05-18 00:56:03 UTC,2026-05-18 00:55:37 UTC,2026-05-18 00:55:13 UTC,2026-05-18 00:54:37 UTC,2026-05-18 00:53:27 UTC,2026-05-18 00:53:12 UTC,2026-05-18 00:52:56 UTC,2026-05-18 00:52:09 UTC,2026-05-18 00:51:40 UTC,2026-05-18 00:51:11 UTC,2026-05-18 00:58:01 UTC,2026-05-18 00:58:04 UTC,2026-05-18 00:57:31 UTC,2026-05-18 00:56:32 UTC,end_normal
396dd536a18b0e7e631cef7610250488,2026-05-18 18:19:08 UTC,2026-05-18 18:24:46 UTC,2026-05-18 18:19:21 UTC,3,3,3,3,2,NA,4,3,4,4,4,NA,option_2,option_2,option_1,option_2,option_1,6,sf,NA,3,NA,3,sjaelland,gymnasial,2004,Kvinde,1942,NA,2026-05-18 18:20:07 UTC,NA,2026-05-18 18:19:43 UTC,2026-05-18 18:19:30 UTC,2026-05-18 18:19:27 UTC,2026-05-18 18:19:23 UTC,NA,2026-05-18 18:22:33 UTC,2026-05-18 18:22:10 UTC,2026-05-18 18:21:51 UTC,2026-05-18 18:21:26 UTC,2026-05-18 18:20:59 UTC,2026-05-18 18:20:25 UTC,2026-05-18 18:20:20 UTC,2026-05-18 18:23:43 UTC,2026-05-18 18:23:39 UTC,2026-05-18 18:23:35 UTC,2026-05-18 18:23:33 UTC,NA,2026-05-18 18:23:18 UTC,2026-05-18 18:23:07 UTC,2026-05-18 18:23:05 UTC,2026-05-18 18:22:58 UTC,2026-05-18 18:22:56 UTC,2026-05-18 18:22:35 UTC,2026-05-18 18:22:11 UTC,2026-05-18 18:21:52 UTC,2026-05-18 18:21:26 UTC,2026-05-18 18:21:00 UTC,2026-05-18 18:20:32 UTC,2026-05-18 18:20:28 UTC,2026-05-18 18:20:13 UTC,2026-05-18 18:19:32 UTC,2026-05-18 18:19:17 UTC,2026-05-18 18:19:08 UTC,2026-05-18 18:23:51 UTC,2026-05-18 18:23:52 UTC,2026-05-18 18:23:19 UTC,2026-05-18 18:22:39 UTC,end_normal
39aa0f0ac9c9c558d5e4a83e824a5fde,2026-05-13 17:59:36 UTC,2026-05-13 18:06:47 UTC,2026-05-13 17:59:54 UTC,1,1,1,1,1,NA,2,3,3,3,4,NA,option_2,option_1,option_1,option_2,option_2,8,socialdemokratiet,3,2,1,2,hovedstaden,mellemlang_videre,1958,Mand,1162,2026-05-13 18:01:05 UTC,2026-05-13 18:01:00 UTC,2026-05-13 18:00:37 UTC,2026-05-13 18:00:27 UTC,2026-05-13 18:00:12 UTC,2026-05-13 18:00:09 UTC,2026-05-13 18:00:03 UTC,NA,2026-05-13 18:04:05 UTC,2026-05-13 18:03:45 UTC,2026-05-13 18:03:24 UTC,2026-05-13 18:03:00 UTC,2026-05-13 18:02:28 UTC,2026-05-13 18:01:23 UTC,2026-05-13 18:01:16 UTC,2026-05-13 18:06:08 UTC,2026-05-13 18:06:06 UTC,2026-05-13 18:06:03 UTC,2026-05-13 18:05:56 UTC,NA,2026-05-13 18:05:27 UTC,2026-05-13 18:05:21 UTC,2026-05-13 18:05:14 UTC,2026-05-13 18:05:02 UTC,2026-05-13 18:04:54 UTC,2026-05-13 18:04:07 UTC,2026-05-13 18:03:51 UTC,2026-05-13 18:03:26 UTC,2026-05-13 18:03:04 UTC,2026-05-13 18:02:29 UTC,2026-05-13 18:01:44 UTC,2026-05-13 18:01:24 UTC,2026-05-13 18:01:07 UTC,2026-05-13 18:00:14 UTC,2026-05-13 17:59:48 UTC,2026-05-13 17:59:36 UTC,2026-05-13 18:06:12 UTC,2026-05-13 18:06:13 UTC,2026-05-13 18:05:34 UTC,2026-05-13 18:04:21 UTC,end_normal
39d5bfc905258ef5b43a9dfe9d66112e,2026-06-20 17:56:26 UTC,2026-06-20 17:59:36 UTC,2026-06-20 17:56:40 UTC,NA,NA,NA,NA,NA,NA,NA,NA,NA,NA,NA,NA,NA,NA,NA,NA,option_1,7,sf,NA,3,NA,3,midtjylland,forsker,1977,Kvinde,512,NA,2026-06-20 17:57:17 UTC,NA,2026-06-20 17:57:11 UTC,2026-06-20 17:56:57 UTC,2026-06-20 17:56:53 UTC,2026-06-20 17:56:49 UTC,NA,NA,NA,NA,NA,2026-06-20 17:58:17 UTC,2026-06-20 17:57:25 UTC,2026-06-20 17:57:37 UTC,NA,NA,NA,NA,NA,NA,NA,NA,NA,NA,NA,NA,NA,NA,2026-06-20 17:58:18 UTC,2026-06-20 17:57:49 UTC,2026-06-20 17:57:39 UTC,2026-06-20 17:57:18 UTC,2026-06-20 17:56:59 UTC,2026-06-20 17:56:36 UTC,2026-06-20 17:56:26 UTC,NA,NA,NA,NA,cbc_q2_page
39de6f10ddc505216bcfce6bf63d0f0b,2026-05-14 21:48:03 UTC,2026-05-14 21:54:45 UTC,2026-05-14 21:48:15 UTC,1,1,3,1,2,NA,2,3,1,3,2,NA,option_2,option_2,option_1,option_2,option_1,5,radikale,NA,1,3,2,syddanmark,gymnasial,2006,Kvinde,1305,NA,2026-05-14 21:49:22 UTC,2026-05-14 21:49:04 UTC,2026-05-14 21:48:51 UTC,2026-05-14 21:48:38 UTC,2026-05-14 21:48:30 UTC,2026-05-14 21:48:18 UTC,NA,2026-05-14 21:52:47 UTC,2026-05-14 21:52:29 UTC,2026-05-14 21:51:59 UTC,2026-05-14 21:51:17 UTC,2026-05-14 21:50:23 UTC,2026-05-14 21:49:39 UTC,2026-05-14 21:49:30 UTC,2026-05-14 21:54:20 UTC,2026-05-14 21:54:19 UTC,2026-05-14 21:54:14 UTC,2026-05-14 21:54:10 UTC,NA,2026-05-14 21:53:28 UTC,2026-05-14 21:53:49 UTC,2026-05-14 21:53:46 UTC,2026-05-14 21:53:37 UTC,2026-05-14 21:53:31 UTC,2026-05-14 21:52:50 UTC,2026-05-14 21:52:30 UTC,2026-05-14 21:52:00 UTC,2026-05-14 21:51:24 UTC,2026-05-14 21:50:24 UTC,2026-05-14 21:49:49 UTC,2026-05-14 21:49:41 UTC,2026-05-14 21:49:22 UTC,2026-05-14 21:48:38 UTC,2026-05-14 21:48:11 UTC,2026-05-14 21:48:03 UTC,2026-05-14 21:54:22 UTC,2026-05-14 21:54:24 UTC,2026-05-14 21:53:55 UTC,2026-05-14 21:53:04 UTC,end_normal
39e3f35f7ee19b30d793e7a5f6e70295,2026-06-22 07:47:27 UTC,2026-06-22 07:51:25 UTC,2026-06-22 07:47:44 UTC,NA,NA,NA,NA,NA,NA,NA,NA,NA,NA,NA,NA,NA,NA,option_2,option_2,option_1,3,venstre,3,2,NA,1,sjaelland,mellemlang_videre,1972,Kvinde,704,2026-06-22 07:48:28 UTC,2026-06-22 07:48:23 UTC,NA,2026-06-22 07:48:09 UTC,2026-06-22 07:48:00 UTC,2026-06-22 07:47:55 UTC,2026-06-22 07:47:51 UTC,NA,NA,NA,2026-06-22 07:50:24 UTC,2026-06-22 07:50:02 UTC,2026-06-22 07:49:25 UTC,2026-06-22 07:48:42 UTC,2026-06-22 07:48:38 UTC,NA,NA,NA,NA,NA,NA,NA,NA,NA,NA,NA,NA,2026-06-22 07:50:29 UTC,2026-06-22 07:50:05 UTC,2026-06-22 07:49:26 UTC,2026-06-22 07:48:52 UTC,2026-06-22 07:48:44 UTC,2026-06-22 07:48:29 UTC,2026-06-22 07:48:02 UTC,2026-06-22 07:47:40 UTC,2026-06-22 07:47:27 UTC,NA,NA,NA,NA,cbc_q4_page
39fd32b717f580245400be8c84f0e3ca,2026-06-20 10:17:01 UTC,2026-06-20 10:24:03 UTC,2026-06-20 10:17:22 UTC,3,3,3,3,3,NA,3,3,3,3,3,NA,option_2,option_2,option_1,option_2,option_2,5,onsker_ikke,3,2,1,2,syddanmark,kort_videre,1982,Kvinde,1118,2026-06-20 10:18:31 UTC,2026-06-20 10:18:22 UTC,2026-06-20 10:18:13 UTC,2026-06-20 10:17:55 UTC,2026-06-20 10:17:41 UTC,2026-06-20 10:17:32 UTC,2026-06-20 10:17:27 UTC,NA,2026-06-20 10:21:24 UTC,2026-06-20 10:21:02 UTC,2026-06-20 10:20:36 UTC,2026-06-20 10:19:56 UTC,2026-06-20 10:19:28 UTC,2026-06-20 10:18:57 UTC,2026-06-20 10:18:49 UTC,2026-06-20 10:23:30 UTC,2026-06-20 10:23:29 UTC,2026-06-20 10:23:29 UTC,2026-06-20 10:23:27 UTC,NA,2026-06-20 10:22:22 UTC,2026-06-20 10:22:20 UTC,2026-06-20 10:22:19 UTC,2026-06-20 10:22:18 UTC,2026-06-20 10:22:18 UTC,2026-06-20 10:21:25 UTC,2026-06-20 10:21:03 UTC,2026-06-20 10:20:38 UTC,2026-06-20 10:20:02 UTC,2026-06-20 10:19:30 UTC,2026-06-20 10:19:03 UTC,2026-06-20 10:18:58 UTC,2026-06-20 10:18:32 UTC,2026-06-20 10:17:45 UTC,2026-06-20 10:17:18 UTC,2026-06-20 10:17:01 UTC,2026-06-20 10:23:30 UTC,2026-06-20 10:23:34 UTC,2026-06-20 10:22:25 UTC,2026-06-20 10:21:30 UTC,end_normal
3a544523ae3d50834163735ae85f147b,2026-05-23 10:11:00 UTC,2026-05-23 10:16:40 UTC,2026-05-23 10:11:18 UTC,1,4,4,4,4,NA,1,4,4,4,4,NA,option_1,option_2,option_2,option_1,option_1,8,sf,NA,3,NA,1,midtjylland,erhvervsuddannelse,1957,Kvinde,405,NA,2026-05-23 10:12:06 UTC,NA,2026-05-23 10:11:53 UTC,2026-05-23 10:11:37 UTC,2026-05-23 10:11:34 UTC,2026-05-23 10:11:25 UTC,NA,2026-05-23 10:14:43 UTC,2026-05-23 10:14:20 UTC,2026-05-23 10:13:50 UTC,2026-05-23 10:13:26 UTC,2026-05-23 10:13:03 UTC,2026-05-23 10:12:19 UTC,2026-05-23 10:12:14 UTC,2026-05-23 10:16:05 UTC,2026-05-23 10:16:02 UTC,2026-05-23 10:15:59 UTC,2026-05-23 10:15:58 UTC,NA,2026-05-23 10:15:41 UTC,2026-05-23 10:15:39 UTC,2026-05-23 10:15:37 UTC,2026-05-23 10:15:33 UTC,2026-05-23 10:15:27 UTC,2026-05-23 10:14:44 UTC,2026-05-23 10:14:22 UTC,2026-05-23 10:13:54 UTC,2026-05-23 10:13:28 UTC,2026-05-23 10:13:07 UTC,2026-05-23 10:12:26 UTC,2026-05-23 10:12:20 UTC,2026-05-23 10:12:07 UTC,2026-05-23 10:11:38 UTC,2026-05-23 10:11:14 UTC,2026-05-23 10:11:00 UTC,2026-05-23 10:16:10 UTC,2026-05-23 10:16:14 UTC,2026-05-23 10:15:42 UTC,2026-05-23 10:14:51 UTC,end_normal
3ac1a721f498471e5379f940b7f051f8,2026-05-13 17:55:34 UTC,2026-05-13 17:57:55 UTC,2026-05-13 17:55:48 UTC,NA,NA,NA,NA,NA,NA,NA,NA,NA,NA,NA,NA,NA,NA,NA,NA,NA,2,sf,3,2,3,2,nordjylland,mellemlang_videre,1998,Kvinde,918,2026-05-13 17:56:38 UTC,2026-05-13 17:56:34 UTC,2026-05-13 17:56:20 UTC,2026-05-13 17:56:13 UTC,2026-05-13 17:56:00 UTC,2026-05-13 17:55:58 UTC,2026-05-13 17:55:54 UTC,NA,NA,NA,NA,NA,NA,2026-05-13 17:56:55 UTC,2026-05-13 17:56:49 UTC,NA,NA,NA,NA,NA,NA,NA,NA,NA,NA,NA,NA,NA,NA,NA,2026-05-13 17:57:05 UTC,2026-05-13 17:56:55 UTC,2026-05-13 17:56:38 UTC,2026-05-13 17:56:01 UTC,2026-05-13 17:55:43 UTC,2026-05-13 17:55:34 UTC,NA,NA,NA,NA,cbc_q1_page
3b42733675be5a9c4009a7a8f7e4dc9a,2026-05-24 09:30:52 UTC,2026-05-24 09:35:31 UTC,2026-05-24 09:31:06 UTC,1,1,1,1,1,NA,1,1,2,2,2,NA,option_2,option_1,option_1,option_2,option_1,8,sf,NA,3,1,2,midtjylland,mellemlang_videre,1970,Kvinde,187,NA,2026-05-24 09:32:01 UTC,2026-05-24 09:31:52 UTC,2026-05-24 09:31:39 UTC,2026-05-24 09:31:23 UTC,2026-05-24 09:31:19 UTC,2026-05-24 09:31:15 UTC,NA,2026-05-24 09:34:11 UTC,2026-05-24 09:33:56 UTC,2026-05-24 09:33:27 UTC,2026-05-24 09:33:00 UTC,2026-05-24 09:32:41 UTC,2026-05-24 09:32:11 UTC,2026-05-24 09:32:07 UTC,2026-05-24 09:35:03 UTC,2026-05-24 09:35:03 UTC,2026-05-24 09:35:02 UTC,2026-05-24 09:35:01 UTC,NA,2026-05-24 09:34:47 UTC,2026-05-24 09:34:45 UTC,2026-05-24 09:34:42 UTC,2026-05-24 09:34:40 UTC,2026-05-24 09:34:35 UTC,2026-05-24 09:34:13 UTC,2026-05-24 09:33:56 UTC,2026-05-24 09:33:27 UTC,2026-05-24 09:33:01 UTC,2026-05-24 09:32:43 UTC,2026-05-24 09:32:18 UTC,2026-05-24 09:32:13 UTC,2026-05-24 09:32:01 UTC,2026-05-24 09:31:25 UTC,2026-05-24 09:31:01 UTC,2026-05-24 09:30:52 UTC,2026-05-24 09:35:05 UTC,2026-05-24 09:35:05 UTC,2026-05-24 09:34:48 UTC,2026-05-24 09:34:17 UTC,end_normal
3b5fc8ffbc098ed8c2d5c50dd4d8b03a,2026-05-23 14:31:40 UTC,2026-05-23 14:37:21 UTC,2026-05-23 14:32:04 UTC,2,2,2,2,3,NA,1,1,2,2,3,NA,option_1,option_2,option_1,option_2,option_1,7,radikale,NA,3,NA,3,midtjylland,forsker,1973,Kvinde,1886,NA,2026-05-23 14:32:42 UTC,NA,2026-05-23 14:32:33 UTC,2026-05-23 14:32:22 UTC,2026-05-23 14:32:19 UTC,2026-05-23 14:32:13 UTC,NA,2026-05-23 14:35:12 UTC,2026-05-23 14:34:51 UTC,2026-05-23 14:34:27 UTC,2026-05-23 14:34:03 UTC,2026-05-23 14:33:38 UTC,2026-05-23 14:32:57 UTC,2026-05-23 14:32:51 UTC,2026-05-23 14:36:46 UTC,2026-05-23 14:36:38 UTC,2026-05-23 14:36:36 UTC,2026-05-23 14:36:41 UTC,NA,2026-05-23 14:35:58 UTC,2026-05-23 14:35:56 UTC,2026-05-23 14:35:53 UTC,2026-05-23 14:36:13 UTC,2026-05-23 14:35:43 UTC,2026-05-23 14:35:15 UTC,2026-05-23 14:34:54 UTC,2026-05-23 14:34:31 UTC,2026-05-23 14:34:06 UTC,2026-05-23 14:33:41 UTC,2026-05-23 14:33:06 UTC,2026-05-23 14:32:59 UTC,2026-05-23 14:32:42 UTC,2026-05-23 14:32:25 UTC,2026-05-23 14:31:58 UTC,2026-05-23 14:31:40 UTC,2026-05-23 14:36:53 UTC,2026-05-23 14:36:53 UTC,2026-05-23 14:36:15 UTC,2026-05-23 14:35:23 UTC,end_normal
3b6ddbc340498988fe3769ef217e3dac,2026-06-20 14:27:33 UTC,2026-06-20 14:31:41 UTC,2026-06-20 14:27:45 UTC,1,1,1,1,1,NA,1,1,1,1,1,NA,option_2,option_1,option_1,option_2,option_2,5,sf,NA,3,NA,1,sjaelland,kort_videre,1970,Kvinde,1195,NA,2026-06-20 14:28:29 UTC,NA,2026-06-20 14:28:18 UTC,2026-06-20 14:28:09 UTC,2026-06-20 14:28:05 UTC,2026-06-20 14:27:59 UTC,NA,2026-06-20 14:30:09 UTC,2026-06-20 14:29:57 UTC,2026-06-20 14:29:34 UTC,2026-06-20 14:29:17 UTC,2026-06-20 14:29:04 UTC,2026-06-20 14:28:43 UTC,2026-06-20 14:28:38 UTC,2026-06-20 14:31:12 UTC,2026-06-20 14:31:11 UTC,2026-06-20 14:31:10 UTC,2026-06-20 14:31:09 UTC,NA,2026-06-20 14:30:58 UTC,2026-06-20 14:30:41 UTC,2026-06-20 14:30:46 UTC,2026-06-20 14:30:46 UTC,2026-06-20 14:30:47 UTC,2026-06-20 14:30:09 UTC,2026-06-20 14:29:58 UTC,2026-06-20 14:29:36 UTC,2026-06-20 14:29:20 UTC,2026-06-20 14:29:05 UTC,2026-06-20 14:28:49 UTC,2026-06-20 14:28:44 UTC,2026-06-20 14:28:30 UTC,2026-06-20 14:28:10 UTC,2026-06-20 14:27:41 UTC,2026-06-20 14:27:33 UTC,2026-06-20 14:31:13 UTC,2026-06-20 14:31:14 UTC,2026-06-20 14:30:58 UTC,2026-06-20 14:30:17 UTC,end_normal
3b9ba8d292b88809ff9ef89792e1a70b,2026-05-13 04:50:04 UTC,2026-05-13 04:55:12 UTC,2026-05-13 04:50:20 UTC,1,1,2,2,2,NA,1,2,3,3,2,NA,option_1,option_1,option_2,option_2,option_2,7,radikale,3,2,NA,3,midtjylland,lang_videre,1962,Kvinde,1575,2026-05-13 04:51:05 UTC,2026-05-13 04:50:58 UTC,NA,2026-05-13 04:50:47 UTC,2026-05-13 04:50:38 UTC,2026-05-13 04:50:34 UTC,2026-05-13 04:50:29 UTC,NA,2026-05-13 04:53:22 UTC,2026-05-13 04:53:01 UTC,2026-05-13 04:52:31 UTC,2026-05-13 04:52:09 UTC,2026-05-13 04:51:42 UTC,2026-05-13 04:51:18 UTC,2026-05-13 04:51:13 UTC,2026-05-13 04:54:38 UTC,2026-05-13 04:54:34 UTC,2026-05-13 04:54:31 UTC,2026-05-13 04:54:26 UTC,NA,2026-05-13 04:54:11 UTC,2026-05-13 04:53:59 UTC,2026-05-13 04:53:58 UTC,2026-05-13 04:53:54 UTC,2026-05-13 04:53:51 UTC,2026-05-13 04:53:24 UTC,2026-05-13 04:53:03 UTC,2026-05-13 04:52:33 UTC,2026-05-13 04:52:12 UTC,2026-05-13 04:51:44 UTC,2026-05-13 04:51:25 UTC,2026-05-13 04:51:20 UTC,2026-05-13 04:51:06 UTC,2026-05-13 04:50:42 UTC,2026-05-13 04:50:16 UTC,2026-05-13 04:50:04 UTC,2026-05-13 04:54:46 UTC,2026-05-13 04:54:49 UTC,2026-05-13 04:54:12 UTC,2026-05-13 04:53:32 UTC,end_normal
3c0e12587f003db4082c4f1d142c785a,2026-05-14 07:59:13 UTC,2026-05-14 08:05:00 UTC,2026-05-14 07:59:29 UTC,3,3,3,3,4,NA,4,3,3,3,2,NA,option_1,option_2,option_1,option_1,option_2,6,dansk_folkeparti,NA,1,NA,1,hovedstaden,lang_videre,1998,Kvinde,288,NA,2026-05-14 08:00:22 UTC,NA,2026-05-14 08:00:11 UTC,2026-05-14 07:59:47 UTC,2026-05-14 07:59:42 UTC,2026-05-14 07:59:57 UTC,NA,2026-05-14 08:02:59 UTC,2026-05-14 08:02:41 UTC,2026-05-14 08:02:12 UTC,2026-05-14 08:01:54 UTC,2026-05-14 08:01:13 UTC,2026-05-14 08:00:41 UTC,2026-05-14 08:00:28 UTC,2026-05-14 08:04:28 UTC,2026-05-14 08:04:26 UTC,2026-05-14 08:04:26 UTC,2026-05-14 08:04:24 UTC,NA,2026-05-14 08:04:07 UTC,2026-05-14 08:04:01 UTC,2026-05-14 08:04:01 UTC,2026-05-14 08:03:55 UTC,2026-05-14 08:03:49 UTC,2026-05-14 08:03:00 UTC,2026-05-14 08:02:42 UTC,2026-05-14 08:02:12 UTC,2026-05-14 08:01:54 UTC,2026-05-14 08:01:13 UTC,2026-05-14 08:00:46 UTC,2026-05-14 08:00:42 UTC,2026-05-14 08:00:22 UTC,2026-05-14 07:59:59 UTC,2026-05-14 07:59:26 UTC,2026-05-14 07:59:13 UTC,2026-05-14 08:04:31 UTC,2026-05-14 08:04:31 UTC,2026-05-14 08:04:08 UTC,2026-05-14 08:03:03 UTC,end_normal
3c3c303d0f858494e1c19823a346f3bd,2026-06-20 01:51:07 UTC,2026-06-20 01:54:31 UTC,2026-06-20 01:51:57 UTC,NA,NA,NA,NA,NA,NA,NA,NA,NA,NA,NA,NA,NA,NA,NA,NA,NA,7,sf,NA,3,3,2,sjaelland,erhvervsuddannelse,1981,Mand,985,NA,2026-06-20 01:53:01 UTC,2026-06-20 01:52:46 UTC,2026-06-20 01:52:38 UTC,2026-06-20 01:52:24 UTC,2026-06-20 01:52:16 UTC,2026-06-20 01:52:09 UTC,NA,NA,NA,NA,NA,NA,2026-06-20 01:53:46 UTC,2026-06-20 01:53:24 UTC,NA,NA,NA,NA,NA,NA,NA,NA,NA,NA,NA,NA,NA,NA,NA,NA,2026-06-20 01:53:48 UTC,2026-06-20 01:53:01 UTC,2026-06-20 01:52:25 UTC,2026-06-20 01:51:53 UTC,2026-06-20 01:51:07 UTC,NA,NA,NA,NA,cbc_intro
3c5af985cceff7c7bb4aadcb39d98334,2026-06-02 13:43:11 UTC,2026-06-02 13:45:09 UTC,2026-06-02 13:43:23 UTC,NA,NA,NA,NA,NA,NA,NA,NA,NA,NA,NA,NA,NA,NA,NA,NA,NA,8,moderaterne,NA,1,3,2,nordjylland,mellemlang_videre,1977,Kvinde,725,NA,2026-06-02 13:44:03 UTC,2026-06-02 13:43:54 UTC,2026-06-02 13:43:46 UTC,2026-06-02 13:43:37 UTC,2026-06-02 13:43:35 UTC,2026-06-02 13:43:31 UTC,NA,NA,NA,NA,NA,NA,2026-06-02 13:44:17 UTC,2026-06-02 13:44:13 UTC,NA,NA,NA,NA,NA,NA,NA,NA,NA,NA,NA,NA,NA,NA,NA,NA,2026-06-02 13:44:19 UTC,2026-06-02 13:44:06 UTC,2026-06-02 13:43:38 UTC,2026-06-02 13:43:19 UTC,2026-06-02 13:43:11 UTC,NA,NA,NA,NA,cbc_intro
3c5d48453ec91ea6e940124bb728c3b1,2026-06-20 08:38:38 UTC,2026-06-20 08:42:51 UTC,2026-06-20 08:38:48 UTC,3,4,3,3,4,NA,1,3,3,4,3,NA,option_1,option_2,option_2,option_2,option_2,2,socialdemokratiet,NA,3,NA,1,sjaelland,grundskole,1977,Mand,1456,NA,2026-06-20 08:39:17 UTC,NA,2026-06-20 08:39:09 UTC,2026-06-20 08:39:00 UTC,2026-06-20 08:38:57 UTC,2026-06-20 08:38:54 UTC,NA,2026-06-20 08:41:06 UTC,2026-06-20 08:40:53 UTC,2026-06-20 08:40:36 UTC,2026-06-20 08:40:16 UTC,2026-06-20 08:39:52 UTC,2026-06-20 08:39:29 UTC,2026-06-20 08:39:25 UTC,2026-06-20 08:42:16 UTC,2026-06-20 08:42:10 UTC,2026-06-20 08:42:22 UTC,2026-06-20 08:42:19 UTC,NA,2026-06-20 08:41:50 UTC,2026-06-20 08:41:45 UTC,2026-06-20 08:41:43 UTC,2026-06-20 08:41:31 UTC,2026-06-20 08:41:30 UTC,2026-06-20 08:41:06 UTC,2026-06-20 08:40:53 UTC,2026-06-20 08:40:37 UTC,2026-06-20 08:40:19 UTC,2026-06-20 08:39:55 UTC,2026-06-20 08:39:35 UTC,2026-06-20 08:39:30 UTC,2026-06-20 08:39:17 UTC,2026-06-20 08:39:01 UTC,2026-06-20 08:38:44 UTC,2026-06-20 08:38:38 UTC,2026-06-20 08:42:29 UTC,2026-06-20 08:42:30 UTC,2026-06-20 08:41:51 UTC,2026-06-20 08:41:12 UTC,end_normal
3c8f2bd1223b5d6d266afb6365477b68,2026-05-15 14:11:26 UTC,2026-05-15 14:17:15 UTC,2026-05-15 14:12:20 UTC,NA,NA,NA,NA,NA,NA,NA,NA,NA,NA,NA,NA,NA,NA,NA,NA,option_1,1,danmarksdemokraterne,NA,1,NA,1,nordjylland,erhvervsuddannelse,1941,Mand,166,NA,2026-05-15 14:13:56 UTC,NA,2026-05-15 14:13:45 UTC,2026-05-15 14:12:45 UTC,2026-05-15 14:12:35 UTC,2026-05-15 14:12:13 UTC,NA,NA,NA,NA,NA,2026-05-15 14:15:59 UTC,2026-05-15 14:14:39 UTC,2026-05-15 14:14:30 UTC,NA,NA,NA,NA,NA,NA,NA,NA,NA,NA,NA,NA,NA,NA,2026-05-15 14:16:01 UTC,2026-05-15 14:15:02 UTC,2026-05-15 14:14:42 UTC,2026-05-15 14:13:59 UTC,2026-05-15 14:12:48 UTC,2026-05-15 14:11:46 UTC,2026-05-15 14:11:26 UTC,NA,NA,NA,NA,cbc_q2_page
3cae90651a614c0cb7b5cf68c4a09aee,2026-05-23 13:10:27 UTC,2026-05-23 13:15:30 UTC,2026-05-23 13:10:38 UTC,3,3,3,3,4,NA,1,3,3,2,3,NA,option_1,option_1,option_1,option_1,option_1,6,sf,3,2,NA,3,midtjylland,mellemlang_videre,1960,Kvinde,1764,2026-05-23 13:11:18 UTC,2026-05-23 13:11:09 UTC,NA,2026-05-23 13:11:03 UTC,2026-05-23 13:10:55 UTC,2026-05-23 13:10:52 UTC,2026-05-23 13:10:46 UTC,NA,2026-05-23 13:13:18 UTC,2026-05-23 13:13:01 UTC,2026-05-23 13:12:44 UTC,2026-05-23 13:12:20 UTC,2026-05-23 13:12:03 UTC,2026-05-23 13:11:33 UTC,2026-05-23 13:11:26 UTC,2026-05-23 13:14:31 UTC,2026-05-23 13:14:31 UTC,2026-05-23 13:14:40 UTC,2026-05-23 13:14:26 UTC,NA,2026-05-23 13:14:11 UTC,2026-05-23 13:14:03 UTC,2026-05-23 13:13:57 UTC,2026-05-23 13:13:52 UTC,2026-05-23 13:13:50 UTC,2026-05-23 13:13:23 UTC,2026-05-23 13:13:06 UTC,2026-05-23 13:12:46 UTC,2026-05-23 13:12:23 UTC,2026-05-23 13:12:07 UTC,2026-05-23 13:11:44 UTC,2026-05-23 13:11:42 UTC,2026-05-23 13:11:20 UTC,2026-05-23 13:10:58 UTC,2026-05-23 13:10:36 UTC,2026-05-23 13:10:27 UTC,2026-05-23 13:14:33 UTC,2026-05-23 13:14:42 UTC,2026-05-23 13:14:16 UTC,2026-05-23 13:13:27 UTC,end_normal
3cc7e924896a01a3e43c13d7bd27561d,2026-05-13 19:42:50 UTC,2026-05-13 19:50:44 UTC,2026-05-13 19:43:04 UTC,3,3,4,4,4,NA,3,3,4,4,4,NA,option_2,option_2,option_2,option_2,option_1,6,radikale,1,2,NA,3,hovedstaden,mellemlang_videre,2001,Kvinde,1254,2026-05-13 19:44:06 UTC,2026-05-13 19:43:43 UTC,NA,2026-05-13 19:43:29 UTC,2026-05-13 19:43:17 UTC,2026-05-13 19:43:13 UTC,2026-05-13 19:43:09 UTC,NA,2026-05-13 19:47:30 UTC,2026-05-13 19:46:57 UTC,2026-05-13 19:46:23 UTC,2026-05-13 19:45:39 UTC,2026-05-13 19:44:57 UTC,2026-05-13 19:44:22 UTC,2026-05-13 19:44:14 UTC,2026-05-13 19:49:17 UTC,2026-05-13 19:49:11 UTC,2026-05-13 19:49:10 UTC,2026-05-13 19:49:05 UTC,NA,2026-05-13 19:48:27 UTC,2026-05-13 19:48:18 UTC,2026-05-13 19:48:12 UTC,2026-05-13 19:48:12 UTC,2026-05-13 19:47:54 UTC,2026-05-13 19:47:32 UTC,2026-05-13 19:47:04 UTC,2026-05-13 19:46:24 UTC,2026-05-13 19:45:40 UTC,2026-05-13 19:45:01 UTC,2026-05-13 19:44:32 UTC,2026-05-13 19:44:24 UTC,2026-05-13 19:44:07 UTC,2026-05-13 19:43:18 UTC,2026-05-13 19:43:00 UTC,2026-05-13 19:42:50 UTC,2026-05-13 19:49:19 UTC,2026-05-13 19:49:20 UTC,2026-05-13 19:48:33 UTC,2026-05-13 19:47:36 UTC,end_normal
3ce3fcd8c105dbe237d62a8e245e47ee,2026-06-20 16:58:25 UTC,2026-06-20 17:08:31 UTC,2026-06-20 16:58:50 UTC,4,4,4,4,4,NA,2,2,2,3,4,NA,option_2,option_1,option_1,option_2,option_2,6,liberal_alliance,NA,1,NA,1,sjaelland,mellemlang_videre,1945,Mand,1374,NA,2026-06-20 16:59:59 UTC,NA,2026-06-20 16:59:42 UTC,2026-06-20 16:59:26 UTC,2026-06-20 16:59:18 UTC,2026-06-20 16:59:08 UTC,NA,2026-06-20 17:04:54 UTC,2026-06-20 17:04:16 UTC,2026-06-20 17:03:38 UTC,2026-06-20 17:02:52 UTC,2026-06-20 17:02:04 UTC,2026-06-20 17:00:25 UTC,2026-06-20 17:00:13 UTC,2026-06-20 17:07:59 UTC,2026-06-20 17:07:53 UTC,2026-06-20 17:07:50 UTC,2026-06-20 17:07:46 UTC,NA,2026-06-20 17:06:02 UTC,2026-06-20 17:05:59 UTC,2026-06-20 17:05:54 UTC,2026-06-20 17:05:46 UTC,2026-06-20 17:05:42 UTC,2026-06-20 17:04:55 UTC,2026-06-20 17:04:18 UTC,2026-06-20 17:03:40 UTC,2026-06-20 17:02:54 UTC,2026-06-20 17:02:06 UTC,2026-06-20 17:00:41 UTC,2026-06-20 17:00:26 UTC,2026-06-20 17:00:01 UTC,2026-06-20 16:59:29 UTC,2026-06-20 16:58:45 UTC,2026-06-20 16:58:25 UTC,2026-06-20 17:07:58 UTC,2026-06-20 17:08:00 UTC,2026-06-20 17:06:07 UTC,2026-06-20 17:05:06 UTC,end_normal
3cff062029937ff8b6f60a361720f39a,2026-05-13 16:34:53 UTC,2026-05-13 16:41:30 UTC,2026-05-13 16:35:09 UTC,4,5,5,5,4,NA,4,3,4,3,4,NA,option_2,option_2,option_1,option_2,option_1,7,sf,3,2,1,2,hovedstaden,gymnasial,1972,Mand,21,2026-05-13 16:36:15 UTC,2026-05-13 16:36:09 UTC,2026-05-13 16:35:59 UTC,2026-05-13 16:35:47 UTC,2026-05-13 16:35:35 UTC,2026-05-13 16:35:29 UTC,2026-05-13 16:35:18 UTC,NA,2026-05-13 16:39:06 UTC,2026-05-13 16:38:40 UTC,2026-05-13 16:38:17 UTC,2026-05-13 16:37:39 UTC,2026-05-13 16:37:13 UTC,2026-05-13 16:36:31 UTC,2026-05-13 16:36:27 UTC,2026-05-13 16:40:45 UTC,2026-05-13 16:40:44 UTC,2026-05-13 16:40:36 UTC,2026-05-13 16:40:27 UTC,NA,2026-05-13 16:40:12 UTC,2026-05-13 16:40:08 UTC,2026-05-13 16:40:03 UTC,2026-05-13 16:40:00 UTC,2026-05-13 16:39:56 UTC,2026-05-13 16:39:15 UTC,2026-05-13 16:38:42 UTC,2026-05-13 16:38:19 UTC,2026-05-13 16:37:42 UTC,2026-05-13 16:37:16 UTC,2026-05-13 16:36:48 UTC,2026-05-13 16:36:32 UTC,2026-05-13 16:36:16 UTC,2026-05-13 16:35:36 UTC,2026-05-13 16:35:04 UTC,2026-05-13 16:34:53 UTC,2026-05-13 16:40:49 UTC,2026-05-13 16:40:51 UTC,2026-05-13 16:40:13 UTC,2026-05-13 16:39:26 UTC,end_normal
3d01abda09ce0369d560ab562675dfe8,2026-05-16 06:14:52 UTC,2026-05-16 06:16:14 UTC,2026-05-16 06:15:03 UTC,NA,NA,NA,NA,NA,NA,NA,NA,NA,NA,NA,NA,NA,NA,NA,NA,NA,NA,NA,NA,NA,1,2,sjaelland,lang_videre,1991,Kvinde,1813,NA,NA,2026-05-16 06:15:46 UTC,2026-05-16 06:15:26 UTC,2026-05-16 06:15:15 UTC,2026-05-16 06:15:12 UTC,2026-05-16 06:15:09 UTC,NA,NA,NA,NA,NA,NA,NA,NA,NA,NA,NA,NA,NA,NA,NA,NA,NA,NA,NA,NA,NA,NA,NA,NA,NA,NA,2026-05-16 06:15:16 UTC,2026-05-16 06:14:59 UTC,2026-05-16 06:14:52 UTC,NA,NA,NA,NA,issue_positions
3d36ebd9d091ac341857e6dc3db035c6,2026-05-12 13:57:57 UTC,2026-05-12 14:07:53 UTC,2026-05-12 13:59:05 UTC,1,3,3,3,3,NA,3,2,2,2,2,NA,option_1,option_2,option_2,option_1,option_1,7,enhedslisten,NA,3,NA,3,midtjylland,lang_videre,2001,Mand,1374,NA,2026-05-12 13:59:50 UTC,NA,2026-05-12 13:59:38 UTC,2026-05-12 13:59:29 UTC,2026-05-12 13:59:24 UTC,2026-05-12 13:59:14 UTC,NA,2026-05-12 14:04:42 UTC,2026-05-12 14:04:00 UTC,2026-05-12 14:02:11 UTC,2026-05-12 14:01:20 UTC,2026-05-12 14:00:53 UTC,2026-05-12 14:00:06 UTC,2026-05-12 14:00:00 UTC,2026-05-12 14:07:19 UTC,2026-05-12 14:07:14 UTC,2026-05-12 14:07:01 UTC,2026-05-12 14:06:50 UTC,NA,2026-05-12 14:06:04 UTC,2026-05-12 14:05:52 UTC,2026-05-12 14:05:43 UTC,2026-05-12 14:05:38 UTC,2026-05-12 14:05:39 UTC,2026-05-12 14:04:43 UTC,2026-05-12 14:04:09 UTC,2026-05-12 14:02:15 UTC,2026-05-12 14:01:39 UTC,2026-05-12 14:00:54 UTC,2026-05-12 14:00:27 UTC,2026-05-12 14:00:08 UTC,2026-05-12 13:59:51 UTC,2026-05-12 13:59:30 UTC,2026-05-12 13:58:07 UTC,2026-05-12 13:57:57 UTC,2026-05-12 14:07:25 UTC,2026-05-12 14:07:25 UTC,2026-05-12 14:06:05 UTC,2026-05-12 14:04:56 UTC,end_normal
3d78225276e818606514bcdf781c3419,2026-05-23 15:04:39 UTC,2026-05-23 15:06:59 UTC,2026-05-23 15:04:52 UTC,NA,NA,NA,NA,NA,NA,NA,NA,NA,NA,NA,NA,NA,NA,option_1,option_1,option_1,6,sf,3,2,3,2,midtjylland,lang_videre,1962,Kvinde,187,2026-05-23 15:05:39 UTC,2026-05-23 15:05:33 UTC,2026-05-23 15:05:27 UTC,2026-05-23 15:05:17 UTC,2026-05-23 15:05:08 UTC,2026-05-23 15:05:05 UTC,2026-05-23 15:05:00 UTC,NA,NA,NA,2026-05-23 15:06:37 UTC,2026-05-23 15:06:27 UTC,2026-05-23 15:06:18 UTC,2026-05-23 15:05:51 UTC,2026-05-23 15:05:46 UTC,NA,NA,NA,NA,NA,NA,NA,NA,NA,NA,NA,NA,2026-05-23 15:06:38 UTC,2026-05-23 15:06:29 UTC,2026-05-23 15:06:22 UTC,2026-05-23 15:06:00 UTC,2026-05-23 15:05:54 UTC,2026-05-23 15:05:41 UTC,2026-05-23 15:05:08 UTC,2026-05-23 15:04:47 UTC,2026-05-23 15:04:39 UTC,NA,NA,NA,NA,cbc_q4_page
3d865221f711d5754ec5c96a666d8605,2026-05-23 13:53:47 UTC,2026-05-23 13:58:55 UTC,2026-05-23 13:53:59 UTC,1,1,1,2,2,NA,3,3,3,3,4,NA,option_2,option_2,option_2,option_2,option_1,9,radikale,1,2,3,2,midtjylland,gymnasial,2006,Kvinde,1462,2026-05-23 13:54:48 UTC,2026-05-23 13:54:41 UTC,2026-05-23 13:54:30 UTC,2026-05-23 13:54:17 UTC,2026-05-23 13:54:09 UTC,2026-05-23 13:54:06 UTC,2026-05-23 13:54:02 UTC,NA,2026-05-23 13:57:03 UTC,2026-05-23 13:56:43 UTC,2026-05-23 13:56:18 UTC,2026-05-23 13:55:47 UTC,2026-05-23 13:55:29 UTC,2026-05-23 13:55:02 UTC,2026-05-23 13:54:54 UTC,2026-05-23 13:58:14 UTC,2026-05-23 13:58:13 UTC,2026-05-23 13:58:12 UTC,2026-05-23 13:58:08 UTC,NA,2026-05-23 13:57:52 UTC,2026-05-23 13:57:40 UTC,2026-05-23 13:57:35 UTC,2026-05-23 13:57:31 UTC,2026-05-23 13:57:23 UTC,2026-05-23 13:57:04 UTC,2026-05-23 13:56:44 UTC,2026-05-23 13:56:20 UTC,2026-05-23 13:55:55 UTC,2026-05-23 13:55:30 UTC,2026-05-23 13:55:06 UTC,2026-05-23 13:55:02 UTC,2026-05-23 13:54:48 UTC,2026-05-23 13:54:10 UTC,2026-05-23 13:53:54 UTC,2026-05-23 13:53:47 UTC,2026-05-23 13:58:16 UTC,2026-05-23 13:58:28 UTC,2026-05-23 13:57:54 UTC,2026-05-23 13:57:07 UTC,end_normal
3ed24c86caa2aa6da6643587539d2df0,2026-05-12 13:20:29 UTC,2026-05-12 13:24:07 UTC,2026-05-12 13:20:47 UTC,NA,NA,NA,NA,NA,NA,NA,NA,NA,NA,NA,NA,NA,NA,NA,NA,option_2,6,moderaterne,1,2,3,2,midtjylland,gymnasial,2006,Kvinde,1986,2026-05-12 13:22:03 UTC,2026-05-12 13:21:53 UTC,2026-05-12 13:21:41 UTC,2026-05-12 13:21:26 UTC,2026-05-12 13:21:02 UTC,2026-05-12 13:20:58 UTC,2026-05-12 13:20:51 UTC,NA,NA,NA,NA,NA,2026-05-12 13:23:13 UTC,2026-05-12 13:22:23 UTC,2026-05-12 13:22:14 UTC,NA,NA,NA,NA,NA,NA,NA,NA,NA,NA,NA,NA,NA,NA,2026-05-12 13:23:14 UTC,2026-05-12 13:22:30 UTC,2026-05-12 13:22:25 UTC,2026-05-12 13:22:04 UTC,2026-05-12 13:21:09 UTC,2026-05-12 13:20:41 UTC,2026-05-12 13:20:29 UTC,NA,NA,NA,NA,cbc_q2_page
3edc772ab3892f04b107ac9c0e8b51df,2026-05-17 13:36:34 UTC,2026-05-17 13:58:45 UTC,2026-05-17 13:36:48 UTC,2,2,3,3,3,NA,2,4,3,3,4,NA,option_2,option_2,option_2,option_2,option_2,8,socialdemokratiet,NA,3,3,2,midtjylland,kort_videre,1969,Kvinde,934,NA,2026-05-17 13:37:33 UTC,2026-05-17 13:37:25 UTC,2026-05-17 13:37:19 UTC,2026-05-17 13:37:06 UTC,2026-05-17 13:36:57 UTC,2026-05-17 13:36:54 UTC,NA,2026-05-17 13:39:52 UTC,2026-05-17 13:39:29 UTC,2026-05-17 13:38:58 UTC,2026-05-17 13:38:42 UTC,2026-05-17 13:38:18 UTC,2026-05-17 13:37:46 UTC,2026-05-17 13:37:40 UTC,2026-05-17 13:41:43 UTC,2026-05-17 13:41:40 UTC,2026-05-17 13:41:27 UTC,2026-05-17 13:41:16 UTC,NA,2026-05-17 13:40:57 UTC,2026-05-17 13:40:52 UTC,2026-05-17 13:40:43 UTC,2026-05-17 13:40:49 UTC,2026-05-17 13:40:33 UTC,2026-05-17 13:39:52 UTC,2026-05-17 13:39:30 UTC,2026-05-17 13:38:59 UTC,2026-05-17 13:38:44 UTC,2026-05-17 13:38:26 UTC,2026-05-17 13:37:59 UTC,2026-05-17 13:37:47 UTC,2026-05-17 13:37:34 UTC,2026-05-17 13:37:07 UTC,2026-05-17 13:36:44 UTC,2026-05-17 13:36:34 UTC,2026-05-17 13:41:46 UTC,2026-05-17 13:41:49 UTC,2026-05-17 13:40:59 UTC,2026-05-17 13:40:01 UTC,end_normal
3f15d8e28eb325dca0372f6e387fcc69,2026-06-19 20:15:26 UTC,2026-06-19 20:26:21 UTC,2026-06-19 20:15:52 UTC,NA,NA,NA,NA,NA,NA,1,3,2,2,2,NA,option_1,option_2,option_2,option_1,option_1,7,sf,3,2,NA,3,syddanmark,mellemlang_videre,1954,Kvinde,1169,2026-06-19 20:17:37 UTC,2026-06-19 20:16:55 UTC,NA,2026-06-19 20:16:44 UTC,2026-06-19 20:16:28 UTC,2026-06-19 20:16:25 UTC,2026-06-19 20:16:13 UTC,NA,2026-06-19 20:23:45 UTC,2026-06-19 20:23:17 UTC,2026-06-19 20:21:16 UTC,2026-06-19 20:20:51 UTC,2026-06-19 20:19:59 UTC,2026-06-19 20:17:56 UTC,2026-06-19 20:17:45 UTC,NA,NA,NA,NA,NA,2026-06-19 20:24:52 UTC,2026-06-19 20:25:02 UTC,2026-06-19 20:24:42 UTC,2026-06-19 20:24:36 UTC,2026-06-19 20:24:31 UTC,2026-06-19 20:23:47 UTC,2026-06-19 20:23:19 UTC,2026-06-19 20:21:17 UTC,2026-06-19 20:20:55 UTC,2026-06-19 20:20:02 UTC,2026-06-19 20:18:14 UTC,2026-06-19 20:18:01 UTC,2026-06-19 20:17:38 UTC,2026-06-19 20:16:28 UTC,2026-06-19 20:15:48 UTC,2026-06-19 20:15:26 UTC,NA,2026-06-19 20:25:59 UTC,2026-06-19 20:25:03 UTC,2026-06-19 20:23:57 UTC,end_normal
3f43512d99c4f3bd27bce019bf879f06,2026-05-13 08:56:24 UTC,2026-05-13 09:11:13 UTC,2026-05-13 08:56:35 UTC,NA,NA,NA,NA,NA,NA,4,5,3,3,5,NA,option_1,option_2,option_1,option_1,option_2,3,enhedslisten,NA,3,3,2,hovedstaden,kort_videre,1973,Kvinde,922,NA,2026-05-13 08:57:28 UTC,2026-05-13 08:57:18 UTC,2026-05-13 08:57:07 UTC,2026-05-13 08:56:55 UTC,2026-05-13 08:56:49 UTC,2026-05-13 08:56:42 UTC,NA,2026-05-13 08:59:55 UTC,2026-05-13 08:59:33 UTC,2026-05-13 08:59:17 UTC,2026-05-13 08:58:45 UTC,2026-05-13 08:58:19 UTC,2026-05-13 08:57:44 UTC,2026-05-13 08:57:37 UTC,NA,NA,NA,NA,NA,2026-05-13 09:06:40 UTC,2026-05-13 09:06:38 UTC,2026-05-13 09:05:56 UTC,2026-05-13 09:05:51 UTC,2026-05-13 09:05:44 UTC,2026-05-13 08:59:56 UTC,2026-05-13 08:59:35 UTC,2026-05-13 08:59:18 UTC,2026-05-13 08:58:46 UTC,2026-05-13 08:58:19 UTC,2026-05-13 08:57:50 UTC,2026-05-13 08:57:46 UTC,2026-05-13 08:57:29 UTC,2026-05-13 08:56:56 UTC,2026-05-13 08:56:31 UTC,2026-05-13 08:56:24 UTC,NA,NA,2026-05-13 09:06:41 UTC,2026-05-13 09:00:01 UTC,single_profile_2
3f49cfe2540c0a4474d1b966da7be7b4,2026-05-14 06:24:57 UTC,2026-05-14 06:28:56 UTC,2026-05-14 06:25:13 UTC,NA,NA,NA,NA,NA,NA,NA,NA,NA,NA,NA,NA,NA,NA,NA,NA,NA,NA,NA,NA,NA,NA,NA,hovedstaden,lang_videre,1995,Kvinde,1009,NA,NA,NA,NA,2026-05-14 06:25:28 UTC,2026-05-14 06:25:24 UTC,2026-05-14 06:25:17 UTC,NA,NA,NA,NA,NA,NA,NA,NA,NA,NA,NA,NA,NA,NA,NA,NA,NA,NA,NA,NA,NA,NA,NA,NA,NA,NA,2026-05-14 06:25:29 UTC,2026-05-14 06:25:07 UTC,2026-05-14 06:24:57 UTC,NA,NA,NA,NA,issue_positions
3fa4ddd4316ca1806cb511b1fd4aba23,2026-05-13 15:26:06 UTC,2026-05-13 15:30:20 UTC,2026-05-13 15:26:23 UTC,3,3,3,3,3,NA,3,3,3,3,3,NA,option_1,option_1,option_1,option_1,option_2,4,venstre,NA,3,NA,1,hovedstaden,erhvervsuddannelse,1973,Kvinde,1189,NA,2026-05-13 15:26:58 UTC,NA,2026-05-13 15:26:46 UTC,2026-05-13 15:26:35 UTC,2026-05-13 15:26:32 UTC,2026-05-13 15:26:29 UTC,NA,2026-05-13 15:29:03 UTC,2026-05-13 15:28:41 UTC,2026-05-13 15:28:33 UTC,2026-05-13 15:28:15 UTC,2026-05-13 15:27:59 UTC,2026-05-13 15:27:17 UTC,2026-05-13 15:27:09 UTC,2026-05-13 15:29:49 UTC,2026-05-13 15:29:46 UTC,2026-05-13 15:29:48 UTC,2026-05-13 15:29:45 UTC,NA,2026-05-13 15:29:34 UTC,2026-05-13 15:29:35 UTC,2026-05-13 15:29:36 UTC,2026-05-13 15:29:32 UTC,2026-05-13 15:29:32 UTC,2026-05-13 15:29:04 UTC,2026-05-13 15:28:47 UTC,2026-05-13 15:28:34 UTC,2026-05-13 15:28:16 UTC,2026-05-13 15:28:05 UTC,2026-05-13 15:27:34 UTC,2026-05-13 15:27:18 UTC,2026-05-13 15:26:58 UTC,2026-05-13 15:26:36 UTC,2026-05-13 15:26:20 UTC,2026-05-13 15:26:06 UTC,2026-05-13 15:29:48 UTC,2026-05-13 15:29:54 UTC,2026-05-13 15:29:38 UTC,2026-05-13 15:29:13 UTC,end_normal
3fc6bf3fffdfd16df6732191d8f353f4,2026-05-12 17:23:34 UTC,2026-05-12 17:28:43 UTC,2026-05-12 17:23:48 UTC,3,4,3,3,3,NA,1,2,2,1,1,NA,option_1,option_2,option_2,option_2,option_2,5,alternativet,3,2,3,2,midtjylland,mellemlang_videre,1999,Kvinde,289,2026-05-12 17:24:35 UTC,2026-05-12 17:24:31 UTC,2026-05-12 17:24:18 UTC,2026-05-12 17:24:11 UTC,2026-05-12 17:24:01 UTC,2026-05-12 17:23:57 UTC,2026-05-12 17:23:53 UTC,NA,2026-05-12 17:27:10 UTC,2026-05-12 17:26:51 UTC,2026-05-12 17:26:15 UTC,2026-05-12 17:25:52 UTC,2026-05-12 17:25:19 UTC,2026-05-12 17:24:49 UTC,2026-05-12 17:24:44 UTC,2026-05-12 17:28:17 UTC,2026-05-12 17:28:12 UTC,2026-05-12 17:28:08 UTC,2026-05-12 17:28:05 UTC,NA,2026-05-12 17:27:51 UTC,2026-05-12 17:27:48 UTC,2026-05-12 17:27:40 UTC,2026-05-12 17:27:36 UTC,2026-05-12 17:27:32 UTC,2026-05-12 17:27:11 UTC,2026-05-12 17:26:52 UTC,2026-05-12 17:26:16 UTC,2026-05-12 17:25:53 UTC,2026-05-12 17:25:21 UTC,2026-05-12 17:24:59 UTC,2026-05-12 17:24:50 UTC,2026-05-12 17:24:37 UTC,2026-05-12 17:24:03 UTC,2026-05-12 17:23:43 UTC,2026-05-12 17:23:34 UTC,2026-05-12 17:28:21 UTC,2026-05-12 17:28:22 UTC,2026-05-12 17:27:52 UTC,2026-05-12 17:27:17 UTC,end_normal
401bf6b464dc0df024856f453e18271f,2026-05-13 15:08:50 UTC,2026-05-13 15:14:06 UTC,2026-05-13 15:09:04 UTC,1,2,2,2,2,NA,1,2,2,2,2,NA,NA,option_2,option_2,option_2,option_1,8,socialdemokratiet,3,2,NA,1,sjaelland,mellemlang_videre,1971,Kvinde,1546,2026-05-13 15:10:01 UTC,2026-05-13 15:09:44 UTC,NA,2026-05-13 15:09:31 UTC,2026-05-13 15:09:20 UTC,2026-05-13 15:09:16 UTC,2026-05-13 15:09:10 UTC,NA,NA,2026-05-13 15:12:09 UTC,2026-05-13 15:11:50 UTC,2026-05-13 15:11:26 UTC,2026-05-13 15:11:01 UTC,2026-05-13 15:10:15 UTC,2026-05-13 15:10:08 UTC,2026-05-13 15:13:42 UTC,2026-05-13 15:13:41 UTC,2026-05-13 15:13:39 UTC,2026-05-13 15:13:39 UTC,NA,2026-05-13 15:13:18 UTC,2026-05-13 15:13:16 UTC,2026-05-13 15:13:13 UTC,2026-05-13 15:13:11 UTC,2026-05-13 15:13:04 UTC,2026-05-13 15:12:35 UTC,2026-05-13 15:12:13 UTC,2026-05-13 15:11:56 UTC,2026-05-13 15:11:31 UTC,2026-05-13 15:11:04 UTC,2026-05-13 15:10:28 UTC,2026-05-13 15:10:25 UTC,2026-05-13 15:10:03 UTC,2026-05-13 15:09:23 UTC,2026-05-13 15:09:01 UTC,2026-05-13 15:08:50 UTC,2026-05-13 15:13:43 UTC,2026-05-13 15:13:46 UTC,2026-05-13 15:13:21 UTC,2026-05-13 15:12:41 UTC,end_normal
401d3ff16afbd7fe8cc3b5759ae41625,2026-06-20 04:03:34 UTC,2026-06-20 04:10:18 UTC,2026-06-20 04:03:54 UTC,4,3,3,3,3,NA,4,5,3,3,3,NA,option_2,option_2,option_2,option_1,option_2,2,dansk_folkeparti,NA,3,NA,1,midtjylland,mellemlang_videre,1966,Kvinde,1720,NA,2026-06-20 04:04:33 UTC,NA,2026-06-20 04:04:23 UTC,2026-06-20 04:04:11 UTC,2026-06-20 04:04:07 UTC,2026-06-20 04:04:03 UTC,NA,2026-06-20 04:07:58 UTC,2026-06-20 04:07:22 UTC,2026-06-20 04:07:03 UTC,2026-06-20 04:06:42 UTC,2026-06-20 04:06:22 UTC,2026-06-20 04:04:59 UTC,2026-06-20 04:04:47 UTC,2026-06-20 04:09:38 UTC,2026-06-20 04:09:37 UTC,2026-06-20 04:09:36 UTC,2026-06-20 04:09:34 UTC,NA,2026-06-20 04:09:18 UTC,2026-06-20 04:09:00 UTC,2026-06-20 04:08:46 UTC,2026-06-20 04:08:44 UTC,2026-06-20 04:08:39 UTC,2026-06-20 04:08:02 UTC,2026-06-20 04:07:25 UTC,2026-06-20 04:07:09 UTC,2026-06-20 04:06:45 UTC,2026-06-20 04:06:23 UTC,2026-06-20 04:05:22 UTC,2026-06-20 04:05:16 UTC,2026-06-20 04:04:35 UTC,2026-06-20 04:04:13 UTC,2026-06-20 04:03:49 UTC,2026-06-20 04:03:34 UTC,2026-06-20 04:09:51 UTC,2026-06-20 04:09:52 UTC,2026-06-20 04:09:19 UTC,2026-06-20 04:08:11 UTC,end_normal
402e360073f999d80338ba930aaba121,2026-06-19 19:46:31 UTC,2026-06-19 19:52:17 UTC,2026-06-19 19:46:46 UTC,4,4,4,3,2,NA,1,2,2,2,2,NA,option_1,option_2,option_2,option_2,option_2,10,socialdemokratiet,3,2,3,2,midtjylland,mellemlang_videre,1973,Kvinde,1924,2026-06-19 19:47:37 UTC,2026-06-19 19:47:30 UTC,2026-06-19 19:47:22 UTC,2026-06-19 19:47:11 UTC,2026-06-19 19:47:00 UTC,2026-06-19 19:46:57 UTC,2026-06-19 19:46:52 UTC,NA,2026-06-19 19:50:17 UTC,2026-06-19 19:49:44 UTC,2026-06-19 19:49:09 UTC,2026-06-19 19:48:46 UTC,2026-06-19 19:48:21 UTC,2026-06-19 19:47:50 UTC,2026-06-19 19:47:44 UTC,2026-06-19 19:51:41 UTC,2026-06-19 19:51:35 UTC,2026-06-19 19:51:27 UTC,2026-06-19 19:51:29 UTC,NA,2026-06-19 19:51:07 UTC,2026-06-19 19:51:02 UTC,2026-06-19 19:50:59 UTC,2026-06-19 19:50:55 UTC,2026-06-19 19:50:45 UTC,2026-06-19 19:50:19 UTC,2026-06-19 19:49:47 UTC,2026-06-19 19:49:10 UTC,2026-06-19 19:48:51 UTC,2026-06-19 19:48:26 UTC,2026-06-19 19:47:58 UTC,2026-06-19 19:47:50 UTC,2026-06-19 19:47:38 UTC,2026-06-19 19:47:01 UTC,NA,2026-06-19 19:46:31 UTC,2026-06-19 19:51:44 UTC,2026-06-19 19:51:46 UTC,NA,2026-06-19 19:50:29 UTC,end_normal
405192fb5ba61fd6db739b1e19265cfa,2026-05-17 20:01:59 UTC,2026-05-17 20:06:07 UTC,2026-05-17 20:02:24 UTC,NA,NA,NA,NA,NA,NA,NA,NA,NA,NA,NA,NA,NA,NA,NA,NA,NA,6,socialdemokratiet,3,2,NA,1,midtjylland,kort_videre,1960,Kvinde,1694,2026-05-17 20:05:03 UTC,2026-05-17 20:03:48 UTC,NA,2026-05-17 20:03:32 UTC,2026-05-17 20:03:13 UTC,2026-05-17 20:03:03 UTC,2026-05-17 20:02:32 UTC,NA,NA,NA,NA,NA,NA,2026-05-17 20:05:24 UTC,2026-05-17 20:05:10 UTC,NA,NA,NA,NA,NA,NA,NA,NA,NA,NA,NA,NA,NA,NA,NA,NA,2026-05-17 20:05:27 UTC,2026-05-17 20:05:05 UTC,2026-05-17 20:03:15 UTC,2026-05-17 20:02:21 UTC,2026-05-17 20:01:59 UTC,NA,NA,NA,NA,cbc_intro
4052acfd54e0ae465e9baffef68fcb81,2026-05-20 05:49:02 UTC,2026-05-20 05:58:26 UTC,2026-05-20 05:49:34 UTC,3,3,3,2,2,NA,3,4,3,4,5,NA,option_2,option_2,option_2,option_2,option_2,8,radikale,3,2,3,2,hovedstaden,lang_videre,1958,Kvinde,1807,2026-05-20 05:51:12 UTC,2026-05-20 05:50:56 UTC,2026-05-20 05:50:41 UTC,2026-05-20 05:50:29 UTC,2026-05-20 05:49:53 UTC,2026-05-20 05:49:49 UTC,2026-05-20 05:49:43 UTC,NA,2026-05-20 05:55:44 UTC,2026-05-20 05:55:12 UTC,2026-05-20 05:54:23 UTC,2026-05-20 05:53:38 UTC,2026-05-20 05:52:54 UTC,2026-05-20 05:51:28 UTC,2026-05-20 05:51:21 UTC,2026-05-20 05:57:53 UTC,2026-05-20 05:57:47 UTC,2026-05-20 05:57:36 UTC,2026-05-20 05:57:26 UTC,NA,2026-05-20 05:57:06 UTC,2026-05-20 05:56:53 UTC,2026-05-20 05:56:44 UTC,2026-05-20 05:56:41 UTC,2026-05-20 05:56:28 UTC,2026-05-20 05:55:48 UTC,2026-05-20 05:55:21 UTC,2026-05-20 05:54:23 UTC,2026-05-20 05:53:39 UTC,2026-05-20 05:52:56 UTC,2026-05-20 05:51:42 UTC,2026-05-20 05:51:29 UTC,2026-05-20 05:51:14 UTC,2026-05-20 05:49:54 UTC,2026-05-20 05:49:31 UTC,2026-05-20 05:49:02 UTC,2026-05-20 05:58:03 UTC,2026-05-20 05:58:06 UTC,2026-05-20 05:57:07 UTC,2026-05-20 05:56:04 UTC,end_normal
405a633511a006013c2f6a30d21a0527,2026-05-17 20:59:45 UTC,2026-05-17 21:08:08 UTC,2026-05-17 20:59:56 UTC,2,3,3,3,3,NA,3,2,2,2,3,NA,option_1,option_2,option_1,option_2,option_2,5,dansk_folkeparti,1,2,NA,1,sjaelland,grundskole,2005,Mand,751,2026-05-17 21:01:22 UTC,2026-05-17 21:00:47 UTC,NA,2026-05-17 21:00:24 UTC,2026-05-17 21:00:13 UTC,2026-05-17 21:00:04 UTC,2026-05-17 21:00:00 UTC,NA,2026-05-17 21:05:30 UTC,2026-05-17 21:04:55 UTC,2026-05-17 21:04:23 UTC,2026-05-17 21:03:37 UTC,2026-05-17 21:02:29 UTC,2026-05-17 21:01:47 UTC,2026-05-17 21:01:31 UTC,2026-05-17 21:07:10 UTC,2026-05-17 21:07:09 UTC,2026-05-17 21:06:59 UTC,2026-05-17 21:06:57 UTC,NA,2026-05-17 21:06:33 UTC,2026-05-17 21:06:30 UTC,2026-05-17 21:06:25 UTC,2026-05-17 21:06:21 UTC,2026-05-17 21:06:12 UTC,2026-05-17 21:05:31 UTC,2026-05-17 21:04:55 UTC,2026-05-17 21:04:23 UTC,2026-05-17 21:03:38 UTC,2026-05-17 21:02:30 UTC,2026-05-17 21:01:51 UTC,2026-05-17 21:01:47 UTC,2026-05-17 21:01:23 UTC,2026-05-17 21:00:14 UTC,2026-05-17 20:59:52 UTC,2026-05-17 20:59:45 UTC,2026-05-17 21:07:16 UTC,2026-05-17 21:07:16 UTC,2026-05-17 21:06:36 UTC,2026-05-17 21:05:34 UTC,end_normal
405d766bb4cc5d0b467f388a5e0dd213,2026-05-17 19:00:09 UTC,2026-05-17 19:07:36 UTC,2026-05-17 19:00:28 UTC,3,3,3,3,3,NA,3,3,5,5,3,NA,option_2,option_1,option_1,option_2,option_2,8,sf,NA,3,NA,3,sjaelland,mellemlang_videre,1955,Kvinde,425,NA,2026-05-17 19:01:19 UTC,NA,2026-05-17 19:01:08 UTC,2026-05-17 19:00:53 UTC,2026-05-17 19:00:48 UTC,2026-05-17 19:00:38 UTC,NA,2026-05-17 19:04:37 UTC,2026-05-17 19:04:14 UTC,2026-05-17 19:03:48 UTC,2026-05-17 19:03:27 UTC,2026-05-17 19:02:33 UTC,2026-05-17 19:01:38 UTC,2026-05-17 19:01:29 UTC,2026-05-17 19:06:20 UTC,2026-05-17 19:06:10 UTC,2026-05-17 19:06:02 UTC,2026-05-17 19:06:01 UTC,NA,2026-05-17 19:05:38 UTC,2026-05-17 19:05:31 UTC,2026-05-17 19:05:24 UTC,2026-05-17 19:05:21 UTC,2026-05-17 19:05:08 UTC,2026-05-17 19:04:38 UTC,2026-05-17 19:04:15 UTC,2026-05-17 19:03:49 UTC,2026-05-17 19:03:27 UTC,2026-05-17 19:02:33 UTC,2026-05-17 19:01:55 UTC,2026-05-17 19:01:39 UTC,2026-05-17 19:01:20 UTC,2026-05-17 19:00:54 UTC,2026-05-17 19:00:23 UTC,2026-05-17 19:00:09 UTC,2026-05-17 19:06:20 UTC,2026-05-17 19:06:21 UTC,2026-05-17 19:05:39 UTC,2026-05-17 19:04:47 UTC,end_normal
4066df98e7b07a45332b6847e4c3c68f,2026-05-13 06:43:05 UTC,2026-05-13 06:47:39 UTC,2026-05-13 06:43:17 UTC,4,4,4,4,4,NA,2,2,2,2,2,NA,option_2,option_2,option_1,option_1,option_1,8,socialdemokratiet,3,2,3,2,midtjylland,mellemlang_videre,1974,Kvinde,1226,2026-05-13 06:44:08 UTC,2026-05-13 06:44:04 UTC,2026-05-13 06:43:50 UTC,2026-05-13 06:43:45 UTC,2026-05-13 06:43:30 UTC,2026-05-13 06:43:26 UTC,2026-05-13 06:43:23 UTC,NA,2026-05-13 06:46:10 UTC,2026-05-13 06:45:47 UTC,2026-05-13 06:45:24 UTC,2026-05-13 06:45:05 UTC,2026-05-13 06:44:42 UTC,2026-05-13 06:44:22 UTC,2026-05-13 06:44:14 UTC,2026-05-13 06:47:13 UTC,2026-05-13 06:47:12 UTC,2026-05-13 06:47:12 UTC,2026-05-13 06:47:11 UTC,NA,2026-05-13 06:46:52 UTC,2026-05-13 06:46:48 UTC,2026-05-13 06:46:45 UTC,2026-05-13 06:46:37 UTC,2026-05-13 06:46:32 UTC,2026-05-13 06:46:12 UTC,2026-05-13 06:45:48 UTC,2026-05-13 06:45:24 UTC,2026-05-13 06:45:12 UTC,2026-05-13 06:44:42 UTC,2026-05-13 06:44:26 UTC,2026-05-13 06:44:22 UTC,2026-05-13 06:44:08 UTC,2026-05-13 06:43:31 UTC,2026-05-13 06:43:13 UTC,2026-05-13 06:43:05 UTC,2026-05-13 06:47:14 UTC,2026-05-13 06:47:15 UTC,2026-05-13 06:46:53 UTC,2026-05-13 06:46:16 UTC,end_normal
409fc41821cd0c80eda2d0d95492282d,2026-05-19 16:10:01 UTC,2026-05-19 16:15:13 UTC,2026-05-19 16:10:16 UTC,2,3,2,2,3,NA,1,1,1,2,1,NA,option_1,option_1,option_2,option_2,option_1,8,alternativet,3,2,NA,3,hovedstaden,lang_videre,1974,Kvinde,1743,2026-05-19 16:11:12 UTC,2026-05-19 16:10:59 UTC,NA,2026-05-19 16:10:47 UTC,2026-05-19 16:10:32 UTC,2026-05-19 16:10:28 UTC,2026-05-19 16:10:22 UTC,NA,2026-05-19 16:13:46 UTC,2026-05-19 16:13:27 UTC,2026-05-19 16:13:04 UTC,2026-05-19 16:12:47 UTC,2026-05-19 16:12:04 UTC,2026-05-19 16:11:29 UTC,2026-05-19 16:11:21 UTC,2026-05-19 16:14:38 UTC,2026-05-19 16:14:40 UTC,2026-05-19 16:14:37 UTC,2026-05-19 16:14:37 UTC,NA,2026-05-19 16:14:19 UTC,2026-05-19 16:14:17 UTC,2026-05-19 16:14:13 UTC,2026-05-19 16:14:11 UTC,2026-05-19 16:14:07 UTC,2026-05-19 16:13:50 UTC,2026-05-19 16:13:30 UTC,2026-05-19 16:13:06 UTC,2026-05-19 16:12:49 UTC,2026-05-19 16:12:30 UTC,2026-05-19 16:11:37 UTC,2026-05-19 16:11:31 UTC,2026-05-19 16:11:15 UTC,2026-05-19 16:10:33 UTC,2026-05-19 16:10:12 UTC,2026-05-19 16:10:01 UTC,2026-05-19 16:14:44 UTC,2026-05-19 16:14:47 UTC,2026-05-19 16:14:22 UTC,2026-05-19 16:13:53 UTC,end_normal
40acc5827716049925b77cb7ce0b2905,2026-05-17 17:59:41 UTC,2026-05-17 18:02:01 UTC,2026-05-17 17:59:53 UTC,NA,NA,NA,NA,NA,NA,NA,NA,NA,NA,NA,NA,NA,NA,NA,NA,NA,2,socialdemokratiet,NA,1,NA,1,nordjylland,erhvervsuddannelse,1974,Mand,459,NA,2026-05-17 18:00:46 UTC,NA,2026-05-17 18:00:32 UTC,2026-05-17 18:00:22 UTC,2026-05-17 18:00:08 UTC,2026-05-17 18:00:03 UTC,NA,NA,NA,NA,NA,NA,2026-05-17 18:01:01 UTC,2026-05-17 18:00:56 UTC,NA,NA,NA,NA,NA,NA,NA,NA,NA,NA,NA,NA,NA,NA,NA,2026-05-17 18:01:11 UTC,2026-05-17 18:01:03 UTC,2026-05-17 18:00:47 UTC,2026-05-17 18:00:24 UTC,2026-05-17 17:59:49 UTC,2026-05-17 17:59:41 UTC,NA,NA,NA,NA,cbc_q1_page
40c95809185b1869b07ae446a7f750f4,2026-05-23 18:18:26 UTC,2026-05-23 18:21:59 UTC,2026-05-23 18:18:37 UTC,2,2,4,4,4,NA,2,2,3,2,2,NA,option_1,option_1,option_1,option_2,option_2,3,sf,3,2,3,2,sjaelland,lang_videre,1994,Kvinde,71,2026-05-23 18:19:08 UTC,2026-05-23 18:19:05 UTC,2026-05-23 18:18:56 UTC,2026-05-23 18:18:52 UTC,2026-05-23 18:18:45 UTC,2026-05-23 18:18:43 UTC,2026-05-23 18:18:42 UTC,NA,2026-05-23 18:20:44 UTC,2026-05-23 18:20:31 UTC,2026-05-23 18:20:18 UTC,2026-05-23 18:20:03 UTC,2026-05-23 18:19:45 UTC,2026-05-23 18:19:19 UTC,2026-05-23 18:19:14 UTC,2026-05-23 18:21:37 UTC,2026-05-23 18:21:34 UTC,2026-05-23 18:21:32 UTC,2026-05-23 18:21:31 UTC,NA,2026-05-23 18:21:22 UTC,2026-05-23 18:21:17 UTC,2026-05-23 18:21:14 UTC,2026-05-23 18:21:11 UTC,2026-05-23 18:21:07 UTC,2026-05-23 18:20:46 UTC,2026-05-23 18:20:31 UTC,2026-05-23 18:20:20 UTC,2026-05-23 18:20:09 UTC,2026-05-23 18:19:46 UTC,2026-05-23 18:19:23 UTC,2026-05-23 18:19:19 UTC,2026-05-23 18:19:09 UTC,2026-05-23 18:18:45 UTC,2026-05-23 18:18:33 UTC,2026-05-23 18:18:26 UTC,2026-05-23 18:21:39 UTC,2026-05-23 18:21:40 UTC,2026-05-23 18:21:23 UTC,2026-05-23 18:20:52 UTC,end_normal
40ea7abe91a8f906eb230e0223f3ba2a,2026-06-02 18:37:00 UTC,2026-06-02 18:44:27 UTC,2026-06-02 18:37:25 UTC,1,1,1,2,1,NA,1,1,1,1,1,NA,option_1,option_2,option_1,option_1,option_2,8,venstre,NA,1,1,2,nordjylland,anden,1951,Kvinde,662,NA,2026-06-02 18:39:24 UTC,2026-06-02 18:39:01 UTC,2026-06-02 18:38:27 UTC,2026-06-02 18:38:16 UTC,2026-06-02 18:38:09 UTC,2026-06-02 18:37:43 UTC,NA,2026-06-02 18:42:33 UTC,2026-06-02 18:41:49 UTC,2026-06-02 18:41:24 UTC,2026-06-02 18:40:55 UTC,2026-06-02 18:40:25 UTC,2026-06-02 18:39:42 UTC,2026-06-02 18:39:35 UTC,2026-06-02 18:43:53 UTC,2026-06-02 18:43:50 UTC,2026-06-02 18:43:44 UTC,2026-06-02 18:43:40 UTC,NA,2026-06-02 18:43:21 UTC,2026-06-02 18:43:19 UTC,2026-06-02 18:43:15 UTC,2026-06-02 18:43:11 UTC,2026-06-02 18:43:09 UTC,2026-06-02 18:42:33 UTC,2026-06-02 18:41:54 UTC,2026-06-02 18:41:27 UTC,2026-06-02 18:40:56 UTC,2026-06-02 18:40:29 UTC,2026-06-02 18:39:53 UTC,2026-06-02 18:39:43 UTC,2026-06-02 18:39:26 UTC,2026-06-02 18:38:16 UTC,2026-06-02 18:37:22 UTC,2026-06-02 18:37:00 UTC,2026-06-02 18:43:55 UTC,2026-06-02 18:44:02 UTC,2026-06-02 18:43:22 UTC,2026-06-02 18:42:40 UTC,end_normal
413ef541910b57a9e69109c311f37bff,2026-06-19 20:41:14 UTC,2026-06-19 20:46:40 UTC,2026-06-19 20:41:25 UTC,4,1,1,2,2,NA,4,1,2,2,2,NA,option_2,option_1,option_1,option_1,option_2,2,liberal_alliance,NA,1,1,2,syddanmark,kort_videre,1993,Mand,550,NA,2026-06-19 20:42:14 UTC,2026-06-19 20:42:02 UTC,2026-06-19 20:41:51 UTC,2026-06-19 20:41:42 UTC,2026-06-19 20:41:38 UTC,2026-06-19 20:41:33 UTC,NA,2026-06-19 20:44:52 UTC,2026-06-19 20:44:33 UTC,2026-06-19 20:44:17 UTC,2026-06-19 20:43:47 UTC,2026-06-19 20:43:14 UTC,2026-06-19 20:42:28 UTC,2026-06-19 20:42:23 UTC,2026-06-19 20:46:00 UTC,2026-06-19 20:45:57 UTC,2026-06-19 20:45:50 UTC,2026-06-19 20:45:47 UTC,NA,2026-06-19 20:45:34 UTC,2026-06-19 20:45:30 UTC,2026-06-19 20:45:28 UTC,2026-06-19 20:45:26 UTC,2026-06-19 20:45:21 UTC,2026-06-19 20:44:52 UTC,NA,2026-06-19 20:44:17 UTC,2026-06-19 20:43:47 UTC,2026-06-19 20:43:14 UTC,2026-06-19 20:42:32 UTC,2026-06-19 20:42:29 UTC,2026-06-19 20:42:15 UTC,2026-06-19 20:41:42 UTC,2026-06-19 20:41:21 UTC,2026-06-19 20:41:14 UTC,2026-06-19 20:46:08 UTC,2026-06-19 20:46:09 UTC,2026-06-19 20:45:35 UTC,2026-06-19 20:45:00 UTC,end_normal
417a19dee1fa714a06c16a92cd70baf0,2026-05-23 10:20:02 UTC,2026-05-23 10:25:59 UTC,2026-05-23 10:20:17 UTC,NA,NA,NA,NA,NA,NA,NA,NA,NA,NA,NA,NA,option_2,option_1,option_2,option_2,option_1,8,socialdemokratiet,3,2,3,2,midtjylland,mellemlang_videre,1973,Kvinde,1424,2026-05-23 10:22:01 UTC,2026-05-23 10:21:52 UTC,2026-05-23 10:21:10 UTC,2026-05-23 10:20:59 UTC,2026-05-23 10:20:37 UTC,2026-05-23 10:20:31 UTC,2026-05-23 10:20:22 UTC,NA,2026-05-23 10:24:56 UTC,2026-05-23 10:24:27 UTC,2026-05-23 10:23:49 UTC,2026-05-23 10:23:13 UTC,2026-05-23 10:22:50 UTC,2026-05-23 10:22:15 UTC,2026-05-23 10:22:08 UTC,NA,NA,NA,NA,NA,NA,NA,NA,NA,NA,2026-05-23 10:24:56 UTC,2026-05-23 10:24:30 UTC,2026-05-23 10:23:56 UTC,2026-05-23 10:23:14 UTC,2026-05-23 10:22:54 UTC,2026-05-23 10:22:23 UTC,2026-05-23 10:22:18 UTC,2026-05-23 10:22:02 UTC,2026-05-23 10:20:38 UTC,2026-05-23 10:20:11 UTC,2026-05-23 10:20:02 UTC,NA,NA,NA,2026-05-23 10:25:01 UTC,single_profile_1
423b48a30b2976c8f96c8ad40360c641,2026-05-12 13:35:23 UTC,2026-05-12 13:36:38 UTC,2026-05-12 13:35:37 UTC,NA,NA,NA,NA,NA,NA,NA,NA,NA,NA,NA,NA,NA,NA,NA,NA,NA,NA,NA,NA,NA,NA,NA,midtjylland,lang_videre,1966,Kvinde,869,NA,NA,NA,NA,2026-05-12 13:35:54 UTC,2026-05-12 13:35:51 UTC,2026-05-12 13:35:45 UTC,NA,NA,NA,NA,NA,NA,NA,NA,NA,NA,NA,NA,NA,NA,NA,NA,NA,NA,NA,NA,NA,NA,NA,NA,NA,NA,2026-05-12 13:35:57 UTC,2026-05-12 13:35:34 UTC,2026-05-12 13:35:23 UTC,NA,NA,NA,NA,issue_positions
423e9fe6c1ce179c896d6d9ba9a901db,2026-05-16 18:29:18 UTC,2026-05-16 18:41:22 UTC,2026-05-16 18:29:56 UTC,1,3,3,3,2,NA,1,3,3,2,2,NA,option_1,option_1,option_1,option_1,option_2,6,socialdemokratiet,3,2,3,2,hovedstaden,anden,1950,Kvinde,82,2026-05-16 18:32:00 UTC,2026-05-16 18:31:55 UTC,2026-05-16 18:31:41 UTC,2026-05-16 18:31:30 UTC,2026-05-16 18:30:59 UTC,2026-05-16 18:31:07 UTC,2026-05-16 18:30:05 UTC,NA,2026-05-16 18:37:23 UTC,2026-05-16 18:36:36 UTC,2026-05-16 18:35:35 UTC,2026-05-16 18:34:55 UTC,2026-05-16 18:33:58 UTC,2026-05-16 18:32:33 UTC,2026-05-16 18:32:13 UTC,2026-05-16 18:40:16 UTC,2026-05-16 18:40:12 UTC,2026-05-16 18:40:09 UTC,2026-05-16 18:40:04 UTC,NA,2026-05-16 18:38:53 UTC,2026-05-16 18:38:57 UTC,2026-05-16 18:39:01 UTC,2026-05-16 18:39:06 UTC,2026-05-16 18:39:11 UTC,2026-05-16 18:37:26 UTC,2026-05-16 18:36:37 UTC,2026-05-16 18:35:37 UTC,2026-05-16 18:34:59 UTC,2026-05-16 18:33:59 UTC,2026-05-16 18:32:50 UTC,2026-05-16 18:32:36 UTC,2026-05-16 18:32:01 UTC,2026-05-16 18:31:09 UTC,2026-05-16 18:29:51 UTC,2026-05-16 18:29:18 UTC,2026-05-16 18:40:23 UTC,2026-05-16 18:40:30 UTC,2026-05-16 18:39:20 UTC,2026-05-16 18:37:46 UTC,end_normal
424f52ab7e0ff1aa9231e2db9ad4018c,2026-05-13 20:32:47 UTC,2026-05-13 20:39:07 UTC,2026-05-13 20:33:04 UTC,3,3,3,3,3,NA,3,3,3,3,3,NA,option_2,option_1,option_1,option_2,option_1,4,sf,1,2,NA,1,sjaelland,grundskole,1958,Kvinde,1424,2026-05-13 20:34:14 UTC,2026-05-13 20:33:56 UTC,NA,2026-05-13 20:33:48 UTC,2026-05-13 20:33:30 UTC,2026-05-13 20:33:25 UTC,2026-05-13 20:33:21 UTC,NA,2026-05-13 20:37:31 UTC,2026-05-13 20:36:42 UTC,2026-05-13 20:36:15 UTC,2026-05-13 20:35:44 UTC,2026-05-13 20:35:14 UTC,2026-05-13 20:34:29 UTC,2026-05-13 20:34:21 UTC,2026-05-13 20:38:30 UTC,2026-05-13 20:38:29 UTC,2026-05-13 20:38:29 UTC,2026-05-13 20:38:28 UTC,NA,2026-05-13 20:38:12 UTC,2026-05-13 20:38:12 UTC,2026-05-13 20:38:10 UTC,2026-05-13 20:38:10 UTC,2026-05-13 20:38:09 UTC,2026-05-13 20:37:34 UTC,2026-05-13 20:36:51 UTC,2026-05-13 20:36:16 UTC,2026-05-13 20:35:49 UTC,2026-05-13 20:35:16 UTC,2026-05-13 20:34:34 UTC,2026-05-13 20:34:30 UTC,2026-05-13 20:34:15 UTC,2026-05-13 20:33:31 UTC,2026-05-13 20:32:59 UTC,2026-05-13 20:32:47 UTC,2026-05-13 20:38:31 UTC,2026-05-13 20:38:32 UTC,2026-05-13 20:38:14 UTC,2026-05-13 20:37:44 UTC,end_normal
42517e553ae1fc0431f004b1cae89c1d,2026-06-21 09:39:12 UTC,2026-06-21 09:45:45 UTC,2026-06-21 09:39:31 UTC,3,3,3,3,3,NA,3,3,3,3,3,NA,option_1,option_2,option_1,option_1,option_2,8,sf,3,2,NA,3,sjaelland,mellemlang_videre,2001,Kvinde,1752,2026-06-21 09:40:54 UTC,2026-06-21 09:40:40 UTC,NA,2026-06-21 09:40:08 UTC,2026-06-21 09:39:45 UTC,2026-06-21 09:39:42 UTC,2026-06-21 09:39:34 UTC,NA,2026-06-21 09:44:15 UTC,2026-06-21 09:43:43 UTC,2026-06-21 09:43:23 UTC,2026-06-21 09:42:47 UTC,2026-06-21 09:42:22 UTC,2026-06-21 09:41:15 UTC,2026-06-21 09:41:02 UTC,2026-06-21 09:45:02 UTC,2026-06-21 09:45:02 UTC,2026-06-21 09:45:01 UTC,2026-06-21 09:45:01 UTC,NA,2026-06-21 09:44:48 UTC,2026-06-21 09:44:48 UTC,2026-06-21 09:44:47 UTC,2026-06-21 09:44:45 UTC,2026-06-21 09:44:43 UTC,2026-06-21 09:44:17 UTC,2026-06-21 09:43:44 UTC,2026-06-21 09:43:24 UTC,2026-06-21 09:42:55 UTC,2026-06-21 09:42:22 UTC,2026-06-21 09:41:35 UTC,2026-06-21 09:41:21 UTC,2026-06-21 09:40:54 UTC,2026-06-21 09:40:00 UTC,2026-06-21 09:39:27 UTC,2026-06-21 09:39:12 UTC,2026-06-21 09:45:03 UTC,2026-06-21 09:45:04 UTC,2026-06-21 09:44:50 UTC,2026-06-21 09:44:21 UTC,end_normal
428801fb86fdd8845d79c62b9ffdf2e4,2026-06-19 20:08:03 UTC,2026-06-19 20:35:48 UTC,2026-06-19 20:08:23 UTC,4,4,4,4,4,NA,2,1,5,5,4,NA,option_1,option_2,option_1,option_1,option_2,6,konservative,3,2,NA,1,syddanmark,mellemlang_videre,1972,Kvinde,977,2026-06-19 20:09:34 UTC,2026-06-19 20:09:18 UTC,NA,2026-06-19 20:09:00 UTC,2026-06-19 20:08:45 UTC,2026-06-19 20:08:32 UTC,2026-06-19 20:08:28 UTC,NA,2026-06-19 20:12:10 UTC,2026-06-19 20:11:54 UTC,2026-06-19 20:11:35 UTC,2026-06-19 20:11:18 UTC,2026-06-19 20:10:38 UTC,2026-06-19 20:09:43 UTC,2026-06-19 20:09:53 UTC,2026-06-19 20:16:55 UTC,2026-06-19 20:16:50 UTC,2026-06-19 20:16:38 UTC,2026-06-19 20:16:31 UTC,NA,2026-06-19 20:16:03 UTC,2026-06-19 20:15:46 UTC,2026-06-19 20:15:37 UTC,2026-06-19 20:15:33 UTC,2026-06-19 20:15:25 UTC,2026-06-19 20:12:12 UTC,2026-06-19 20:11:56 UTC,2026-06-19 20:11:38 UTC,2026-06-19 20:11:21 UTC,2026-06-19 20:10:47 UTC,2026-06-19 20:09:58 UTC,2026-06-19 20:09:55 UTC,2026-06-19 20:09:35 UTC,2026-06-19 20:08:45 UTC,2026-06-19 20:08:18 UTC,2026-06-19 20:08:03 UTC,2026-06-19 20:16:59 UTC,2026-06-19 20:17:00 UTC,2026-06-19 20:16:05 UTC,2026-06-19 20:14:29 UTC,end_normal
42f5ea2887400686ac26586f73ea05ff,2026-05-15 16:27:37 UTC,2026-05-15 16:35:59 UTC,2026-05-15 16:28:51 UTC,2,4,4,4,4,NA,1,2,3,4,2,NA,option_1,option_1,option_1,option_2,option_1,6,sf,NA,3,NA,1,nordjylland,lang_videre,1994,Kvinde,1888,NA,2026-05-15 16:29:28 UTC,NA,2026-05-15 16:29:16 UTC,2026-05-15 16:29:02 UTC,2026-05-15 16:29:00 UTC,2026-05-15 16:28:56 UTC,NA,2026-05-15 16:33:43 UTC,2026-05-15 16:32:48 UTC,2026-05-15 16:32:20 UTC,2026-05-15 16:31:05 UTC,2026-05-15 16:30:22 UTC,2026-05-15 16:29:44 UTC,2026-05-15 16:29:37 UTC,2026-05-15 16:35:31 UTC,2026-05-15 16:35:24 UTC,2026-05-15 16:35:18 UTC,2026-05-15 16:35:15 UTC,NA,2026-05-15 16:34:53 UTC,2026-05-15 16:34:42 UTC,2026-05-15 16:34:37 UTC,2026-05-15 16:34:20 UTC,2026-05-15 16:34:18 UTC,2026-05-15 16:33:45 UTC,2026-05-15 16:32:59 UTC,2026-05-15 16:32:21 UTC,2026-05-15 16:31:17 UTC,2026-05-15 16:30:35 UTC,2026-05-15 16:29:56 UTC,2026-05-15 16:29:45 UTC,2026-05-15 16:29:30 UTC,2026-05-15 16:29:03 UTC,2026-05-15 16:28:46 UTC,2026-05-15 16:27:37 UTC,2026-05-15 16:35:35 UTC,2026-05-15 16:35:38 UTC,2026-05-15 16:34:53 UTC,2026-05-15 16:33:55 UTC,end_normal
4349625c8f82dd9e4df77799a8f3162d,2026-05-23 10:19:35 UTC,2026-05-23 10:20:35 UTC,2026-05-23 10:19:55 UTC,NA,NA,NA,NA,NA,NA,NA,NA,NA,NA,NA,NA,NA,NA,NA,NA,NA,NA,NA,NA,NA,NA,NA,hovedstaden,mellemlang_videre,1958,Kvinde,1229,NA,NA,NA,NA,2026-05-23 10:20:14 UTC,2026-05-23 10:20:10 UTC,2026-05-23 10:20:06 UTC,NA,NA,NA,NA,NA,NA,NA,NA,NA,NA,NA,NA,NA,NA,NA,NA,NA,NA,NA,NA,NA,NA,NA,NA,NA,NA,2026-05-23 10:20:15 UTC,2026-05-23 10:19:53 UTC,2026-05-23 10:19:35 UTC,NA,NA,NA,NA,issue_positions
435b811a50ad4bc0ff1550e00635a206,2026-05-20 03:32:01 UTC,2026-05-20 03:42:06 UTC,2026-05-20 03:32:51 UTC,2,5,5,5,4,NA,5,5,3,5,5,NA,option_2,option_1,option_2,option_2,option_2,7,borgernes_parti,3,2,NA,1,sjaelland,mellemlang_videre,1978,Kvinde,541,2026-05-20 03:33:55 UTC,2026-05-20 03:33:34 UTC,NA,2026-05-20 03:33:21 UTC,2026-05-20 03:33:08 UTC,2026-05-20 03:33:04 UTC,2026-05-20 03:32:58 UTC,NA,2026-05-20 03:38:27 UTC,2026-05-20 03:37:29 UTC,2026-05-20 03:36:59 UTC,2026-05-20 03:35:47 UTC,2026-05-20 03:35:17 UTC,2026-05-20 03:34:20 UTC,2026-05-20 03:34:03 UTC,2026-05-20 03:40:58 UTC,2026-05-20 03:40:55 UTC,2026-05-20 03:40:43 UTC,2026-05-20 03:40:35 UTC,NA,2026-05-20 03:39:59 UTC,2026-05-20 03:39:52 UTC,2026-05-20 03:39:45 UTC,2026-05-20 03:39:29 UTC,2026-05-20 03:39:20 UTC,2026-05-20 03:38:29 UTC,2026-05-20 03:37:31 UTC,2026-05-20 03:37:01 UTC,2026-05-20 03:35:50 UTC,2026-05-20 03:35:22 UTC,2026-05-20 03:34:43 UTC,2026-05-20 03:34:27 UTC,2026-05-20 03:33:56 UTC,2026-05-20 03:33:09 UTC,2026-05-20 03:32:47 UTC,2026-05-20 03:32:01 UTC,2026-05-20 03:41:14 UTC,2026-05-20 03:41:15 UTC,2026-05-20 03:40:01 UTC,2026-05-20 03:38:41 UTC,end_normal
436be7f9bd179584eae978ca54c3eb84,2026-06-19 19:00:39 UTC,2026-06-19 19:02:01 UTC,2026-06-19 19:01:01 UTC,NA,NA,NA,NA,NA,NA,NA,NA,NA,NA,NA,NA,NA,NA,NA,NA,NA,NA,NA,NA,NA,NA,2,midtjylland,grundskole,2007,Kvinde,680,NA,NA,NA,2026-06-19 19:01:20 UTC,2026-06-19 19:01:10 UTC,2026-06-19 19:01:07 UTC,2026-06-19 19:01:05 UTC,NA,NA,NA,NA,NA,NA,NA,NA,NA,NA,NA,NA,NA,NA,NA,NA,NA,NA,NA,NA,NA,NA,NA,NA,NA,NA,2026-06-19 19:01:11 UTC,2026-06-19 19:00:57 UTC,2026-06-19 19:00:39 UTC,NA,NA,NA,NA,issue_positions
438e57cffe59265f9b30ca56112c020a,2026-05-17 17:41:36 UTC,2026-05-17 17:50:25 UTC,2026-05-17 17:42:03 UTC,1,4,2,4,4,NA,1,4,4,3,2,NA,option_2,option_2,option_1,option_2,option_1,9,radikale,NA,3,NA,3,midtjylland,grundskole,1955,Mand,124,NA,2026-05-17 17:43:02 UTC,NA,2026-05-17 17:42:53 UTC,2026-05-17 17:42:35 UTC,2026-05-17 17:42:29 UTC,2026-05-17 17:42:14 UTC,NA,2026-05-17 17:47:33 UTC,2026-05-17 17:46:48 UTC,2026-05-17 17:46:13 UTC,2026-05-17 17:45:13 UTC,2026-05-17 17:43:55 UTC,2026-05-17 17:43:23 UTC,2026-05-17 17:43:14 UTC,2026-05-17 17:49:32 UTC,2026-05-17 17:49:35 UTC,2026-05-17 17:49:16 UTC,2026-05-17 17:49:25 UTC,NA,2026-05-17 17:48:47 UTC,2026-05-17 17:48:40 UTC,2026-05-17 17:48:35 UTC,2026-05-17 17:48:33 UTC,2026-05-17 17:48:20 UTC,2026-05-17 17:47:33 UTC,2026-05-17 17:46:49 UTC,NA,2026-05-17 17:45:22 UTC,2026-05-17 17:44:03 UTC,2026-05-17 17:43:32 UTC,2026-05-17 17:43:26 UTC,2026-05-17 17:43:08 UTC,2026-05-17 17:42:38 UTC,2026-05-17 17:41:57 UTC,2026-05-17 17:41:36 UTC,2026-05-17 17:49:59 UTC,2026-05-17 17:50:01 UTC,2026-05-17 17:48:52 UTC,2026-05-17 17:47:48 UTC,end_normal
43b7fa1ee57e9fc49a6eb1639fbf7455,2026-06-20 11:01:31 UTC,2026-06-20 11:08:31 UTC,2026-06-20 11:01:44 UTC,3,3,3,3,4,NA,3,3,3,3,3,NA,option_2,option_2,option_1,option_1,option_2,8,radikale,3,2,NA,3,midtjylland,kort_videre,1957,Kvinde,83,2026-06-20 11:02:43 UTC,2026-06-20 11:02:21 UTC,NA,2026-06-20 11:02:12 UTC,2026-06-20 11:02:00 UTC,2026-06-20 11:01:56 UTC,2026-06-20 11:01:51 UTC,NA,2026-06-20 11:05:54 UTC,2026-06-20 11:05:44 UTC,2026-06-20 11:05:13 UTC,2026-06-20 11:04:31 UTC,2026-06-20 11:04:03 UTC,2026-06-20 11:02:52 UTC,2026-06-20 11:03:02 UTC,2026-06-20 11:07:44 UTC,2026-06-20 11:07:44 UTC,2026-06-20 11:07:43 UTC,2026-06-20 11:07:34 UTC,NA,2026-06-20 11:07:14 UTC,2026-06-20 11:07:11 UTC,2026-06-20 11:07:07 UTC,2026-06-20 11:06:43 UTC,2026-06-20 11:06:35 UTC,2026-06-20 11:05:54 UTC,2026-06-20 11:05:47 UTC,2026-06-20 11:05:16 UTC,2026-06-20 11:04:35 UTC,2026-06-20 11:04:04 UTC,2026-06-20 11:03:22 UTC,2026-06-20 11:03:08 UTC,2026-06-20 11:02:43 UTC,2026-06-20 11:02:01 UTC,2026-06-20 11:01:40 UTC,2026-06-20 11:01:31 UTC,2026-06-20 11:07:45 UTC,2026-06-20 11:07:45 UTC,2026-06-20 11:07:14 UTC,2026-06-20 11:06:07 UTC,end_normal
43c587e44370d4508c64e81488632d95,2026-06-19 18:31:33 UTC,2026-06-19 18:44:40 UTC,2026-06-19 18:31:57 UTC,NA,NA,NA,NA,NA,NA,NA,NA,NA,NA,NA,NA,NA,NA,NA,NA,option_2,6,venstre,NA,1,NA,1,sjaelland,lang_videre,1959,Mand,361,NA,2026-06-19 18:32:58 UTC,NA,2026-06-19 18:32:47 UTC,2026-06-19 18:32:32 UTC,2026-06-19 18:32:27 UTC,2026-06-19 18:32:19 UTC,NA,NA,NA,NA,NA,2026-06-19 18:33:56 UTC,2026-06-19 18:33:24 UTC,2026-06-19 18:33:18 UTC,NA,NA,NA,NA,NA,NA,NA,NA,NA,NA,NA,NA,NA,NA,2026-06-19 18:34:02 UTC,2026-06-19 18:33:35 UTC,2026-06-19 18:33:30 UTC,2026-06-19 18:32:59 UTC,2026-06-19 18:32:37 UTC,2026-06-19 18:31:53 UTC,2026-06-19 18:31:33 UTC,NA,NA,NA,NA,cbc_q2_page
441a664f9c8f6658b7a9349cce28b113,2026-06-02 14:22:54 UTC,2026-06-02 14:23:27 UTC,NA,NA,NA,NA,NA,NA,NA,NA,NA,NA,NA,NA,NA,NA,NA,NA,NA,NA,NA,NA,NA,NA,NA,NA,NA,NA,NA,NA,1540,NA,NA,NA,NA,NA,NA,NA,NA,NA,NA,NA,NA,NA,NA,NA,NA,NA,NA,NA,NA,NA,NA,NA,NA,NA,NA,NA,NA,NA,NA,NA,NA,NA,NA,2026-06-02 14:23:07 UTC,2026-06-02 14:22:54 UTC,NA,NA,NA,NA,Background
445facf133583715e03c91d6035dec32,2026-06-02 16:51:53 UTC,2026-06-02 16:57:33 UTC,2026-06-02 16:52:26 UTC,2,2,2,2,2,NA,4,4,5,4,4,NA,option_1,option_1,option_1,NA,option_2,8,moderaterne,1,2,1,2,nordjylland,kort_videre,1964,Mand,1890,2026-06-02 16:53:15 UTC,2026-06-02 16:53:11 UTC,2026-06-02 16:53:00 UTC,2026-06-02 16:52:48 UTC,2026-06-02 16:52:40 UTC,2026-06-02 16:52:37 UTC,2026-06-02 16:52:32 UTC,NA,2026-06-02 16:55:56 UTC,2026-06-02 16:55:36 UTC,2026-06-02 16:55:02 UTC,NA,2026-06-02 16:54:05 UTC,2026-06-02 16:53:34 UTC,2026-06-02 16:53:24 UTC,2026-06-02 16:57:06 UTC,2026-06-02 16:57:05 UTC,2026-06-02 16:57:04 UTC,2026-06-02 16:56:58 UTC,NA,2026-06-02 16:56:41 UTC,2026-06-02 16:56:38 UTC,2026-06-02 16:56:30 UTC,2026-06-02 16:56:33 UTC,2026-06-02 16:56:19 UTC,2026-06-02 16:55:59 UTC,2026-06-02 16:55:36 UTC,2026-06-02 16:55:03 UTC,2026-06-02 16:54:49 UTC,2026-06-02 16:54:06 UTC,2026-06-02 16:53:43 UTC,2026-06-02 16:53:35 UTC,2026-06-02 16:53:16 UTC,2026-06-02 16:52:41 UTC,2026-06-02 16:52:22 UTC,2026-06-02 16:51:53 UTC,2026-06-02 16:57:08 UTC,2026-06-02 16:57:09 UTC,2026-06-02 16:56:41 UTC,2026-06-02 16:56:03 UTC,end_normal
44978487d7f16b8ae764082540d7e8a6,2026-05-12 15:43:22 UTC,2026-05-12 15:48:16 UTC,2026-05-12 15:43:32 UTC,5,5,5,5,5,NA,3,2,2,4,3,NA,option_2,option_1,option_1,option_2,option_1,8,konservative,NA,1,NA,1,hovedstaden,mellemlang_videre,2000,Kvinde,304,NA,2026-05-12 15:43:53 UTC,NA,2026-05-12 15:43:50 UTC,2026-05-12 15:43:43 UTC,2026-05-12 15:43:40 UTC,2026-05-12 15:43:35 UTC,NA,2026-05-12 15:46:27 UTC,2026-05-12 15:46:04 UTC,2026-05-12 15:45:41 UTC,2026-05-12 15:45:10 UTC,2026-05-12 15:44:44 UTC,2026-05-12 15:44:07 UTC,2026-05-12 15:44:13 UTC,2026-05-12 15:47:40 UTC,2026-05-12 15:47:38 UTC,2026-05-12 15:47:37 UTC,2026-05-12 15:47:36 UTC,NA,2026-05-12 15:47:23 UTC,2026-05-12 15:47:20 UTC,2026-05-12 15:47:19 UTC,2026-05-12 15:47:00 UTC,2026-05-12 15:46:58 UTC,2026-05-12 15:46:34 UTC,2026-05-12 15:46:06 UTC,2026-05-12 15:45:49 UTC,2026-05-12 15:45:14 UTC,2026-05-12 15:44:56 UTC,2026-05-12 15:44:20 UTC,2026-05-12 15:44:15 UTC,2026-05-12 15:43:59 UTC,2026-05-12 15:43:44 UTC,2026-05-12 15:43:30 UTC,2026-05-12 15:43:22 UTC,2026-05-12 15:47:40 UTC,2026-05-12 15:47:46 UTC,2026-05-12 15:47:25 UTC,2026-05-12 15:46:42 UTC,end_normal
4499a038a1c1df4a710cc425691baa14,2026-05-13 12:18:36 UTC,2026-05-13 12:40:16 UTC,2026-05-13 12:19:44 UTC,1,1,1,2,2,NA,NA,NA,NA,NA,NA,NA,option_1,option_2,option_2,option_1,option_2,7,enhedslisten,NA,3,NA,3,hovedstaden,lang_videre,2000,Kvinde,300,NA,2026-05-13 12:20:00 UTC,NA,2026-05-13 12:19:57 UTC,2026-05-13 12:19:51 UTC,2026-05-13 12:19:50 UTC,2026-05-13 12:19:48 UTC,NA,2026-05-13 12:21:41 UTC,2026-05-13 12:21:23 UTC,2026-05-13 12:21:08 UTC,2026-05-13 12:20:55 UTC,2026-05-13 12:20:39 UTC,2026-05-13 12:20:10 UTC,2026-05-13 12:20:07 UTC,2026-05-13 12:39:14 UTC,2026-05-13 12:39:14 UTC,2026-05-13 12:39:11 UTC,2026-05-13 12:39:10 UTC,NA,NA,NA,NA,NA,NA,2026-05-13 12:21:43 UTC,2026-05-13 12:21:25 UTC,2026-05-13 12:21:09 UTC,2026-05-13 12:20:55 UTC,2026-05-13 12:20:39 UTC,2026-05-13 12:20:20 UTC,2026-05-13 12:20:11 UTC,2026-05-13 12:20:02 UTC,2026-05-13 12:19:52 UTC,2026-05-13 12:19:41 UTC,2026-05-13 12:18:36 UTC,2026-05-13 12:39:15 UTC,2026-05-13 12:40:13 UTC,2026-05-13 12:22:13 UTC,2026-05-13 12:21:49 UTC,end_normal
45027887df3024b025436b0a7b32987a,2026-06-20 20:36:06 UTC,2026-06-20 20:38:00 UTC,NA,NA,NA,NA,NA,NA,NA,NA,NA,NA,NA,NA,NA,NA,NA,NA,NA,NA,NA,NA,NA,NA,NA,NA,NA,NA,NA,NA,777,NA,NA,NA,NA,NA,NA,NA,NA,NA,NA,NA,NA,NA,NA,NA,NA,NA,NA,NA,NA,NA,NA,NA,NA,NA,NA,NA,NA,NA,NA,NA,NA,NA,NA,2026-06-20 20:36:18 UTC,2026-06-20 20:36:06 UTC,NA,NA,NA,NA,Background
45c56f32841b04fd8e7b0ccca3c71d8a,2026-05-13 19:42:28 UTC,2026-05-13 19:50:56 UTC,2026-05-13 19:42:45 UTC,3,3,3,3,3,NA,3,3,3,3,3,NA,option_2,option_2,option_2,option_2,option_2,8,radikale,NA,3,1,2,midtjylland,lang_videre,1970,Kvinde,438,NA,2026-05-13 19:44:03 UTC,2026-05-13 19:43:47 UTC,2026-05-13 19:43:26 UTC,2026-05-13 19:43:03 UTC,2026-05-13 19:42:59 UTC,2026-05-13 19:42:53 UTC,NA,2026-05-13 19:47:36 UTC,2026-05-13 19:46:48 UTC,2026-05-13 19:46:27 UTC,2026-05-13 19:45:45 UTC,2026-05-13 19:45:13 UTC,2026-05-13 19:44:20 UTC,2026-05-13 19:44:11 UTC,2026-05-13 19:48:31 UTC,2026-05-13 19:48:30 UTC,2026-05-13 19:48:29 UTC,2026-05-13 19:48:28 UTC,NA,2026-05-13 19:48:20 UTC,2026-05-13 19:48:19 UTC,2026-05-13 19:48:17 UTC,2026-05-13 19:48:16 UTC,2026-05-13 19:48:16 UTC,2026-05-13 19:47:37 UTC,2026-05-13 19:46:50 UTC,2026-05-13 19:46:28 UTC,2026-05-13 19:45:47 UTC,2026-05-13 19:45:14 UTC,2026-05-13 19:44:39 UTC,2026-05-13 19:44:21 UTC,2026-05-13 19:44:06 UTC,2026-05-13 19:43:04 UTC,2026-05-13 19:42:41 UTC,2026-05-13 19:42:28 UTC,2026-05-13 19:48:31 UTC,2026-05-13 19:48:32 UTC,2026-05-13 19:48:21 UTC,2026-05-13 19:47:45 UTC,end_normal
45cfa18a60dd693055bf18984e1a49e2,2026-05-17 05:56:19 UTC,2026-05-17 05:57:33 UTC,NA,NA,NA,NA,NA,NA,NA,NA,NA,NA,NA,NA,NA,NA,NA,NA,NA,NA,NA,NA,NA,NA,NA,NA,NA,NA,NA,NA,1624,NA,NA,NA,NA,NA,NA,NA,NA,NA,NA,NA,NA,NA,NA,NA,NA,NA,NA,NA,NA,NA,NA,NA,NA,NA,NA,NA,NA,NA,NA,NA,NA,NA,NA,2026-05-17 05:56:34 UTC,2026-05-17 05:56:19 UTC,NA,NA,NA,NA,Background
461e7572017655a10ceadb1ae995f713,2026-06-20 00:06:46 UTC,2026-06-20 00:13:51 UTC,2026-06-20 00:07:14 UTC,5,5,5,5,5,NA,1,1,1,1,1,NA,option_1,option_2,option_2,option_2,option_1,0,dansk_folkeparti,3,2,NA,1,syddanmark,erhvervsuddannelse,1976,Kvinde,1853,2026-06-20 00:08:37 UTC,2026-06-20 00:07:52 UTC,NA,2026-06-20 00:07:43 UTC,2026-06-20 00:07:36 UTC,2026-06-20 00:07:32 UTC,2026-06-20 00:07:19 UTC,NA,2026-06-20 00:11:51 UTC,2026-06-20 00:11:33 UTC,2026-06-20 00:10:56 UTC,2026-06-20 00:10:26 UTC,2026-06-20 00:09:37 UTC,2026-06-20 00:08:52 UTC,2026-06-20 00:08:44 UTC,2026-06-20 00:13:09 UTC,2026-06-20 00:13:04 UTC,2026-06-20 00:13:03 UTC,2026-06-20 00:13:01 UTC,NA,2026-06-20 00:12:49 UTC,2026-06-20 00:12:41 UTC,2026-06-20 00:12:40 UTC,2026-06-20 00:12:35 UTC,2026-06-20 00:12:29 UTC,2026-06-20 00:11:52 UTC,2026-06-20 00:11:35 UTC,2026-06-20 00:10:58 UTC,2026-06-20 00:10:27 UTC,2026-06-20 00:09:39 UTC,2026-06-20 00:09:05 UTC,2026-06-20 00:08:55 UTC,2026-06-20 00:08:37 UTC,2026-06-20 00:07:36 UTC,2026-06-20 00:07:10 UTC,2026-06-20 00:06:46 UTC,2026-06-20 00:13:10 UTC,2026-06-20 00:13:10 UTC,2026-06-20 00:12:49 UTC,2026-06-20 00:12:01 UTC,end_normal
463b228264603da41c2db29eb3b305c5,2026-06-15 18:48:08 UTC,2026-06-15 18:55:04 UTC,2026-06-15 18:48:30 UTC,1,1,1,1,1,NA,1,1,1,1,1,NA,option_2,option_1,option_2,option_2,option_1,3,venstre,NA,3,NA,1,syddanmark,erhvervsuddannelse,1947,Kvinde,211,NA,2026-06-15 18:49:43 UTC,NA,2026-06-15 18:49:16 UTC,2026-06-15 18:48:59 UTC,2026-06-15 18:48:56 UTC,2026-06-15 18:48:44 UTC,NA,2026-06-15 18:52:04 UTC,2026-06-15 18:51:55 UTC,2026-06-15 18:51:36 UTC,2026-06-15 18:51:17 UTC,2026-06-15 18:50:58 UTC,2026-06-15 18:50:09 UTC,2026-06-15 18:49:58 UTC,2026-06-15 18:53:34 UTC,2026-06-15 18:53:30 UTC,2026-06-15 18:53:28 UTC,2026-06-15 18:53:20 UTC,NA,2026-06-15 18:52:59 UTC,2026-06-15 18:52:57 UTC,2026-06-15 18:52:54 UTC,2026-06-15 18:52:51 UTC,2026-06-15 18:52:34 UTC,2026-06-15 18:52:07 UTC,2026-06-15 18:51:56 UTC,2026-06-15 18:51:38 UTC,2026-06-15 18:51:20 UTC,2026-06-15 18:50:59 UTC,2026-06-15 18:50:21 UTC,2026-06-15 18:50:12 UTC,2026-06-15 18:49:46 UTC,2026-06-15 18:49:02 UTC,2026-06-15 18:48:24 UTC,2026-06-15 18:48:08 UTC,2026-06-15 18:53:36 UTC,2026-06-15 18:53:38 UTC,2026-06-15 18:53:00 UTC,2026-06-15 18:52:11 UTC,end_normal
466d77727f074ea575f1722cf56bddd8,2026-05-21 19:15:19 UTC,2026-05-21 19:21:38 UTC,2026-05-21 19:15:35 UTC,1,3,3,4,2,NA,1,1,1,1,3,NA,option_1,option_1,option_1,option_1,option_1,1,alternativet,1,2,NA,1,sjaelland,kort_videre,1974,Kvinde,959,2026-05-21 19:16:24 UTC,2026-05-21 19:16:06 UTC,NA,2026-05-21 19:15:59 UTC,2026-05-21 19:15:48 UTC,2026-05-21 19:15:44 UTC,2026-05-21 19:15:41 UTC,NA,2026-05-21 19:19:20 UTC,2026-05-21 19:19:06 UTC,2026-05-21 19:18:50 UTC,2026-05-21 19:18:31 UTC,2026-05-21 19:17:49 UTC,2026-05-21 19:16:43 UTC,2026-05-21 19:16:35 UTC,2026-05-21 19:20:58 UTC,2026-05-21 19:20:54 UTC,2026-05-21 19:20:52 UTC,2026-05-21 19:20:41 UTC,NA,2026-05-21 19:20:18 UTC,2026-05-21 19:20:14 UTC,2026-05-21 19:20:10 UTC,2026-05-21 19:20:07 UTC,2026-05-21 19:19:48 UTC,2026-05-21 19:19:21 UTC,2026-05-21 19:19:07 UTC,2026-05-21 19:18:52 UTC,2026-05-21 19:18:33 UTC,2026-05-21 19:17:51 UTC,2026-05-21 19:17:02 UTC,2026-05-21 19:16:45 UTC,2026-05-21 19:16:25 UTC,2026-05-21 19:15:49 UTC,2026-05-21 19:15:31 UTC,2026-05-21 19:15:19 UTC,2026-05-21 19:21:02 UTC,2026-05-21 19:21:03 UTC,2026-05-21 19:20:20 UTC,2026-05-21 19:19:33 UTC,end_normal
468123c272dab4d1a86df9b5be095707,2026-06-20 17:47:07 UTC,2026-06-20 17:52:16 UTC,2026-06-20 17:47:24 UTC,3,4,3,4,3,NA,3,4,3,2,3,NA,option_1,option_2,option_2,option_1,option_2,5,liberal_alliance,NA,3,1,2,nordjylland,mellemlang_videre,1973,Kvinde,661,NA,2026-06-20 17:48:09 UTC,2026-06-20 17:47:59 UTC,2026-06-20 17:47:50 UTC,2026-06-20 17:47:39 UTC,2026-06-20 17:47:36 UTC,2026-06-20 17:47:34 UTC,NA,2026-06-20 17:50:50 UTC,2026-06-20 17:50:25 UTC,2026-06-20 17:50:01 UTC,2026-06-20 17:49:42 UTC,2026-06-20 17:49:07 UTC,2026-06-20 17:48:23 UTC,2026-06-20 17:48:17 UTC,2026-06-20 17:51:52 UTC,2026-06-20 17:51:48 UTC,2026-06-20 17:51:46 UTC,2026-06-20 17:51:43 UTC,NA,2026-06-20 17:51:28 UTC,2026-06-20 17:51:24 UTC,2026-06-20 17:51:19 UTC,2026-06-20 17:51:17 UTC,2026-06-20 17:51:13 UTC,2026-06-20 17:50:51 UTC,2026-06-20 17:50:26 UTC,2026-06-20 17:50:01 UTC,2026-06-20 17:49:42 UTC,2026-06-20 17:49:09 UTC,2026-06-20 17:48:28 UTC,2026-06-20 17:48:24 UTC,2026-06-20 17:48:09 UTC,NA,2026-06-20 17:47:20 UTC,2026-06-20 17:47:07 UTC,2026-06-20 17:51:55 UTC,2026-06-20 17:51:55 UTC,2026-06-20 17:51:29 UTC,2026-06-20 17:50:55 UTC,end_normal
46bf76140a564cc8b63bff269ef9e780,2026-05-16 18:00:54 UTC,2026-05-16 18:04:21 UTC,2026-05-16 18:01:05 UTC,NA,NA,NA,NA,NA,NA,NA,NA,NA,NA,NA,NA,option_1,option_2,option_1,option_2,option_1,5,liberal_alliance,NA,1,NA,3,sjaelland,mellemlang_videre,1984,Mand,1157,NA,2026-05-16 18:01:46 UTC,NA,2026-05-16 18:01:40 UTC,2026-05-16 18:01:19 UTC,2026-05-16 18:01:15 UTC,2026-05-16 18:01:11 UTC,NA,2026-05-16 18:03:56 UTC,2026-05-16 18:03:40 UTC,2026-05-16 18:03:22 UTC,2026-05-16 18:03:04 UTC,2026-05-16 18:02:33 UTC,2026-05-16 18:02:03 UTC,2026-05-16 18:01:56 UTC,NA,NA,NA,NA,NA,NA,NA,NA,NA,NA,2026-05-16 18:03:58 UTC,2026-05-16 18:03:42 UTC,2026-05-16 18:03:23 UTC,2026-05-16 18:03:05 UTC,2026-05-16 18:02:34 UTC,2026-05-16 18:02:08 UTC,2026-05-16 18:02:04 UTC,2026-05-16 18:01:49 UTC,2026-05-16 18:01:20 UTC,2026-05-16 18:01:01 UTC,2026-05-16 18:00:54 UTC,NA,NA,NA,2026-05-16 18:04:01 UTC,single_profile_1
46e0ff403ea49c39d4da3ddf3fbcd760,2026-05-23 14:06:13 UTC,2026-05-23 14:11:52 UTC,2026-05-23 14:06:35 UTC,5,4,5,4,5,NA,1,1,4,3,2,NA,option_2,option_1,option_2,option_2,option_2,4,sf,NA,3,NA,3,midtjylland,mellemlang_videre,1954,Mand,412,NA,2026-05-23 14:07:31 UTC,NA,2026-05-23 14:07:20 UTC,2026-05-23 14:07:04 UTC,2026-05-23 14:06:58 UTC,2026-05-23 14:06:53 UTC,NA,2026-05-23 14:09:45 UTC,2026-05-23 14:09:26 UTC,2026-05-23 14:09:02 UTC,2026-05-23 14:08:46 UTC,2026-05-23 14:08:18 UTC,2026-05-23 14:07:46 UTC,2026-05-23 14:07:40 UTC,2026-05-23 14:11:21 UTC,2026-05-23 14:11:18 UTC,2026-05-23 14:11:12 UTC,2026-05-23 14:11:09 UTC,NA,2026-05-23 14:10:52 UTC,2026-05-23 14:10:47 UTC,2026-05-23 14:10:42 UTC,2026-05-23 14:10:36 UTC,2026-05-23 14:10:22 UTC,2026-05-23 14:09:46 UTC,2026-05-23 14:09:27 UTC,2026-05-23 14:09:03 UTC,2026-05-23 14:08:47 UTC,2026-05-23 14:08:19 UTC,2026-05-23 14:08:01 UTC,2026-05-23 14:07:49 UTC,2026-05-23 14:07:32 UTC,2026-05-23 14:07:06 UTC,2026-05-23 14:06:31 UTC,2026-05-23 14:06:13 UTC,2026-05-23 14:11:26 UTC,2026-05-23 14:11:28 UTC,2026-05-23 14:10:54 UTC,2026-05-23 14:09:58 UTC,end_normal
46e671f1fdceb40373d2ad12f2790e74,2026-06-20 07:32:09 UTC,2026-06-20 07:51:11 UTC,2026-06-20 07:32:46 UTC,3,2,3,3,2,NA,3,3,2,3,3,NA,option_1,option_2,option_2,option_1,option_1,5,socialdemokratiet,NA,3,3,2,syddanmark,grundskole,1943,Mand,1033,NA,2026-06-20 07:35:18 UTC,2026-06-20 07:35:45 UTC,2026-06-20 07:34:23 UTC,2026-06-20 07:33:44 UTC,2026-06-20 07:33:17 UTC,2026-06-20 07:33:11 UTC,NA,2026-06-20 07:45:26 UTC,2026-06-20 07:44:30 UTC,2026-06-20 07:42:33 UTC,2026-06-20 07:41:12 UTC,2026-06-20 07:39:37 UTC,2026-06-20 07:36:43 UTC,2026-06-20 07:36:26 UTC,2026-06-20 07:49:55 UTC,2026-06-20 07:49:48 UTC,2026-06-20 07:49:41 UTC,2026-06-20 07:49:35 UTC,NA,2026-06-20 07:48:37 UTC,2026-06-20 07:48:32 UTC,2026-06-20 07:48:28 UTC,2026-06-20 07:48:12 UTC,2026-06-20 07:47:57 UTC,2026-06-20 07:45:28 UTC,2026-06-20 07:44:31 UTC,2026-06-20 07:42:39 UTC,2026-06-20 07:41:20 UTC,2026-06-20 07:39:43 UTC,2026-06-20 07:37:22 UTC,2026-06-20 07:36:54 UTC,2026-06-20 07:36:09 UTC,2026-06-20 07:33:51 UTC,2026-06-20 07:32:37 UTC,2026-06-20 07:32:09 UTC,2026-06-20 07:50:01 UTC,2026-06-20 07:50:06 UTC,2026-06-20 07:48:39 UTC,2026-06-20 07:45:53 UTC,end_normal
4713402adb75ffe0d2896882e8bfafb9,2026-06-20 06:31:26 UTC,2026-06-20 06:37:54 UTC,2026-06-20 06:31:42 UTC,4,4,4,4,4,NA,5,2,2,3,3,NA,option_2,option_1,option_2,option_2,option_2,5,konservative,1,2,NA,1,sjaelland,mellemlang_videre,1965,Kvinde,117,2026-06-20 06:32:51 UTC,2026-06-20 06:32:41 UTC,NA,2026-06-20 06:32:13 UTC,2026-06-20 06:32:02 UTC,2026-06-20 06:31:57 UTC,2026-06-20 06:31:51 UTC,NA,2026-06-20 06:36:12 UTC,2026-06-20 06:35:50 UTC,2026-06-20 06:35:16 UTC,2026-06-20 06:34:30 UTC,2026-06-20 06:33:47 UTC,2026-06-20 06:33:11 UTC,2026-06-20 06:33:02 UTC,2026-06-20 06:37:23 UTC,2026-06-20 06:37:21 UTC,2026-06-20 06:37:20 UTC,2026-06-20 06:37:17 UTC,NA,2026-06-20 06:36:54 UTC,2026-06-20 06:36:47 UTC,2026-06-20 06:36:43 UTC,2026-06-20 06:36:41 UTC,2026-06-20 06:36:33 UTC,2026-06-20 06:36:12 UTC,2026-06-20 06:35:51 UTC,2026-06-20 06:35:18 UTC,2026-06-20 06:34:31 UTC,2026-06-20 06:34:07 UTC,2026-06-20 06:33:16 UTC,2026-06-20 06:33:13 UTC,2026-06-20 06:32:52 UTC,2026-06-20 06:32:03 UTC,2026-06-20 06:31:37 UTC,2026-06-20 06:31:26 UTC,2026-06-20 06:37:25 UTC,2026-06-20 06:37:26 UTC,2026-06-20 06:36:56 UTC,2026-06-20 06:36:18 UTC,end_normal
473105456d89586f04a96b5649342ae4,2026-06-21 19:02:42 UTC,2026-06-21 19:08:33 UTC,2026-06-21 19:02:54 UTC,2,1,3,3,1,NA,1,2,2,1,2,NA,option_1,option_1,option_2,option_2,option_1,3,enhedslisten,NA,3,NA,3,midtjylland,grundskole,2007,Mand,751,NA,2026-06-21 19:03:29 UTC,NA,2026-06-21 19:03:18 UTC,2026-06-21 19:03:07 UTC,2026-06-21 19:03:02 UTC,2026-06-21 19:02:58 UTC,NA,2026-06-21 19:06:24 UTC,2026-06-21 19:06:04 UTC,2026-06-21 19:05:44 UTC,2026-06-21 19:05:01 UTC,2026-06-21 19:04:23 UTC,2026-06-21 19:03:48 UTC,2026-06-21 19:03:39 UTC,2026-06-21 19:08:05 UTC,2026-06-21 19:08:02 UTC,2026-06-21 19:07:52 UTC,2026-06-21 19:07:41 UTC,NA,2026-06-21 19:07:13 UTC,2026-06-21 19:07:10 UTC,2026-06-21 19:07:05 UTC,2026-06-21 19:06:58 UTC,2026-06-21 19:06:58 UTC,2026-06-21 19:06:25 UTC,2026-06-21 19:06:04 UTC,2026-06-21 19:05:48 UTC,2026-06-21 19:05:12 UTC,2026-06-21 19:04:24 UTC,2026-06-21 19:03:53 UTC,2026-06-21 19:03:49 UTC,2026-06-21 19:03:30 UTC,2026-06-21 19:03:07 UTC,2026-06-21 19:02:50 UTC,2026-06-21 19:02:42 UTC,2026-06-21 19:08:07 UTC,2026-06-21 19:08:08 UTC,2026-06-21 19:07:14 UTC,2026-06-21 19:06:34 UTC,end_normal
4737c5369fab009246adbade150c137e,2026-06-20 05:34:15 UTC,2026-06-20 05:42:51 UTC,2026-06-20 05:34:28 UTC,2,2,3,3,3,NA,1,2,3,2,2,NA,option_2,option_2,option_2,option_2,option_1,3,enhedslisten,NA,3,NA,3,midtjylland,mellemlang_videre,1983,Kvinde,846,NA,2026-06-20 05:35:18 UTC,NA,2026-06-20 05:34:51 UTC,2026-06-20 05:34:42 UTC,2026-06-20 05:34:37 UTC,2026-06-20 05:34:32 UTC,NA,2026-06-20 05:37:51 UTC,2026-06-20 05:37:33 UTC,2026-06-20 05:37:17 UTC,2026-06-20 05:37:00 UTC,2026-06-20 05:36:24 UTC,2026-06-20 05:35:26 UTC,2026-06-20 05:35:41 UTC,2026-06-20 05:39:23 UTC,2026-06-20 05:39:19 UTC,2026-06-20 05:39:09 UTC,2026-06-20 05:39:05 UTC,NA,2026-06-20 05:38:44 UTC,2026-06-20 05:38:42 UTC,2026-06-20 05:38:36 UTC,2026-06-20 05:38:30 UTC,2026-06-20 05:38:17 UTC,2026-06-20 05:37:53 UTC,2026-06-20 05:37:37 UTC,2026-06-20 05:37:19 UTC,2026-06-20 05:37:02 UTC,2026-06-20 05:36:27 UTC,2026-06-20 05:35:52 UTC,2026-06-20 05:35:48 UTC,2026-06-20 05:35:21 UTC,2026-06-20 05:34:44 UTC,2026-06-20 05:34:23 UTC,2026-06-20 05:34:15 UTC,2026-06-20 05:39:28 UTC,2026-06-20 05:39:31 UTC,2026-06-20 05:38:48 UTC,2026-06-20 05:37:59 UTC,end_normal
47417d942d7cd834fe9580a528e5de7d,2026-06-19 19:45:06 UTC,2026-06-19 19:52:18 UTC,2026-06-19 19:45:18 UTC,3,4,3,3,4,NA,1,3,3,2,2,NA,option_1,option_1,option_1,option_2,option_2,9,sf,NA,3,3,2,syddanmark,mellemlang_videre,1970,Kvinde,1956,NA,2026-06-19 19:46:04 UTC,2026-06-19 19:45:57 UTC,2026-06-19 19:45:45 UTC,2026-06-19 19:45:33 UTC,2026-06-19 19:45:29 UTC,2026-06-19 19:45:24 UTC,NA,2026-06-19 19:48:32 UTC,2026-06-19 19:48:15 UTC,2026-06-19 19:47:51 UTC,2026-06-19 19:47:33 UTC,2026-06-19 19:47:09 UTC,2026-06-19 19:46:17 UTC,2026-06-19 19:46:11 UTC,2026-06-19 19:49:57 UTC,2026-06-19 19:49:51 UTC,2026-06-19 19:49:43 UTC,2026-06-19 19:49:40 UTC,NA,2026-06-19 19:49:20 UTC,2026-06-19 19:49:17 UTC,2026-06-19 19:49:15 UTC,2026-06-19 19:49:11 UTC,2026-06-19 19:49:09 UTC,2026-06-19 19:48:33 UTC,2026-06-19 19:48:16 UTC,2026-06-19 19:47:55 UTC,2026-06-19 19:47:36 UTC,2026-06-19 19:47:14 UTC,2026-06-19 19:46:28 UTC,2026-06-19 19:46:19 UTC,NA,2026-06-19 19:45:33 UTC,2026-06-19 19:45:14 UTC,2026-06-19 19:45:06 UTC,2026-06-19 19:50:00 UTC,2026-06-19 19:50:00 UTC,2026-06-19 19:49:21 UTC,2026-06-19 19:48:42 UTC,end_normal
4830919c381b08c42ab364502b28105b,2026-06-02 14:22:24 UTC,2026-06-02 14:30:19 UTC,2026-06-02 14:22:42 UTC,1,3,3,3,2,NA,1,4,4,4,4,NA,option_2,option_1,option_2,option_2,option_2,5,danmarksdemokraterne,NA,3,NA,1,syddanmark,gymnasial,1956,Kvinde,155,NA,2026-06-02 14:23:47 UTC,NA,2026-06-02 14:23:23 UTC,2026-06-02 14:23:10 UTC,2026-06-02 14:23:05 UTC,2026-06-02 14:22:57 UTC,NA,2026-06-02 14:27:13 UTC,2026-06-02 14:26:49 UTC,2026-06-02 14:26:27 UTC,2026-06-02 14:25:50 UTC,2026-06-02 14:25:14 UTC,2026-06-02 14:23:58 UTC,2026-06-02 14:24:20 UTC,2026-06-02 14:29:50 UTC,2026-06-02 14:29:48 UTC,2026-06-02 14:29:45 UTC,2026-06-02 14:29:37 UTC,NA,2026-06-02 14:29:17 UTC,2026-06-02 14:29:14 UTC,2026-06-02 14:29:11 UTC,2026-06-02 14:29:08 UTC,2026-06-02 14:29:03 UTC,2026-06-02 14:27:17 UTC,2026-06-02 14:26:52 UTC,2026-06-02 14:26:29 UTC,2026-06-02 14:25:52 UTC,2026-06-02 14:25:19 UTC,2026-06-02 14:24:34 UTC,NA,2026-06-02 14:23:48 UTC,2026-06-02 14:23:13 UTC,2026-06-02 14:22:37 UTC,2026-06-02 14:22:24 UTC,2026-06-02 14:29:53 UTC,2026-06-02 14:29:55 UTC,2026-06-02 14:29:19 UTC,2026-06-02 14:28:18 UTC,end_normal
483f494e502e483c5afc2006be6d3e8b,2026-05-17 19:01:26 UTC,2026-05-17 19:03:31 UTC,NA,NA,NA,NA,NA,NA,NA,NA,NA,NA,NA,NA,NA,NA,NA,NA,NA,NA,NA,NA,NA,NA,NA,NA,NA,NA,NA,NA,1313,NA,NA,NA,NA,NA,NA,NA,NA,NA,NA,NA,NA,NA,NA,NA,NA,NA,NA,NA,NA,NA,NA,NA,NA,NA,NA,NA,NA,NA,NA,NA,NA,NA,NA,2026-05-17 19:01:34 UTC,2026-05-17 19:01:26 UTC,NA,NA,NA,NA,Background
48db898ce3ddf51e9f1c14964ce824b6,2026-05-17 15:33:06 UTC,2026-05-17 15:35:30 UTC,2026-05-17 15:33:21 UTC,NA,NA,NA,NA,NA,NA,NA,NA,NA,NA,NA,NA,NA,NA,NA,NA,NA,NA,NA,NA,NA,NA,2,syddanmark,grundskole,1982,Kvinde,314,NA,NA,NA,2026-05-17 15:33:51 UTC,2026-05-17 15:33:37 UTC,2026-05-17 15:33:31 UTC,2026-05-17 15:33:28 UTC,NA,NA,NA,NA,NA,NA,NA,NA,NA,NA,NA,NA,NA,NA,NA,NA,NA,NA,NA,NA,NA,NA,NA,NA,NA,NA,2026-05-17 15:33:38 UTC,2026-05-17 15:33:16 UTC,2026-05-17 15:33:06 UTC,NA,NA,NA,NA,issue_positions
48fedd5b69c62e4cf891341bdd704818,2026-06-22 04:44:45 UTC,2026-06-22 04:51:42 UTC,2026-06-22 04:44:58 UTC,1,2,2,2,1,NA,1,1,1,2,1,NA,option_1,option_1,option_2,option_2,option_1,1,enhedslisten,1,2,NA,1,midtjylland,mellemlang_videre,1995,Mand,1792,2026-06-22 04:45:55 UTC,2026-06-22 04:45:38 UTC,NA,2026-06-22 04:45:23 UTC,2026-06-22 04:45:12 UTC,2026-06-22 04:45:09 UTC,2026-06-22 04:45:02 UTC,NA,2026-06-22 04:49:39 UTC,2026-06-22 04:49:23 UTC,2026-06-22 04:48:38 UTC,2026-06-22 04:48:06 UTC,2026-06-22 04:47:14 UTC,2026-06-22 04:46:21 UTC,2026-06-22 04:46:09 UTC,2026-06-22 04:50:54 UTC,2026-06-22 04:50:49 UTC,2026-06-22 04:50:44 UTC,2026-06-22 04:50:38 UTC,NA,2026-06-22 04:50:26 UTC,2026-06-22 04:50:21 UTC,2026-06-22 04:50:18 UTC,2026-06-22 04:50:10 UTC,2026-06-22 04:50:08 UTC,2026-06-22 04:49:40 UTC,2026-06-22 04:49:24 UTC,2026-06-22 04:48:39 UTC,2026-06-22 04:48:08 UTC,2026-06-22 04:47:15 UTC,2026-06-22 04:46:27 UTC,2026-06-22 04:46:21 UTC,2026-06-22 04:45:55 UTC,2026-06-22 04:45:13 UTC,2026-06-22 04:44:53 UTC,2026-06-22 04:44:45 UTC,2026-06-22 04:50:56 UTC,2026-06-22 04:51:00 UTC,2026-06-22 04:50:27 UTC,2026-06-22 04:49:45 UTC,end_normal
49664430ef64bf5c0212678f0b4892ae,2026-05-18 15:16:46 UTC,2026-05-18 15:21:45 UTC,2026-05-18 15:17:07 UTC,NA,NA,NA,NA,NA,NA,NA,NA,NA,NA,NA,NA,NA,NA,NA,NA,NA,1,dansk_folkeparti,NA,3,NA,1,sjaelland,lang_videre,1957,Kvinde,1793,NA,2026-05-18 15:17:55 UTC,NA,2026-05-18 15:17:37 UTC,2026-05-18 15:17:25 UTC,2026-05-18 15:17:22 UTC,2026-05-18 15:17:14 UTC,NA,NA,NA,NA,NA,NA,2026-05-18 15:18:20 UTC,2026-05-18 15:18:06 UTC,NA,NA,NA,NA,NA,NA,NA,NA,NA,NA,NA,NA,NA,NA,NA,2026-05-18 15:18:29 UTC,2026-05-18 15:18:21 UTC,2026-05-18 15:17:56 UTC,2026-05-18 15:17:26 UTC,2026-05-18 15:17:01 UTC,2026-05-18 15:16:46 UTC,NA,NA,NA,NA,cbc_q1_page
49672757817896695313b2201c33f1f7,2026-05-22 10:01:46 UTC,2026-05-22 10:05:40 UTC,2026-05-22 10:01:55 UTC,4,4,4,4,5,NA,1,2,2,4,2,NA,option_2,option_2,option_1,option_2,option_2,6,moderaterne,3,2,3,2,sjaelland,mellemlang_videre,1998,Mand,175,2026-05-22 10:02:31 UTC,2026-05-22 10:02:27 UTC,2026-05-22 10:02:15 UTC,2026-05-22 10:02:10 UTC,2026-05-22 10:02:03 UTC,2026-05-22 10:02:01 UTC,2026-05-22 10:01:58 UTC,NA,2026-05-22 10:04:17 UTC,2026-05-22 10:03:53 UTC,2026-05-22 10:03:42 UTC,2026-05-22 10:03:29 UTC,2026-05-22 10:03:08 UTC,2026-05-22 10:02:41 UTC,2026-05-22 10:02:38 UTC,2026-05-22 10:05:03 UTC,2026-05-22 10:04:59 UTC,2026-05-22 10:04:58 UTC,2026-05-22 10:04:55 UTC,NA,2026-05-22 10:04:47 UTC,2026-05-22 10:04:44 UTC,2026-05-22 10:04:42 UTC,2026-05-22 10:04:39 UTC,2026-05-22 10:04:35 UTC,2026-05-22 10:04:18 UTC,2026-05-22 10:03:55 UTC,2026-05-22 10:03:43 UTC,2026-05-22 10:03:30 UTC,2026-05-22 10:03:09 UTC,2026-05-22 10:02:44 UTC,2026-05-22 10:02:41 UTC,2026-05-22 10:02:32 UTC,2026-05-22 10:02:03 UTC,2026-05-22 10:01:52 UTC,2026-05-22 10:01:46 UTC,2026-05-22 10:05:04 UTC,2026-05-22 10:05:05 UTC,2026-05-22 10:04:48 UTC,2026-05-22 10:04:24 UTC,end_normal
498890a3b155335503613ea33bfcfa29,2026-05-17 20:27:36 UTC,2026-05-17 20:32:34 UTC,2026-05-17 20:27:49 UTC,2,3,4,4,3,NA,NA,NA,NA,NA,NA,NA,option_1,option_2,option_1,option_1,option_2,4,stemte_ikke,NA,1,1,2,sjaelland,gymnasial,2008,Kvinde,302,NA,2026-05-17 20:28:42 UTC,2026-05-17 20:28:32 UTC,2026-05-17 20:28:22 UTC,2026-05-17 20:28:06 UTC,2026-05-17 20:28:02 UTC,2026-05-17 20:27:52 UTC,NA,2026-05-17 20:30:53 UTC,2026-05-17 20:30:35 UTC,2026-05-17 20:30:06 UTC,2026-05-17 20:29:43 UTC,2026-05-17 20:29:34 UTC,2026-05-17 20:28:58 UTC,2026-05-17 20:28:51 UTC,2026-05-17 20:32:05 UTC,2026-05-17 20:32:00 UTC,2026-05-17 20:31:57 UTC,2026-05-17 20:31:54 UTC,NA,NA,NA,NA,NA,NA,2026-05-17 20:30:54 UTC,2026-05-17 20:30:35 UTC,2026-05-17 20:30:07 UTC,2026-05-17 20:29:45 UTC,2026-05-17 20:29:35 UTC,2026-05-17 20:29:02 UTC,2026-05-17 20:28:59 UTC,2026-05-17 20:28:42 UTC,2026-05-17 20:28:07 UTC,2026-05-17 20:27:43 UTC,2026-05-17 20:27:36 UTC,2026-05-17 20:32:07 UTC,2026-05-17 20:32:07 UTC,2026-05-17 20:31:38 UTC,2026-05-17 20:30:59 UTC,end_normal
49bb798f5171e29e703b549a88a1d7c9,2026-05-16 16:58:48 UTC,2026-05-16 17:06:41 UTC,2026-05-16 16:59:10 UTC,4,4,4,4,4,NA,3,4,4,3,4,NA,option_2,option_1,option_1,option_2,option_2,8,venstre,1,2,NA,1,sjaelland,mellemlang_videre,1967,Kvinde,426,2026-05-16 17:00:50 UTC,2026-05-16 17:00:41 UTC,NA,2026-05-16 17:00:53 UTC,2026-05-16 16:59:41 UTC,2026-05-16 16:59:33 UTC,2026-05-16 16:59:18 UTC,NA,2026-05-16 17:04:16 UTC,2026-05-16 17:03:43 UTC,2026-05-16 17:03:03 UTC,2026-05-16 17:02:35 UTC,2026-05-16 17:02:13 UTC,2026-05-16 17:01:11 UTC,2026-05-16 17:01:05 UTC,2026-05-16 17:06:04 UTC,2026-05-16 17:05:56 UTC,2026-05-16 17:05:59 UTC,2026-05-16 17:05:48 UTC,NA,2026-05-16 17:05:34 UTC,2026-05-16 17:05:25 UTC,2026-05-16 17:05:08 UTC,2026-05-16 17:04:58 UTC,2026-05-16 17:05:10 UTC,2026-05-16 17:04:19 UTC,2026-05-16 17:03:44 UTC,2026-05-16 17:03:04 UTC,2026-05-16 17:02:35 UTC,2026-05-16 17:02:14 UTC,2026-05-16 17:01:28 UTC,2026-05-16 17:01:12 UTC,2026-05-16 17:00:54 UTC,2026-05-16 16:59:42 UTC,2026-05-16 16:59:05 UTC,2026-05-16 16:58:48 UTC,2026-05-16 17:06:07 UTC,2026-05-16 17:06:07 UTC,2026-05-16 17:05:34 UTC,2026-05-16 17:04:30 UTC,end_normal
49c07058c20e0fb7a1a37b012ccf44c7,2026-06-19 21:20:23 UTC,2026-06-19 21:26:20 UTC,2026-06-19 21:20:41 UTC,1,1,1,1,1,NA,1,2,2,2,3,NA,option_1,option_2,option_2,option_2,option_1,6,sf,3,2,NA,3,syddanmark,kort_videre,1981,Kvinde,229,2026-06-19 21:21:20 UTC,2026-06-19 21:21:11 UTC,NA,2026-06-19 21:21:04 UTC,2026-06-19 21:20:55 UTC,2026-06-19 21:20:51 UTC,2026-06-19 21:20:44 UTC,NA,2026-06-19 21:24:33 UTC,2026-06-19 21:24:05 UTC,2026-06-19 21:23:34 UTC,2026-06-19 21:23:10 UTC,2026-06-19 21:22:18 UTC,2026-06-19 21:21:32 UTC,2026-06-19 21:21:27 UTC,2026-06-19 21:25:54 UTC,2026-06-19 21:25:52 UTC,2026-06-19 21:25:49 UTC,2026-06-19 21:25:48 UTC,NA,2026-06-19 21:25:21 UTC,2026-06-19 21:25:31 UTC,2026-06-19 21:25:28 UTC,2026-06-19 21:25:27 UTC,2026-06-19 21:25:32 UTC,2026-06-19 21:24:34 UTC,2026-06-19 21:24:05 UTC,2026-06-19 21:23:37 UTC,2026-06-19 21:23:10 UTC,2026-06-19 21:22:26 UTC,2026-06-19 21:21:43 UTC,2026-06-19 21:21:33 UTC,2026-06-19 21:21:21 UTC,2026-06-19 21:20:55 UTC,2026-06-19 21:20:35 UTC,2026-06-19 21:20:23 UTC,2026-06-19 21:25:56 UTC,2026-06-19 21:25:57 UTC,2026-06-19 21:25:36 UTC,2026-06-19 21:24:40 UTC,end_normal
49d79c1e0843ddfb3c37457b062754dc,2026-06-02 07:00:17 UTC,2026-06-02 07:13:43 UTC,NA,NA,NA,NA,NA,NA,NA,NA,NA,NA,NA,NA,NA,NA,NA,NA,NA,NA,NA,NA,NA,NA,NA,NA,NA,NA,NA,NA,846,NA,NA,NA,NA,NA,NA,NA,NA,NA,NA,NA,NA,NA,NA,NA,NA,NA,NA,NA,NA,NA,NA,NA,NA,NA,NA,NA,NA,NA,NA,NA,NA,NA,NA,2026-06-02 07:06:48 UTC,2026-06-02 07:00:17 UTC,NA,NA,NA,NA,Background
49d9dda34b42159def631aa0aea785e8,2026-05-16 16:51:42 UTC,2026-05-16 16:54:08 UTC,2026-05-16 16:51:59 UTC,NA,NA,NA,NA,NA,NA,NA,NA,NA,NA,NA,NA,NA,NA,NA,NA,NA,NA,NA,NA,2,NA,1,hovedstaden,erhvervsuddannelse,1967,Mand,368,NA,2026-05-16 16:53:29 UTC,NA,2026-05-16 16:53:02 UTC,2026-05-16 16:52:43 UTC,2026-05-16 16:52:33 UTC,2026-05-16 16:52:13 UTC,NA,NA,NA,NA,NA,NA,NA,NA,NA,NA,NA,NA,NA,NA,NA,NA,NA,NA,NA,NA,NA,NA,NA,NA,NA,NA,2026-05-16 16:52:45 UTC,2026-05-16 16:51:54 UTC,2026-05-16 16:51:42 UTC,NA,NA,NA,NA,issue_positions
49f716d5bb7f7dcecec1e10756484066,2026-05-13 10:49:20 UTC,2026-05-13 10:56:37 UTC,2026-05-13 10:49:40 UTC,2,2,3,4,2,NA,2,2,3,4,2,NA,option_2,option_2,option_2,option_2,option_1,5,sf,3,2,3,2,nordjylland,kort_videre,1969,Kvinde,1546,2026-05-13 10:50:59 UTC,2026-05-13 10:50:54 UTC,2026-05-13 10:50:36 UTC,2026-05-13 10:50:23 UTC,2026-05-13 10:50:11 UTC,2026-05-13 10:49:57 UTC,2026-05-13 10:49:47 UTC,NA,2026-05-13 10:54:26 UTC,2026-05-13 10:53:43 UTC,2026-05-13 10:53:08 UTC,2026-05-13 10:52:47 UTC,2026-05-13 10:52:03 UTC,2026-05-13 10:51:15 UTC,2026-05-13 10:51:06 UTC,2026-05-13 10:56:04 UTC,2026-05-13 10:56:00 UTC,2026-05-13 10:55:56 UTC,2026-05-13 10:55:52 UTC,NA,2026-05-13 10:55:32 UTC,2026-05-13 10:55:25 UTC,2026-05-13 10:55:21 UTC,2026-05-13 10:55:07 UTC,2026-05-13 10:55:00 UTC,2026-05-13 10:54:28 UTC,2026-05-13 10:53:45 UTC,2026-05-13 10:53:09 UTC,2026-05-13 10:52:48 UTC,2026-05-13 10:52:04 UTC,2026-05-13 10:51:32 UTC,2026-05-13 10:51:16 UTC,2026-05-13 10:51:00 UTC,2026-05-13 10:50:12 UTC,2026-05-13 10:49:35 UTC,2026-05-13 10:49:20 UTC,2026-05-13 10:56:07 UTC,2026-05-13 10:56:07 UTC,2026-05-13 10:55:33 UTC,2026-05-13 10:54:40 UTC,end_normal
4a22b815351ba9975a0200af18bce6f1,2026-05-23 13:53:37 UTC,2026-05-23 13:59:42 UTC,2026-05-23 13:53:55 UTC,4,4,4,4,3,NA,5,5,4,4,3,NA,option_2,option_1,option_1,option_2,option_1,4,socialdemokratiet,NA,3,NA,1,midtjylland,kort_videre,1967,Kvinde,528,NA,2026-05-23 13:54:25 UTC,NA,2026-05-23 13:54:17 UTC,2026-05-23 13:54:05 UTC,2026-05-23 13:54:02 UTC,2026-05-23 13:53:58 UTC,NA,2026-05-23 13:56:03 UTC,2026-05-23 13:55:48 UTC,2026-05-23 13:55:31 UTC,2026-05-23 13:55:09 UTC,2026-05-23 13:54:54 UTC,2026-05-23 13:54:34 UTC,2026-05-23 13:54:30 UTC,2026-05-23 13:56:50 UTC,2026-05-23 13:56:49 UTC,2026-05-23 13:56:48 UTC,2026-05-23 13:56:47 UTC,NA,2026-05-23 13:56:38 UTC,2026-05-23 13:56:37 UTC,2026-05-23 13:56:34 UTC,2026-05-23 13:56:33 UTC,2026-05-23 13:56:30 UTC,2026-05-23 13:56:08 UTC,2026-05-23 13:55:53 UTC,2026-05-23 13:55:37 UTC,2026-05-23 13:55:19 UTC,2026-05-23 13:54:56 UTC,2026-05-23 13:54:41 UTC,2026-05-23 13:54:39 UTC,2026-05-23 13:54:27 UTC,2026-05-23 13:54:06 UTC,2026-05-23 13:53:53 UTC,2026-05-23 13:53:37 UTC,2026-05-23 13:56:51 UTC,2026-05-23 13:56:54 UTC,2026-05-23 13:56:41 UTC,2026-05-23 13:56:16 UTC,end_normal
4a8d6c3d83eded729726485baa0cb785,2026-05-17 13:46:13 UTC,2026-05-17 13:53:57 UTC,2026-05-17 13:47:06 UTC,1,2,2,3,3,NA,1,2,2,3,3,NA,option_1,option_2,option_1,option_1,option_2,0,dansk_folkeparti,3,2,NA,1,syddanmark,kort_videre,1959,Kvinde,840,2026-05-17 13:48:26 UTC,2026-05-17 13:47:59 UTC,NA,2026-05-17 13:47:38 UTC,2026-05-17 13:47:19 UTC,2026-05-17 13:47:16 UTC,2026-05-17 13:47:12 UTC,NA,2026-05-17 13:51:55 UTC,2026-05-17 13:51:27 UTC,2026-05-17 13:51:00 UTC,2026-05-17 13:50:20 UTC,2026-05-17 13:49:37 UTC,2026-05-17 13:48:43 UTC,2026-05-17 13:48:35 UTC,2026-05-17 13:53:33 UTC,2026-05-17 13:53:30 UTC,2026-05-17 13:53:26 UTC,2026-05-17 13:53:24 UTC,NA,2026-05-17 13:52:58 UTC,2026-05-17 13:52:55 UTC,2026-05-17 13:52:52 UTC,2026-05-17 13:52:46 UTC,2026-05-17 13:52:45 UTC,2026-05-17 13:51:57 UTC,2026-05-17 13:51:28 UTC,2026-05-17 13:51:01 UTC,2026-05-17 13:50:21 UTC,2026-05-17 13:49:38 UTC,2026-05-17 13:48:54 UTC,2026-05-17 13:48:43 UTC,2026-05-17 13:48:26 UTC,2026-05-17 13:47:20 UTC,2026-05-17 13:47:02 UTC,2026-05-17 13:46:13 UTC,2026-05-17 13:53:35 UTC,2026-05-17 13:53:37 UTC,2026-05-17 13:53:00 UTC,2026-05-17 13:52:11 UTC,end_normal
4a9940bb73b7b6e7955978280c2ffc71,2026-05-18 06:22:04 UTC,2026-05-18 06:29:08 UTC,2026-05-18 06:22:17 UTC,4,4,4,4,4,NA,1,1,3,3,1,NA,option_1,option_1,option_2,option_1,option_1,4,sf,1,2,3,2,midtjylland,mellemlang_videre,1992,Kvinde,1186,2026-05-18 06:23:12 UTC,2026-05-18 06:23:07 UTC,2026-05-18 06:22:53 UTC,2026-05-18 06:22:40 UTC,2026-05-18 06:22:30 UTC,2026-05-18 06:22:25 UTC,2026-05-18 06:22:21 UTC,NA,2026-05-18 06:26:09 UTC,2026-05-18 06:25:47 UTC,2026-05-18 06:25:01 UTC,2026-05-18 06:24:43 UTC,2026-05-18 06:24:17 UTC,2026-05-18 06:23:35 UTC,2026-05-18 06:23:24 UTC,2026-05-18 06:27:35 UTC,2026-05-18 06:27:33 UTC,2026-05-18 06:27:29 UTC,2026-05-18 06:27:24 UTC,NA,2026-05-18 06:26:46 UTC,2026-05-18 06:26:43 UTC,2026-05-18 06:26:41 UTC,2026-05-18 06:26:52 UTC,2026-05-18 06:26:31 UTC,2026-05-18 06:26:09 UTC,2026-05-18 06:25:48 UTC,2026-05-18 06:25:10 UTC,2026-05-18 06:24:45 UTC,2026-05-18 06:24:21 UTC,2026-05-18 06:23:38 UTC,2026-05-18 06:23:35 UTC,2026-05-18 06:23:13 UTC,2026-05-18 06:22:30 UTC,2026-05-18 06:22:13 UTC,2026-05-18 06:22:04 UTC,2026-05-18 06:27:38 UTC,2026-05-18 06:27:38 UTC,2026-05-18 06:26:53 UTC,2026-05-18 06:26:13 UTC,end_normal
4acf764e145a86c3a555dc80b33c886b,2026-05-17 16:08:37 UTC,2026-05-17 16:16:14 UTC,2026-05-17 16:08:51 UTC,1,2,2,3,2,NA,1,2,3,2,2,NA,option_2,option_1,option_1,option_1,option_2,6,venstre,NA,1,1,2,midtjylland,lang_videre,1970,Kvinde,831,NA,2026-05-17 16:10:01 UTC,2026-05-17 16:09:47 UTC,2026-05-17 16:09:32 UTC,2026-05-17 16:09:14 UTC,2026-05-17 16:09:04 UTC,2026-05-17 16:08:57 UTC,NA,2026-05-17 16:14:01 UTC,2026-05-17 16:13:18 UTC,2026-05-17 16:12:46 UTC,2026-05-17 16:12:19 UTC,2026-05-17 16:11:11 UTC,2026-05-17 16:10:17 UTC,2026-05-17 16:10:10 UTC,2026-05-17 16:15:43 UTC,2026-05-17 16:15:35 UTC,2026-05-17 16:15:32 UTC,2026-05-17 16:15:27 UTC,NA,2026-05-17 16:15:08 UTC,2026-05-17 16:15:04 UTC,2026-05-17 16:14:58 UTC,2026-05-17 16:14:49 UTC,2026-05-17 16:14:31 UTC,2026-05-17 16:14:02 UTC,2026-05-17 16:13:18 UTC,2026-05-17 16:12:47 UTC,2026-05-17 16:12:20 UTC,2026-05-17 16:11:12 UTC,2026-05-17 16:10:36 UTC,2026-05-17 16:10:20 UTC,2026-05-17 16:10:02 UTC,2026-05-17 16:09:14 UTC,2026-05-17 16:08:44 UTC,2026-05-17 16:08:37 UTC,2026-05-17 16:15:45 UTC,2026-05-17 16:15:46 UTC,2026-05-17 16:15:09 UTC,2026-05-17 16:14:11 UTC,end_normal
4addcf6b3e885a85462b1b59abc2b6e9,2026-05-16 17:35:34 UTC,2026-05-16 17:41:04 UTC,2026-05-16 17:35:57 UTC,NA,NA,NA,NA,NA,NA,NA,NA,NA,NA,3,NA,option_1,option_1,option_1,option_2,option_1,8,liberal_alliance,NA,1,NA,1,sjaelland,mellemlang_videre,1971,Kvinde,770,NA,2026-05-16 17:36:39 UTC,NA,2026-05-16 17:36:29 UTC,2026-05-16 17:36:12 UTC,2026-05-16 17:36:08 UTC,2026-05-16 17:36:03 UTC,NA,2026-05-16 17:39:41 UTC,2026-05-16 17:39:15 UTC,2026-05-16 17:38:39 UTC,2026-05-16 17:38:17 UTC,2026-05-16 17:37:52 UTC,2026-05-16 17:36:53 UTC,2026-05-16 17:36:48 UTC,NA,NA,NA,NA,NA,NA,NA,NA,NA,2026-05-16 17:40:11 UTC,2026-05-16 17:39:43 UTC,2026-05-16 17:39:17 UTC,2026-05-16 17:38:41 UTC,2026-05-16 17:38:19 UTC,2026-05-16 17:37:55 UTC,2026-05-16 17:37:04 UTC,2026-05-16 17:36:54 UTC,2026-05-16 17:36:42 UTC,2026-05-16 17:36:13 UTC,2026-05-16 17:35:52 UTC,2026-05-16 17:35:34 UTC,NA,NA,NA,2026-05-16 17:39:51 UTC,single_profile_1
4b21e1eb8c14769634cc17e685559d3f,2026-06-20 14:29:44 UTC,2026-06-20 14:36:27 UTC,2026-06-20 14:30:04 UTC,1,3,3,3,3,NA,5,4,4,4,5,NA,option_2,option_1,option_1,option_2,option_1,5,sf,NA,3,NA,1,sjaelland,grundskole,1971,Mand,949,NA,2026-06-20 14:31:01 UTC,NA,2026-06-20 14:30:51 UTC,2026-06-20 14:30:32 UTC,2026-06-20 14:30:23 UTC,2026-06-20 14:30:16 UTC,NA,2026-06-20 14:33:49 UTC,2026-06-20 14:33:27 UTC,2026-06-20 14:33:07 UTC,2026-06-20 14:32:25 UTC,2026-06-20 14:31:57 UTC,2026-06-20 14:31:23 UTC,2026-06-20 14:31:13 UTC,2026-06-20 14:35:56 UTC,2026-06-20 14:35:47 UTC,2026-06-20 14:35:44 UTC,2026-06-20 14:35:42 UTC,NA,2026-06-20 14:35:24 UTC,2026-06-20 14:35:18 UTC,2026-06-20 14:35:19 UTC,2026-06-20 14:35:11 UTC,2026-06-20 14:35:09 UTC,2026-06-20 14:33:51 UTC,2026-06-20 14:33:29 UTC,2026-06-20 14:33:08 UTC,2026-06-20 14:32:40 UTC,2026-06-20 14:31:59 UTC,2026-06-20 14:31:37 UTC,2026-06-20 14:31:26 UTC,2026-06-20 14:31:05 UTC,2026-06-20 14:30:37 UTC,2026-06-20 14:29:59 UTC,2026-06-20 14:29:44 UTC,2026-06-20 14:35:59 UTC,2026-06-20 14:36:02 UTC,2026-06-20 14:35:25 UTC,2026-06-20 14:34:05 UTC,end_normal
4b5b65599eb45259a1a2e61748adec36,2026-06-21 15:12:46 UTC,2026-06-21 15:30:39 UTC,2026-06-21 15:12:58 UTC,2,3,3,3,3,NA,1,3,3,3,3,NA,option_1,option_1,option_1,option_2,option_1,2,liberal_alliance,NA,1,NA,1,sjaelland,forsker,1997,Kvinde,922,NA,2026-06-21 15:13:31 UTC,NA,2026-06-21 15:13:16 UTC,2026-06-21 15:13:08 UTC,2026-06-21 15:13:05 UTC,2026-06-21 15:13:02 UTC,NA,2026-06-21 15:16:25 UTC,2026-06-21 15:16:04 UTC,2026-06-21 15:15:30 UTC,2026-06-21 15:15:05 UTC,2026-06-21 15:14:37 UTC,2026-06-21 15:13:40 UTC,2026-06-21 15:13:37 UTC,2026-06-21 15:17:25 UTC,2026-06-21 15:17:25 UTC,2026-06-21 15:17:25 UTC,2026-06-21 15:17:24 UTC,NA,2026-06-21 15:17:12 UTC,2026-06-21 15:17:09 UTC,2026-06-21 15:17:06 UTC,2026-06-21 15:17:06 UTC,2026-06-21 15:17:07 UTC,2026-06-21 15:16:29 UTC,2026-06-21 15:16:05 UTC,2026-06-21 15:15:34 UTC,2026-06-21 15:15:06 UTC,2026-06-21 15:14:40 UTC,2026-06-21 15:13:51 UTC,2026-06-21 15:13:43 UTC,2026-06-21 15:13:32 UTC,2026-06-21 15:13:09 UTC,2026-06-21 15:12:54 UTC,2026-06-21 15:12:46 UTC,2026-06-21 15:17:29 UTC,2026-06-21 15:17:29 UTC,2026-06-21 15:17:14 UTC,2026-06-21 15:16:36 UTC,end_normal
4b97cb6c812b9c12ec6788df8d193ea1,2026-06-20 12:04:53 UTC,2026-06-20 12:12:39 UTC,2026-06-20 12:05:09 UTC,2,2,2,2,2,NA,1,1,3,3,2,NA,option_2,option_1,option_2,option_1,option_2,8,sf,NA,3,3,2,sjaelland,lang_videre,1953,Kvinde,1268,NA,2026-06-20 12:05:42 UTC,2026-06-20 12:05:36 UTC,2026-06-20 12:05:30 UTC,2026-06-20 12:05:20 UTC,2026-06-20 12:05:17 UTC,2026-06-20 12:05:14 UTC,NA,2026-06-20 12:07:55 UTC,2026-06-20 12:07:34 UTC,2026-06-20 12:07:12 UTC,2026-06-20 12:06:48 UTC,2026-06-20 12:06:29 UTC,2026-06-20 12:05:54 UTC,2026-06-20 12:05:49 UTC,2026-06-20 12:09:11 UTC,2026-06-20 12:09:05 UTC,2026-06-20 12:09:00 UTC,2026-06-20 12:08:58 UTC,NA,2026-06-20 12:08:38 UTC,2026-06-20 12:08:36 UTC,2026-06-20 12:08:29 UTC,2026-06-20 12:08:26 UTC,2026-06-20 12:08:21 UTC,2026-06-20 12:07:56 UTC,2026-06-20 12:07:39 UTC,2026-06-20 12:07:15 UTC,2026-06-20 12:06:59 UTC,2026-06-20 12:06:30 UTC,2026-06-20 12:06:11 UTC,2026-06-20 12:06:02 UTC,2026-06-20 12:05:45 UTC,2026-06-20 12:05:22 UTC,2026-06-20 12:05:05 UTC,2026-06-20 12:04:53 UTC,2026-06-20 12:09:13 UTC,2026-06-20 12:09:18 UTC,2026-06-20 12:08:40 UTC,2026-06-20 12:08:06 UTC,end_normal
4c146937ad2e8c5d1aa3f3ffd7cb96d7,2026-06-20 05:39:20 UTC,2026-06-20 05:48:31 UTC,2026-06-20 05:39:42 UTC,1,3,3,3,3,NA,2,3,3,3,3,NA,option_2,option_1,option_1,option_2,option_2,5,sf,NA,3,NA,3,syddanmark,grundskole,1971,Mand,1977,NA,2026-06-20 05:40:29 UTC,NA,2026-06-20 05:40:18 UTC,2026-06-20 05:40:04 UTC,2026-06-20 05:39:57 UTC,2026-06-20 05:39:53 UTC,NA,2026-06-20 05:45:28 UTC,2026-06-20 05:43:17 UTC,2026-06-20 05:42:43 UTC,2026-06-20 05:42:22 UTC,2026-06-20 05:41:54 UTC,2026-06-20 05:40:38 UTC,2026-06-20 05:40:57 UTC,2026-06-20 05:47:44 UTC,2026-06-20 05:47:42 UTC,2026-06-20 05:47:40 UTC,2026-06-20 05:47:39 UTC,NA,2026-06-20 05:46:36 UTC,2026-06-20 05:47:22 UTC,2026-06-20 05:47:18 UTC,2026-06-20 05:47:16 UTC,2026-06-20 05:46:56 UTC,2026-06-20 05:45:29 UTC,2026-06-20 05:43:19 UTC,2026-06-20 05:42:44 UTC,2026-06-20 05:42:24 UTC,2026-06-20 05:42:00 UTC,2026-06-20 05:41:25 UTC,2026-06-20 05:41:02 UTC,2026-06-20 05:40:30 UTC,2026-06-20 05:40:06 UTC,2026-06-20 05:39:38 UTC,2026-06-20 05:39:20 UTC,2026-06-20 05:47:54 UTC,2026-06-20 05:47:56 UTC,2026-06-20 05:47:24 UTC,2026-06-20 05:45:39 UTC,end_normal
4c191df65db17321063bb452a0e7b35b,2026-06-20 04:20:24 UTC,2026-06-20 04:25:26 UTC,2026-06-20 04:21:06 UTC,NA,NA,NA,NA,NA,NA,NA,NA,NA,NA,NA,NA,NA,NA,NA,option_2,option_2,8,socialdemokratiet,3,2,1,2,midtjylland,gymnasial,1951,Mand,1684,2026-06-20 04:22:24 UTC,2026-06-20 04:22:15 UTC,2026-06-20 04:22:04 UTC,2026-06-20 04:21:48 UTC,2026-06-20 04:21:30 UTC,2026-06-20 04:21:26 UTC,2026-06-20 04:21:18 UTC,NA,NA,NA,NA,2026-06-20 04:23:52 UTC,2026-06-20 04:23:19 UTC,2026-06-20 04:22:36 UTC,2026-06-20 04:22:50 UTC,NA,NA,NA,NA,NA,NA,NA,NA,NA,NA,NA,NA,NA,2026-06-20 04:23:57 UTC,2026-06-20 04:23:25 UTC,2026-06-20 04:23:08 UTC,2026-06-20 04:22:54 UTC,2026-06-20 04:22:27 UTC,2026-06-20 04:21:33 UTC,2026-06-20 04:21:02 UTC,2026-06-20 04:20:24 UTC,NA,NA,NA,NA,cbc_q3_page
4c50c75b0eb12b1cba176c93856a1670,2026-06-19 20:02:58 UTC,2026-06-19 20:10:55 UTC,2026-06-19 20:03:23 UTC,NA,NA,NA,NA,NA,NA,1,1,2,2,1,NA,option_2,option_2,option_1,option_1,option_2,5,socialdemokratiet,NA,3,1,2,midtjylland,kort_videre,1973,Kvinde,1119,NA,2026-06-19 20:04:58 UTC,2026-06-19 20:04:47 UTC,2026-06-19 20:04:28 UTC,2026-06-19 20:04:03 UTC,2026-06-19 20:03:51 UTC,2026-06-19 20:03:30 UTC,NA,2026-06-19 20:08:31 UTC,2026-06-19 20:07:48 UTC,2026-06-19 20:07:14 UTC,2026-06-19 20:06:43 UTC,2026-06-19 20:06:13 UTC,2026-06-19 20:05:18 UTC,2026-06-19 20:05:07 UTC,NA,NA,NA,NA,NA,2026-06-19 20:09:19 UTC,2026-06-19 20:09:15 UTC,2026-06-19 20:09:11 UTC,2026-06-19 20:09:34 UTC,2026-06-19 20:08:59 UTC,2026-06-19 20:08:32 UTC,2026-06-19 20:07:50 UTC,2026-06-19 20:07:20 UTC,2026-06-19 20:06:43 UTC,2026-06-19 20:06:15 UTC,2026-06-19 20:05:35 UTC,2026-06-19 20:05:19 UTC,2026-06-19 20:05:00 UTC,2026-06-19 20:04:04 UTC,2026-06-19 20:03:18 UTC,2026-06-19 20:02:58 UTC,NA,2026-06-19 20:10:22 UTC,2026-06-19 20:09:36 UTC,2026-06-19 20:08:41 UTC,end_normal
4c878744fd579904d681ac143f481f2a,2026-06-20 10:02:03 UTC,2026-06-20 10:11:37 UTC,2026-06-20 10:02:16 UTC,4,2,3,3,3,NA,2,2,2,2,2,NA,option_1,option_1,option_1,option_1,option_1,0,venstre,1,2,NA,1,midtjylland,mellemlang_videre,1979,Kvinde,380,2026-06-20 10:03:23 UTC,2026-06-20 10:02:57 UTC,NA,2026-06-20 10:02:49 UTC,2026-06-20 10:02:40 UTC,2026-06-20 10:02:35 UTC,2026-06-20 10:02:25 UTC,NA,2026-06-20 10:05:51 UTC,2026-06-20 10:05:42 UTC,2026-06-20 10:05:28 UTC,2026-06-20 10:05:17 UTC,2026-06-20 10:05:09 UTC,2026-06-20 10:03:31 UTC,2026-06-20 10:03:46 UTC,2026-06-20 10:07:54 UTC,2026-06-20 10:08:11 UTC,2026-06-20 10:08:26 UTC,2026-06-20 10:08:27 UTC,NA,2026-06-20 10:07:06 UTC,2026-06-20 10:06:53 UTC,2026-06-20 10:06:55 UTC,2026-06-20 10:07:07 UTC,2026-06-20 10:07:08 UTC,2026-06-20 10:05:57 UTC,NA,2026-06-20 10:05:35 UTC,2026-06-20 10:05:20 UTC,2026-06-20 10:05:11 UTC,2026-06-20 10:04:08 UTC,2026-06-20 10:03:52 UTC,2026-06-20 10:03:23 UTC,2026-06-20 10:02:40 UTC,2026-06-20 10:02:11 UTC,2026-06-20 10:02:03 UTC,2026-06-20 10:07:45 UTC,2026-06-20 10:08:31 UTC,2026-06-20 10:07:10 UTC,2026-06-20 10:06:06 UTC,end_normal
4ca715e3393a31751571687383291f0c,2026-05-24 08:23:49 UTC,2026-05-24 08:31:23 UTC,2026-05-24 08:24:09 UTC,5,5,5,5,5,NA,5,4,5,4,4,NA,option_2,option_2,option_1,option_1,option_2,2,dansk_folkeparti,3,2,NA,1,midtjylland,erhvervsuddannelse,1973,Kvinde,1134,2026-05-24 08:25:23 UTC,2026-05-24 08:25:10 UTC,NA,2026-05-24 08:24:54 UTC,2026-05-24 08:24:39 UTC,2026-05-24 08:24:35 UTC,2026-05-24 08:24:18 UTC,NA,2026-05-24 08:29:11 UTC,2026-05-24 08:28:51 UTC,2026-05-24 08:28:09 UTC,2026-05-24 08:26:50 UTC,2026-05-24 08:26:32 UTC,2026-05-24 08:25:46 UTC,2026-05-24 08:25:38 UTC,2026-05-24 08:30:56 UTC,2026-05-24 08:30:56 UTC,2026-05-24 08:30:54 UTC,2026-05-24 08:30:54 UTC,NA,2026-05-24 08:30:31 UTC,2026-05-24 08:30:29 UTC,2026-05-24 08:30:24 UTC,2026-05-24 08:30:15 UTC,2026-05-24 08:30:14 UTC,2026-05-24 08:29:12 UTC,2026-05-24 08:28:52 UTC,2026-05-24 08:28:10 UTC,2026-05-24 08:26:52 UTC,2026-05-24 08:26:33 UTC,2026-05-24 08:25:56 UTC,2026-05-24 08:25:50 UTC,2026-05-24 08:25:26 UTC,2026-05-24 08:24:39 UTC,2026-05-24 08:24:04 UTC,2026-05-24 08:23:49 UTC,2026-05-24 08:30:57 UTC,2026-05-24 08:31:00 UTC,2026-05-24 08:30:33 UTC,2026-05-24 08:29:18 UTC,end_normal
4caedb453646658ef4ce0b2e7fdd4ee5,2026-05-16 09:26:58 UTC,2026-05-16 09:33:14 UTC,2026-05-16 09:27:09 UTC,1,3,3,3,3,NA,2,3,3,3,2,NA,option_2,option_1,option_2,option_1,option_1,7,sf,NA,3,NA,3,midtjylland,lang_videre,1971,Kvinde,24,NA,2026-05-16 09:27:48 UTC,NA,2026-05-16 09:27:41 UTC,2026-05-16 09:27:24 UTC,2026-05-16 09:27:21 UTC,2026-05-16 09:27:18 UTC,NA,2026-05-16 09:30:49 UTC,2026-05-16 09:30:32 UTC,2026-05-16 09:30:18 UTC,2026-05-16 09:29:39 UTC,2026-05-16 09:28:57 UTC,2026-05-16 09:28:06 UTC,2026-05-16 09:27:55 UTC,2026-05-16 09:32:35 UTC,2026-05-16 09:32:32 UTC,2026-05-16 09:32:27 UTC,2026-05-16 09:32:21 UTC,NA,2026-05-16 09:32:07 UTC,2026-05-16 09:32:02 UTC,2026-05-16 09:31:59 UTC,2026-05-16 09:31:56 UTC,2026-05-16 09:31:55 UTC,2026-05-16 09:30:50 UTC,2026-05-16 09:30:34 UTC,2026-05-16 09:30:19 UTC,2026-05-16 09:29:40 UTC,2026-05-16 09:28:59 UTC,2026-05-16 09:28:30 UTC,2026-05-16 09:28:17 UTC,2026-05-16 09:27:49 UTC,2026-05-16 09:27:25 UTC,2026-05-16 09:27:05 UTC,2026-05-16 09:26:58 UTC,2026-05-16 09:32:39 UTC,2026-05-16 09:32:39 UTC,2026-05-16 09:32:08 UTC,2026-05-16 09:31:01 UTC,end_normal
4ceebf863c4965192d4e8d2610844f95,2026-06-20 01:09:57 UTC,2026-06-20 01:16:14 UTC,2026-06-20 01:10:16 UTC,1,1,1,1,1,NA,1,1,1,1,1,NA,option_1,option_2,option_2,option_1,option_2,6,alternativet,NA,3,NA,3,midtjylland,mellemlang_videre,2004,Andet,1061,NA,2026-06-20 01:10:53 UTC,NA,2026-06-20 01:10:45 UTC,2026-06-20 01:10:33 UTC,2026-06-20 01:10:28 UTC,2026-06-20 01:10:21 UTC,NA,2026-06-20 01:14:26 UTC,2026-06-20 01:14:03 UTC,2026-06-20 01:13:19 UTC,2026-06-20 01:12:55 UTC,2026-06-20 01:12:23 UTC,2026-06-20 01:11:13 UTC,2026-06-20 01:11:04 UTC,2026-06-20 01:15:30 UTC,2026-06-20 01:15:28 UTC,2026-06-20 01:15:28 UTC,2026-06-20 01:15:26 UTC,NA,2026-06-20 01:15:09 UTC,2026-06-20 01:15:09 UTC,2026-06-20 01:15:06 UTC,2026-06-20 01:15:04 UTC,2026-06-20 01:15:01 UTC,2026-06-20 01:14:28 UTC,2026-06-20 01:14:07 UTC,2026-06-20 01:13:39 UTC,2026-06-20 01:12:59 UTC,2026-06-20 01:12:24 UTC,2026-06-20 01:11:30 UTC,2026-06-20 01:11:14 UTC,2026-06-20 01:10:54 UTC,2026-06-20 01:10:36 UTC,2026-06-20 01:10:10 UTC,2026-06-20 01:09:57 UTC,2026-06-20 01:15:30 UTC,2026-06-20 01:15:31 UTC,2026-06-20 01:15:14 UTC,2026-06-20 01:14:38 UTC,end_normal
4d99d1174fa3a6745ae66c19a21a7ead,2026-05-13 15:38:17 UTC,2026-05-13 15:43:28 UTC,2026-05-13 15:38:50 UTC,NA,NA,NA,NA,NA,NA,NA,NA,NA,NA,NA,NA,NA,NA,option_1,option_2,option_1,4,enhedslisten,NA,3,NA,3,hovedstaden,lang_videre,2000,Mand,1767,NA,2026-05-13 15:40:20 UTC,NA,2026-05-13 15:40:04 UTC,2026-05-13 15:39:52 UTC,2026-05-13 15:39:47 UTC,2026-05-13 15:39:39 UTC,NA,NA,NA,2026-05-13 15:42:39 UTC,2026-05-13 15:42:13 UTC,2026-05-13 15:41:39 UTC,2026-05-13 15:40:39 UTC,2026-05-13 15:40:32 UTC,NA,NA,NA,NA,NA,NA,NA,NA,NA,NA,NA,NA,2026-05-13 15:42:43 UTC,2026-05-13 15:42:15 UTC,2026-05-13 15:41:43 UTC,2026-05-13 15:40:52 UTC,NA,2026-05-13 15:40:22 UTC,2026-05-13 15:39:54 UTC,2026-05-13 15:38:46 UTC,2026-05-13 15:38:17 UTC,NA,NA,NA,NA,cbc_q4_page
4df119399a7ab050beec937b68d54ad4,2026-06-20 08:33:15 UTC,2026-06-20 08:43:42 UTC,2026-06-20 08:33:34 UTC,1,1,2,2,1,NA,1,3,3,3,2,NA,option_1,option_2,option_1,option_1,option_1,5,enhedslisten,NA,3,NA,3,syddanmark,kort_videre,1950,Mand,273,NA,2026-06-20 08:34:42 UTC,NA,2026-06-20 08:34:22 UTC,2026-06-20 08:33:59 UTC,2026-06-20 08:33:54 UTC,2026-06-20 08:33:48 UTC,NA,2026-06-20 08:40:02 UTC,2026-06-20 08:39:08 UTC,2026-06-20 08:38:35 UTC,2026-06-20 08:37:47 UTC,2026-06-20 08:36:49 UTC,2026-06-20 08:35:15 UTC,2026-06-20 08:34:56 UTC,2026-06-20 08:42:57 UTC,2026-06-20 08:42:45 UTC,2026-06-20 08:42:39 UTC,2026-06-20 08:42:35 UTC,NA,2026-06-20 08:41:57 UTC,2026-06-20 08:41:42 UTC,2026-06-20 08:41:38 UTC,2026-06-20 08:41:29 UTC,2026-06-20 08:41:07 UTC,2026-06-20 08:40:04 UTC,2026-06-20 08:39:10 UTC,2026-06-20 08:38:38 UTC,2026-06-20 08:37:48 UTC,2026-06-20 08:36:52 UTC,2026-06-20 08:35:52 UTC,2026-06-20 08:35:19 UTC,2026-06-20 08:34:43 UTC,2026-06-20 08:34:03 UTC,2026-06-20 08:33:26 UTC,2026-06-20 08:33:15 UTC,2026-06-20 08:43:00 UTC,2026-06-20 08:43:01 UTC,2026-06-20 08:41:59 UTC,2026-06-20 08:40:13 UTC,end_normal
4e0b5e687360eff2cecbfefd07eec67d,2026-06-20 06:46:07 UTC,2026-06-20 06:51:47 UTC,2026-06-20 06:46:17 UTC,1,4,4,4,4,NA,3,5,4,4,4,NA,option_1,option_1,option_2,option_2,option_1,5,sf,NA,3,1,2,midtjylland,mellemlang_videre,1963,Kvinde,1714,NA,2026-06-20 06:47:10 UTC,2026-06-20 06:46:55 UTC,2026-06-20 06:46:48 UTC,2026-06-20 06:46:34 UTC,2026-06-20 06:46:31 UTC,2026-06-20 06:46:24 UTC,NA,2026-06-20 06:49:44 UTC,2026-06-20 06:49:22 UTC,2026-06-20 06:48:54 UTC,2026-06-20 06:48:36 UTC,2026-06-20 06:48:16 UTC,2026-06-20 06:47:26 UTC,2026-06-20 06:47:18 UTC,2026-06-20 06:51:19 UTC,2026-06-20 06:51:16 UTC,2026-06-20 06:51:14 UTC,2026-06-20 06:51:11 UTC,NA,2026-06-20 06:50:52 UTC,2026-06-20 06:50:47 UTC,2026-06-20 06:50:37 UTC,2026-06-20 06:50:31 UTC,2026-06-20 06:50:22 UTC,2026-06-20 06:49:48 UTC,2026-06-20 06:49:25 UTC,2026-06-20 06:49:01 UTC,2026-06-20 06:48:38 UTC,2026-06-20 06:48:21 UTC,2026-06-20 06:47:36 UTC,2026-06-20 06:47:28 UTC,2026-06-20 06:47:10 UTC,2026-06-20 06:46:35 UTC,2026-06-20 06:46:13 UTC,2026-06-20 06:46:07 UTC,2026-06-20 06:51:22 UTC,2026-06-20 06:51:24 UTC,2026-06-20 06:50:54 UTC,2026-06-20 06:50:01 UTC,end_normal
4e2f6e109d482ff152420ebb364451ed,2026-06-20 00:05:55 UTC,2026-06-20 00:11:10 UTC,2026-06-20 00:06:07 UTC,4,4,4,4,4,NA,3,3,3,3,3,NA,option_1,option_1,option_1,option_1,option_1,7,liberal_alliance,NA,1,NA,1,sjaelland,kort_videre,1975,Mand,865,NA,2026-06-20 00:07:12 UTC,NA,2026-06-20 00:07:01 UTC,2026-06-20 00:06:35 UTC,2026-06-20 00:06:31 UTC,2026-06-20 00:06:21 UTC,NA,2026-06-20 00:09:23 UTC,2026-06-20 00:09:07 UTC,2026-06-20 00:08:51 UTC,2026-06-20 00:08:33 UTC,2026-06-20 00:08:08 UTC,2026-06-20 00:07:27 UTC,2026-06-20 00:07:22 UTC,2026-06-20 00:10:35 UTC,2026-06-20 00:10:34 UTC,2026-06-20 00:10:32 UTC,2026-06-20 00:10:31 UTC,NA,2026-06-20 00:10:17 UTC,2026-06-20 00:10:14 UTC,2026-06-20 00:10:13 UTC,2026-06-20 00:10:08 UTC,2026-06-20 00:10:04 UTC,2026-06-20 00:09:24 UTC,2026-06-20 00:09:09 UTC,2026-06-20 00:08:53 UTC,2026-06-20 00:08:35 UTC,2026-06-20 00:08:09 UTC,2026-06-20 00:07:32 UTC,2026-06-20 00:07:29 UTC,2026-06-20 00:07:12 UTC,2026-06-20 00:06:36 UTC,2026-06-20 00:06:02 UTC,2026-06-20 00:05:55 UTC,2026-06-20 00:10:37 UTC,2026-06-20 00:10:37 UTC,2026-06-20 00:10:17 UTC,2026-06-20 00:09:33 UTC,end_normal
4e77295da06c0fe4ed7a265f2373e2d6,2026-05-24 10:58:39 UTC,2026-05-24 11:05:56 UTC,2026-05-24 10:58:52 UTC,2,3,4,3,3,NA,4,3,4,4,3,NA,option_2,option_1,option_2,option_1,option_1,7,socialdemokratiet,3,2,1,2,midtjylland,mellemlang_videre,1962,Kvinde,99,2026-05-24 10:59:47 UTC,2026-05-24 10:59:38 UTC,2026-05-24 10:59:30 UTC,2026-05-24 10:59:22 UTC,2026-05-24 10:59:07 UTC,2026-05-24 10:59:03 UTC,2026-05-24 10:58:57 UTC,NA,2026-05-24 11:03:11 UTC,2026-05-24 11:02:22 UTC,2026-05-24 11:02:03 UTC,2026-05-24 11:01:35 UTC,2026-05-24 11:01:10 UTC,2026-05-24 11:00:00 UTC,2026-05-24 10:59:55 UTC,2026-05-24 11:05:13 UTC,2026-05-24 11:05:04 UTC,2026-05-24 11:04:59 UTC,2026-05-24 11:04:51 UTC,NA,2026-05-24 11:04:35 UTC,2026-05-24 11:04:23 UTC,2026-05-24 11:04:20 UTC,2026-05-24 11:04:14 UTC,2026-05-24 11:04:11 UTC,2026-05-24 11:03:15 UTC,2026-05-24 11:02:25 UTC,2026-05-24 11:02:07 UTC,2026-05-24 11:01:39 UTC,2026-05-24 11:01:11 UTC,2026-05-24 11:00:17 UTC,2026-05-24 11:00:02 UTC,2026-05-24 10:59:49 UTC,2026-05-24 10:59:07 UTC,2026-05-24 10:58:46 UTC,2026-05-24 10:58:39 UTC,2026-05-24 11:05:13 UTC,2026-05-24 11:05:18 UTC,2026-05-24 11:04:35 UTC,2026-05-24 11:03:26 UTC,end_normal
4f6e603c8b9e1332934e77c1484af44b,2026-05-17 04:59:45 UTC,2026-05-17 05:05:35 UTC,2026-05-17 05:00:22 UTC,NA,NA,NA,NA,NA,NA,NA,NA,NA,NA,NA,NA,option_2,option_2,option_2,option_2,option_2,8,socialdemokratiet,NA,3,1,2,hovedstaden,lang_videre,1992,Mand,157,NA,2026-05-17 05:01:06 UTC,2026-05-17 05:00:51 UTC,2026-05-17 05:00:42 UTC,2026-05-17 05:00:34 UTC,2026-05-17 05:00:32 UTC,2026-05-17 05:00:26 UTC,NA,2026-05-17 05:04:28 UTC,2026-05-17 05:03:34 UTC,2026-05-17 05:03:07 UTC,2026-05-17 05:02:40 UTC,2026-05-17 05:02:12 UTC,2026-05-17 05:01:15 UTC,2026-05-17 05:01:11 UTC,NA,NA,NA,NA,NA,NA,NA,NA,NA,NA,2026-05-17 05:04:31 UTC,2026-05-17 05:03:43 UTC,2026-05-17 05:03:08 UTC,2026-05-17 05:02:40 UTC,2026-05-17 05:02:12 UTC,2026-05-17 05:01:25 UTC,2026-05-17 05:01:21 UTC,2026-05-17 05:01:07 UTC,2026-05-17 05:00:34 UTC,2026-05-17 05:00:17 UTC,2026-05-17 04:59:45 UTC,NA,NA,NA,2026-05-17 05:04:34 UTC,single_profile_1
4fc738ebb3a644664c11ade7076b2427,2026-05-18 04:15:16 UTC,2026-05-18 04:23:37 UTC,2026-05-18 04:15:32 UTC,NA,NA,NA,NA,NA,NA,NA,NA,NA,NA,NA,NA,option_2,option_1,option_1,option_2,option_2,6,liberal_alliance,1,2,NA,1,midtjylland,gymnasial,1965,Kvinde,1350,2026-05-18 04:16:42 UTC,2026-05-18 04:16:26 UTC,NA,2026-05-18 04:16:11 UTC,2026-05-18 04:15:56 UTC,2026-05-18 04:15:51 UTC,2026-05-18 04:15:41 UTC,NA,2026-05-18 04:19:05 UTC,2026-05-18 04:18:27 UTC,2026-05-18 04:18:07 UTC,2026-05-18 04:17:50 UTC,2026-05-18 04:17:33 UTC,2026-05-18 04:17:01 UTC,2026-05-18 04:16:50 UTC,NA,NA,NA,NA,NA,NA,NA,NA,NA,NA,2026-05-18 04:19:06 UTC,2026-05-18 04:18:32 UTC,2026-05-18 04:18:13 UTC,2026-05-18 04:17:55 UTC,2026-05-18 04:17:33 UTC,2026-05-18 04:17:10 UTC,2026-05-18 04:17:05 UTC,2026-05-18 04:16:42 UTC,2026-05-18 04:15:56 UTC,2026-05-18 04:15:28 UTC,2026-05-18 04:15:16 UTC,NA,NA,NA,2026-05-18 04:19:12 UTC,single_profile_1
4fc7fb94c2c101384cd7f800084ebf62,2026-06-19 19:44:50 UTC,2026-06-19 19:57:24 UTC,2026-06-19 19:45:05 UTC,2,3,3,3,3,NA,2,3,4,3,3,NA,option_2,option_1,option_2,option_1,option_2,7,sf,3,2,1,2,sjaelland,erhvervsuddannelse,1957,Kvinde,1675,2026-06-19 19:46:00 UTC,2026-06-19 19:45:52 UTC,2026-06-19 19:45:44 UTC,2026-06-19 19:45:34 UTC,2026-06-19 19:45:22 UTC,2026-06-19 19:45:19 UTC,2026-06-19 19:45:11 UTC,NA,2026-06-19 19:49:18 UTC,2026-06-19 19:48:42 UTC,2026-06-19 19:48:14 UTC,2026-06-19 19:47:36 UTC,2026-06-19 19:47:07 UTC,2026-06-19 19:46:20 UTC,2026-06-19 19:46:14 UTC,2026-06-19 19:51:08 UTC,2026-06-19 19:51:05 UTC,2026-06-19 19:50:59 UTC,2026-06-19 19:51:04 UTC,NA,2026-06-19 19:50:34 UTC,2026-06-19 19:50:15 UTC,2026-06-19 19:50:12 UTC,2026-06-19 19:50:07 UTC,2026-06-19 19:49:51 UTC,2026-06-19 19:49:19 UTC,2026-06-19 19:48:46 UTC,2026-06-19 19:48:23 UTC,2026-06-19 19:47:41 UTC,2026-06-19 19:47:09 UTC,2026-06-19 19:46:37 UTC,2026-06-19 19:46:21 UTC,NA,2026-06-19 19:45:24 UTC,2026-06-19 19:45:00 UTC,2026-06-19 19:44:50 UTC,2026-06-19 19:51:13 UTC,2026-06-19 19:51:25 UTC,2026-06-19 19:50:35 UTC,2026-06-19 19:49:29 UTC,end_normal
4fdbd8da62e457e7126261041b2f70f6,2026-06-02 18:09:59 UTC,2026-06-02 18:14:31 UTC,2026-06-02 18:11:11 UTC,NA,NA,NA,NA,NA,NA,NA,NA,NA,NA,NA,NA,option_1,option_1,option_2,option_2,option_2,3,dansk_folkeparti,NA,1,NA,1,syddanmark,grundskole,2007,Kvinde,482,NA,2026-06-02 18:11:47 UTC,NA,2026-06-02 18:11:38 UTC,2026-06-02 18:11:28 UTC,2026-06-02 18:11:20 UTC,2026-06-02 18:11:13 UTC,NA,2026-06-02 18:13:56 UTC,2026-06-02 18:13:36 UTC,2026-06-02 18:13:18 UTC,2026-06-02 18:13:01 UTC,2026-06-02 18:12:38 UTC,2026-06-02 18:12:08 UTC,2026-06-02 18:12:01 UTC,NA,NA,NA,NA,NA,NA,NA,NA,NA,NA,2026-06-02 18:13:56 UTC,2026-06-02 18:13:37 UTC,2026-06-02 18:13:19 UTC,2026-06-02 18:13:02 UTC,2026-06-02 18:12:39 UTC,2026-06-02 18:12:12 UTC,2026-06-02 18:12:08 UTC,2026-06-02 18:11:47 UTC,2026-06-02 18:11:29 UTC,2026-06-02 18:11:07 UTC,2026-06-02 18:09:59 UTC,NA,NA,NA,2026-06-02 18:14:04 UTC,single_profile_1
5068091b6a18225be73864d1afc967bc,2026-06-19 19:42:02 UTC,2026-06-19 19:52:15 UTC,2026-06-19 19:42:12 UTC,NA,NA,NA,NA,NA,NA,NA,NA,NA,NA,NA,NA,NA,NA,NA,NA,NA,5,radikale,NA,3,3,2,midtjylland,mellemlang_videre,1971,Kvinde,16,NA,2026-06-19 19:43:02 UTC,2026-06-19 19:42:46 UTC,2026-06-19 19:42:38 UTC,2026-06-19 19:42:28 UTC,2026-06-19 19:42:25 UTC,2026-06-19 19:42:23 UTC,NA,NA,NA,NA,NA,NA,2026-06-19 19:43:18 UTC,2026-06-19 19:43:13 UTC,NA,NA,NA,NA,NA,NA,NA,NA,NA,NA,NA,NA,NA,NA,NA,2026-06-19 19:43:28 UTC,2026-06-19 19:43:20 UTC,2026-06-19 19:43:07 UTC,2026-06-19 19:42:30 UTC,2026-06-19 19:42:09 UTC,2026-06-19 19:42:02 UTC,NA,NA,NA,NA,cbc_q1_page
50b96bbbe2f526034cca3dcc4f97a2dc,2026-05-23 17:18:39 UTC,2026-05-23 17:27:55 UTC,2026-05-23 17:19:25 UTC,2,2,3,3,3,NA,3,2,4,4,2,NA,option_2,option_2,option_2,option_2,option_2,6,socialdemokratiet,NA,3,NA,3,midtjylland,lang_videre,1953,Kvinde,582,NA,2026-05-23 17:20:42 UTC,NA,2026-05-23 17:20:28 UTC,2026-05-23 17:19:52 UTC,2026-05-23 17:19:45 UTC,2026-05-23 17:19:38 UTC,NA,2026-05-23 17:25:04 UTC,2026-05-23 17:24:37 UTC,2026-05-23 17:23:48 UTC,2026-05-23 17:23:18 UTC,2026-05-23 17:22:07 UTC,2026-05-23 17:20:59 UTC,2026-05-23 17:20:50 UTC,2026-05-23 17:27:14 UTC,2026-05-23 17:27:08 UTC,2026-05-23 17:27:05 UTC,2026-05-23 17:27:03 UTC,NA,2026-05-23 17:26:28 UTC,2026-05-23 17:26:23 UTC,2026-05-23 17:26:18 UTC,2026-05-23 17:26:02 UTC,2026-05-23 17:25:58 UTC,2026-05-23 17:25:06 UTC,2026-05-23 17:24:39 UTC,2026-05-23 17:23:48 UTC,2026-05-23 17:23:20 UTC,2026-05-23 17:22:13 UTC,2026-05-23 17:21:20 UTC,2026-05-23 17:21:01 UTC,2026-05-23 17:20:43 UTC,2026-05-23 17:19:53 UTC,2026-05-23 17:19:20 UTC,2026-05-23 17:18:39 UTC,2026-05-23 17:27:18 UTC,2026-05-23 17:27:19 UTC,2026-05-23 17:26:32 UTC,2026-05-23 17:25:20 UTC,end_normal
5137fd85732939488e8c46129f369286,2026-06-19 19:52:04 UTC,2026-06-19 19:57:12 UTC,2026-06-19 19:52:30 UTC,NA,NA,NA,NA,NA,NA,NA,NA,NA,NA,NA,NA,NA,option_2,option_2,option_2,option_2,2,venstre,3,2,NA,1,sjaelland,kort_videre,1956,Kvinde,1399,2026-06-19 19:53:59 UTC,2026-06-19 19:53:45 UTC,NA,2026-06-19 19:53:33 UTC,2026-06-19 19:53:20 UTC,2026-06-19 19:53:11 UTC,2026-06-19 19:52:40 UTC,NA,NA,2026-06-19 19:56:19 UTC,2026-06-19 19:56:05 UTC,2026-06-19 19:55:44 UTC,2026-06-19 19:55:24 UTC,2026-06-19 19:54:22 UTC,2026-06-19 19:54:13 UTC,NA,NA,NA,NA,NA,NA,NA,NA,NA,NA,NA,2026-06-19 19:56:22 UTC,2026-06-19 19:56:06 UTC,2026-06-19 19:55:45 UTC,2026-06-19 19:55:26 UTC,2026-06-19 19:54:39 UTC,2026-06-19 19:54:24 UTC,2026-06-19 19:53:59 UTC,2026-06-19 19:53:22 UTC,2026-06-19 19:52:25 UTC,2026-06-19 19:52:04 UTC,NA,NA,NA,NA,cbc_q5_page
514758083a86b85e03587d42d321e2d7,2026-06-02 21:05:57 UTC,2026-06-02 21:07:56 UTC,2026-06-02 21:06:11 UTC,NA,NA,NA,NA,NA,NA,NA,NA,NA,NA,NA,NA,NA,NA,NA,NA,NA,8,sf,NA,3,NA,3,nordjylland,mellemlang_videre,1964,Kvinde,983,NA,2026-06-02 21:07:04 UTC,NA,2026-06-02 21:06:50 UTC,2026-06-02 21:06:39 UTC,2026-06-02 21:06:34 UTC,2026-06-02 21:06:20 UTC,NA,NA,NA,NA,NA,NA,2026-06-02 21:07:18 UTC,2026-06-02 21:07:11 UTC,NA,NA,NA,NA,NA,NA,NA,NA,NA,NA,NA,NA,NA,NA,NA,2026-06-02 21:07:30 UTC,2026-06-02 21:07:18 UTC,2026-06-02 21:07:05 UTC,2026-06-02 21:06:40 UTC,2026-06-02 21:06:06 UTC,2026-06-02 21:05:57 UTC,NA,NA,NA,NA,cbc_q1_page
517ac4c931f5c6ca9cbec4b3e132a835,2026-06-02 17:19:18 UTC,2026-06-02 17:28:12 UTC,2026-06-02 17:20:14 UTC,1,1,1,1,1,NA,1,2,4,4,2,NA,option_2,option_2,option_2,option_2,option_2,1,dansk_folkeparti,1,2,NA,1,midtjylland,grundskole,1958,Kvinde,119,2026-06-02 17:21:43 UTC,2026-06-02 17:21:32 UTC,NA,2026-06-02 17:21:10 UTC,2026-06-02 17:20:50 UTC,2026-06-02 17:20:38 UTC,2026-06-02 17:20:30 UTC,NA,2026-06-02 17:24:25 UTC,2026-06-02 17:24:14 UTC,2026-06-02 17:23:59 UTC,2026-06-02 17:23:29 UTC,2026-06-02 17:23:11 UTC,2026-06-02 17:22:09 UTC,2026-06-02 17:22:02 UTC,2026-06-02 17:27:35 UTC,2026-06-02 17:27:31 UTC,2026-06-02 17:27:26 UTC,2026-06-02 17:27:18 UTC,NA,2026-06-02 17:26:38 UTC,2026-06-02 17:26:34 UTC,2026-06-02 17:26:23 UTC,2026-06-02 17:26:13 UTC,2026-06-02 17:26:04 UTC,2026-06-02 17:24:25 UTC,2026-06-02 17:24:19 UTC,2026-06-02 17:24:08 UTC,2026-06-02 17:23:33 UTC,2026-06-02 17:23:13 UTC,2026-06-02 17:22:29 UTC,2026-06-02 17:22:12 UTC,2026-06-02 17:21:47 UTC,2026-06-02 17:20:52 UTC,2026-06-02 17:20:09 UTC,2026-06-02 17:19:18 UTC,2026-06-02 17:27:39 UTC,2026-06-02 17:27:44 UTC,2026-06-02 17:26:41 UTC,2026-06-02 17:24:39 UTC,end_normal
51afd972971ac965aa8f1acde4cf7164,2026-06-20 07:50:03 UTC,2026-06-20 07:56:45 UTC,2026-06-20 07:50:20 UTC,3,2,2,3,2,NA,1,2,3,4,3,NA,option_2,option_2,option_2,option_1,option_2,0,venstre,3,2,1,2,midtjylland,gymnasial,2005,Kvinde,1233,2026-06-20 07:51:36 UTC,2026-06-20 07:51:33 UTC,2026-06-20 07:51:18 UTC,2026-06-20 07:51:08 UTC,2026-06-20 07:50:32 UTC,2026-06-20 07:50:26 UTC,2026-06-20 07:50:23 UTC,NA,2026-06-20 07:54:55 UTC,2026-06-20 07:54:09 UTC,2026-06-20 07:53:42 UTC,2026-06-20 07:53:14 UTC,2026-06-20 07:52:40 UTC,2026-06-20 07:51:52 UTC,2026-06-20 07:51:47 UTC,2026-06-20 07:56:18 UTC,2026-06-20 07:56:15 UTC,2026-06-20 07:56:12 UTC,2026-06-20 07:56:09 UTC,NA,2026-06-20 07:55:50 UTC,2026-06-20 07:55:42 UTC,2026-06-20 07:55:39 UTC,2026-06-20 07:55:36 UTC,2026-06-20 07:55:33 UTC,2026-06-20 07:54:56 UTC,2026-06-20 07:54:09 UTC,2026-06-20 07:53:43 UTC,2026-06-20 07:53:15 UTC,2026-06-20 07:52:43 UTC,2026-06-20 07:52:06 UTC,2026-06-20 07:51:53 UTC,2026-06-20 07:51:38 UTC,2026-06-20 07:50:33 UTC,NA,2026-06-20 07:50:03 UTC,2026-06-20 07:56:21 UTC,2026-06-20 07:56:21 UTC,2026-06-20 07:55:52 UTC,2026-06-20 07:55:01 UTC,end_normal
51c15a16caa54ddb7207853b039a7658,2026-05-23 13:22:30 UTC,2026-05-23 13:28:53 UTC,2026-05-23 13:22:43 UTC,1,1,1,1,1,NA,1,2,1,1,1,NA,option_2,option_2,option_1,option_2,option_1,4,liberal_alliance,NA,1,NA,1,midtjylland,mellemlang_videre,1973,Kvinde,1860,NA,2026-05-23 13:23:28 UTC,NA,2026-05-23 13:23:07 UTC,2026-05-23 13:22:58 UTC,2026-05-23 13:22:55 UTC,2026-05-23 13:22:49 UTC,NA,2026-05-23 13:27:04 UTC,2026-05-23 13:26:32 UTC,2026-05-23 13:26:02 UTC,2026-05-23 13:25:10 UTC,2026-05-23 13:24:36 UTC,2026-05-23 13:23:44 UTC,2026-05-23 13:23:36 UTC,2026-05-23 13:28:30 UTC,2026-05-23 13:28:27 UTC,2026-05-23 13:28:26 UTC,2026-05-23 13:28:25 UTC,NA,2026-05-23 13:28:00 UTC,2026-05-23 13:27:56 UTC,2026-05-23 13:27:51 UTC,2026-05-23 13:27:48 UTC,2026-05-23 13:27:46 UTC,2026-05-23 13:27:04 UTC,2026-05-23 13:26:32 UTC,2026-05-23 13:26:02 UTC,2026-05-23 13:25:13 UTC,2026-05-23 13:24:39 UTC,2026-05-23 13:24:00 UTC,2026-05-23 13:23:46 UTC,2026-05-23 13:23:29 UTC,2026-05-23 13:22:59 UTC,2026-05-23 13:22:39 UTC,2026-05-23 13:22:30 UTC,2026-05-23 13:28:30 UTC,2026-05-23 13:28:30 UTC,2026-05-23 13:28:01 UTC,2026-05-23 13:27:12 UTC,end_normal
52138aa3bd1754db4cf972df308fc424,2026-05-23 15:20:40 UTC,2026-05-23 15:25:27 UTC,2026-05-23 15:20:53 UTC,3,3,3,3,3,NA,2,2,2,3,2,NA,option_2,option_2,option_2,option_2,option_1,4,sf,NA,1,NA,1,sjaelland,erhvervsuddannelse,1959,Kvinde,973,NA,2026-05-23 15:21:41 UTC,NA,2026-05-23 15:21:30 UTC,2026-05-23 15:21:17 UTC,2026-05-23 15:21:14 UTC,2026-05-23 15:21:03 UTC,NA,2026-05-23 15:23:53 UTC,2026-05-23 15:23:36 UTC,2026-05-23 15:23:17 UTC,2026-05-23 15:22:54 UTC,2026-05-23 15:22:38 UTC,2026-05-23 15:21:57 UTC,2026-05-23 15:21:50 UTC,2026-05-23 15:24:58 UTC,2026-05-23 15:24:57 UTC,2026-05-23 15:24:56 UTC,2026-05-23 15:24:56 UTC,NA,2026-05-23 15:24:40 UTC,2026-05-23 15:24:37 UTC,2026-05-23 15:24:31 UTC,2026-05-23 15:24:28 UTC,2026-05-23 15:24:18 UTC,2026-05-23 15:23:55 UTC,2026-05-23 15:23:37 UTC,2026-05-23 15:23:19 UTC,2026-05-23 15:22:56 UTC,2026-05-23 15:22:38 UTC,2026-05-23 15:22:04 UTC,2026-05-23 15:22:00 UTC,2026-05-23 15:21:42 UTC,2026-05-23 15:21:19 UTC,2026-05-23 15:20:48 UTC,2026-05-23 15:20:40 UTC,2026-05-23 15:24:59 UTC,2026-05-23 15:24:59 UTC,2026-05-23 15:24:40 UTC,2026-05-23 15:24:01 UTC,end_normal
522226f4fef66946e9cc9dfe554fee83,2026-06-19 21:22:34 UTC,2026-06-19 21:31:13 UTC,2026-06-19 21:22:59 UTC,4,5,5,5,5,NA,2,5,5,5,5,NA,option_1,option_1,option_2,option_1,option_2,10,sf,3,2,NA,1,sjaelland,lang_videre,1996,Kvinde,899,2026-06-19 21:24:16 UTC,2026-06-19 21:23:53 UTC,NA,2026-06-19 21:23:46 UTC,2026-06-19 21:23:21 UTC,2026-06-19 21:23:18 UTC,2026-06-19 21:23:06 UTC,NA,2026-06-19 21:27:21 UTC,2026-06-19 21:27:01 UTC,2026-06-19 21:26:39 UTC,2026-06-19 21:26:22 UTC,2026-06-19 21:25:41 UTC,2026-06-19 21:24:36 UTC,2026-06-19 21:24:32 UTC,2026-06-19 21:28:37 UTC,2026-06-19 21:28:36 UTC,2026-06-19 21:28:34 UTC,2026-06-19 21:28:31 UTC,NA,2026-06-19 21:28:17 UTC,2026-06-19 21:27:59 UTC,2026-06-19 21:27:57 UTC,2026-06-19 21:27:54 UTC,2026-06-19 21:27:51 UTC,2026-06-19 21:27:25 UTC,2026-06-19 21:27:01 UTC,2026-06-19 21:26:41 UTC,2026-06-19 21:26:25 UTC,2026-06-19 21:25:42 UTC,2026-06-19 21:24:50 UTC,2026-06-19 21:24:37 UTC,2026-06-19 21:24:20 UTC,2026-06-19 21:23:23 UTC,2026-06-19 21:22:54 UTC,2026-06-19 21:22:34 UTC,2026-06-19 21:28:47 UTC,2026-06-19 21:28:50 UTC,2026-06-19 21:28:18 UTC,2026-06-19 21:27:30 UTC,end_normal
522237ae5e177c968e928a24f9b77c73,2026-05-17 06:18:51 UTC,2026-05-17 06:24:47 UTC,2026-05-17 06:19:06 UTC,1,3,3,2,2,NA,1,1,1,1,1,NA,option_1,option_1,option_1,option_1,option_2,2,konservative,NA,1,NA,1,midtjylland,mellemlang_videre,1974,Mand,1670,NA,2026-05-17 06:19:55 UTC,NA,2026-05-17 06:19:42 UTC,2026-05-17 06:19:32 UTC,2026-05-17 06:19:26 UTC,2026-05-17 06:19:11 UTC,NA,2026-05-17 06:22:58 UTC,2026-05-17 06:22:24 UTC,2026-05-17 06:22:06 UTC,2026-05-17 06:21:46 UTC,2026-05-17 06:21:07 UTC,2026-05-17 06:20:10 UTC,2026-05-17 06:20:02 UTC,2026-05-17 06:24:10 UTC,2026-05-17 06:24:05 UTC,2026-05-17 06:24:02 UTC,2026-05-17 06:23:54 UTC,NA,2026-05-17 06:23:40 UTC,2026-05-17 06:23:31 UTC,2026-05-17 06:23:29 UTC,2026-05-17 06:23:29 UTC,2026-05-17 06:23:22 UTC,2026-05-17 06:23:00 UTC,2026-05-17 06:22:26 UTC,2026-05-17 06:22:08 UTC,2026-05-17 06:21:49 UTC,2026-05-17 06:21:11 UTC,2026-05-17 06:20:21 UTC,2026-05-17 06:20:11 UTC,2026-05-17 06:19:56 UTC,2026-05-17 06:19:34 UTC,2026-05-17 06:19:02 UTC,2026-05-17 06:18:51 UTC,2026-05-17 06:24:16 UTC,2026-05-17 06:24:18 UTC,2026-05-17 06:23:41 UTC,2026-05-17 06:23:07 UTC,end_normal
52435121407bc0050644437c9d47fea7,2026-05-12 12:04:58 UTC,2026-05-12 12:08:03 UTC,2026-05-12 12:05:22 UTC,2,2,3,2,4,NA,2,2,1,4,2,NA,option_2,option_2,option_1,option_1,option_1,5,radikale,NA,1,3,2,hovedstaden,lang_videre,1999,Mand,1243,NA,2026-05-12 12:05:41 UTC,2026-05-12 12:05:39 UTC,2026-05-12 12:05:33 UTC,2026-05-12 12:05:28 UTC,2026-05-12 12:05:26 UTC,2026-05-12 12:05:25 UTC,NA,2026-05-12 12:06:52 UTC,2026-05-12 12:06:42 UTC,2026-05-12 12:06:33 UTC,2026-05-12 12:06:21 UTC,2026-05-12 12:06:12 UTC,2026-05-12 12:05:51 UTC,2026-05-12 12:05:50 UTC,2026-05-12 12:07:28 UTC,2026-05-12 12:07:27 UTC,2026-05-12 12:07:26 UTC,2026-05-12 12:07:23 UTC,NA,2026-05-12 12:07:16 UTC,2026-05-12 12:07:13 UTC,2026-05-12 12:07:11 UTC,2026-05-12 12:07:07 UTC,2026-05-12 12:07:05 UTC,2026-05-12 12:06:53 UTC,2026-05-12 12:06:42 UTC,2026-05-12 12:06:37 UTC,2026-05-12 12:06:22 UTC,2026-05-12 12:06:15 UTC,2026-05-12 12:06:04 UTC,2026-05-12 12:05:53 UTC,2026-05-12 12:05:42 UTC,2026-05-12 12:05:29 UTC,2026-05-12 12:05:19 UTC,2026-05-12 12:04:58 UTC,2026-05-12 12:07:29 UTC,2026-05-12 12:07:36 UTC,2026-05-12 12:07:17 UTC,2026-05-12 12:06:57 UTC,end_normal
52c3e36d9d71b1a1969365e6e206bef8,2026-05-23 14:12:24 UTC,2026-05-23 14:19:08 UTC,2026-05-23 14:12:43 UTC,2,4,3,3,3,NA,3,3,3,3,2,NA,option_1,option_1,option_1,option_2,option_1,2,borgernes_parti,3,2,NA,1,midtjylland,erhvervsuddannelse,1956,Mand,1622,2026-05-23 14:13:38 UTC,2026-05-23 14:13:25 UTC,NA,2026-05-23 14:13:12 UTC,2026-05-23 14:13:01 UTC,2026-05-23 14:12:56 UTC,2026-05-23 14:12:53 UTC,NA,2026-05-23 14:16:21 UTC,2026-05-23 14:15:58 UTC,2026-05-23 14:15:36 UTC,2026-05-23 14:15:06 UTC,2026-05-23 14:14:39 UTC,2026-05-23 14:13:55 UTC,2026-05-23 14:13:51 UTC,2026-05-23 14:18:13 UTC,2026-05-23 14:18:03 UTC,2026-05-23 14:18:01 UTC,2026-05-23 14:17:59 UTC,NA,2026-05-23 14:17:38 UTC,2026-05-23 14:17:26 UTC,2026-05-23 14:17:15 UTC,2026-05-23 14:16:55 UTC,2026-05-23 14:16:49 UTC,2026-05-23 14:16:22 UTC,2026-05-23 14:16:00 UTC,2026-05-23 14:15:37 UTC,2026-05-23 14:15:08 UTC,2026-05-23 14:14:43 UTC,2026-05-23 14:14:07 UTC,2026-05-23 14:13:58 UTC,2026-05-23 14:13:40 UTC,2026-05-23 14:13:02 UTC,2026-05-23 14:12:38 UTC,2026-05-23 14:12:24 UTC,2026-05-23 14:18:20 UTC,2026-05-23 14:18:21 UTC,2026-05-23 14:17:39 UTC,2026-05-23 14:16:31 UTC,end_normal
534a404d1befe7afad39940f61010a6a,2026-05-13 09:15:20 UTC,2026-05-13 09:20:09 UTC,2026-05-13 09:15:33 UTC,NA,NA,NA,NA,NA,NA,NA,NA,NA,NA,NA,NA,option_1,option_1,option_1,option_1,option_2,3,onsker_ikke,3,2,NA,1,syddanmark,erhvervsuddannelse,1960,Kvinde,1459,2026-05-13 09:16:35 UTC,2026-05-13 09:16:15 UTC,NA,2026-05-13 09:16:02 UTC,2026-05-13 09:15:50 UTC,2026-05-13 09:15:43 UTC,2026-05-13 09:15:39 UTC,NA,2026-05-13 09:18:50 UTC,2026-05-13 09:18:31 UTC,2026-05-13 09:18:11 UTC,2026-05-13 09:17:48 UTC,2026-05-13 09:17:26 UTC,2026-05-13 09:16:51 UTC,2026-05-13 09:16:42 UTC,NA,NA,NA,NA,NA,NA,NA,NA,NA,NA,2026-05-13 09:18:55 UTC,2026-05-13 09:18:32 UTC,2026-05-13 09:18:12 UTC,2026-05-13 09:17:52 UTC,2026-05-13 09:17:27 UTC,2026-05-13 09:17:03 UTC,2026-05-13 09:16:54 UTC,2026-05-13 09:16:33 UTC,2026-05-13 09:15:52 UTC,2026-05-13 09:15:32 UTC,2026-05-13 09:15:20 UTC,NA,NA,NA,2026-05-13 09:19:01 UTC,single_profile_1
536bbf709d3ad213f1d8d0ef203fbc75,2026-05-19 18:08:19 UTC,2026-05-19 18:14:09 UTC,2026-05-19 18:08:34 UTC,1,3,2,5,3,NA,4,3,2,5,3,NA,option_1,option_2,option_2,option_2,option_2,5,radikale,3,2,NA,3,hovedstaden,lang_videre,2000,Mand,1054,2026-05-19 18:09:24 UTC,2026-05-19 18:09:18 UTC,NA,2026-05-19 18:08:49 UTC,2026-05-19 18:08:42 UTC,2026-05-19 18:08:40 UTC,2026-05-19 18:08:37 UTC,NA,2026-05-19 18:11:25 UTC,2026-05-19 18:11:09 UTC,2026-05-19 18:10:53 UTC,2026-05-19 18:10:34 UTC,2026-05-19 18:10:11 UTC,2026-05-19 18:09:37 UTC,2026-05-19 18:09:32 UTC,2026-05-19 18:12:54 UTC,2026-05-19 18:12:47 UTC,2026-05-19 18:12:41 UTC,2026-05-19 18:12:45 UTC,NA,2026-05-19 18:12:18 UTC,2026-05-19 18:12:16 UTC,2026-05-19 18:12:13 UTC,2026-05-19 18:12:04 UTC,2026-05-19 18:12:10 UTC,2026-05-19 18:11:25 UTC,2026-05-19 18:11:10 UTC,2026-05-19 18:10:53 UTC,2026-05-19 18:10:35 UTC,2026-05-19 18:10:12 UTC,2026-05-19 18:09:48 UTC,2026-05-19 18:09:38 UTC,2026-05-19 18:09:26 UTC,2026-05-19 18:08:44 UTC,2026-05-19 18:08:30 UTC,2026-05-19 18:08:19 UTC,2026-05-19 18:12:36 UTC,2026-05-19 18:12:58 UTC,2026-05-19 18:12:19 UTC,2026-05-19 18:11:33 UTC,end_normal
5396d355169fb395cd0050fe5ebdffe1,2026-05-18 19:52:59 UTC,2026-05-18 19:57:41 UTC,2026-05-18 19:53:11 UTC,2,2,1,2,1,NA,3,3,2,2,2,NA,option_2,option_2,option_1,option_2,option_2,5,sf,NA,3,NA,3,hovedstaden,mellemlang_videre,1998,Mand,1942,NA,2026-05-18 19:53:40 UTC,NA,2026-05-18 19:53:34 UTC,2026-05-18 19:53:22 UTC,2026-05-18 19:53:19 UTC,2026-05-18 19:53:14 UTC,NA,2026-05-18 19:55:44 UTC,2026-05-18 19:55:30 UTC,2026-05-18 19:55:18 UTC,2026-05-18 19:55:02 UTC,2026-05-18 19:54:47 UTC,2026-05-18 19:53:52 UTC,2026-05-18 19:53:48 UTC,2026-05-18 19:56:56 UTC,2026-05-18 19:57:04 UTC,2026-05-18 19:56:58 UTC,2026-05-18 19:57:05 UTC,NA,2026-05-18 19:56:22 UTC,2026-05-18 19:56:20 UTC,2026-05-18 19:56:16 UTC,2026-05-18 19:56:11 UTC,2026-05-18 19:56:01 UTC,2026-05-18 19:55:45 UTC,2026-05-18 19:55:31 UTC,2026-05-18 19:55:19 UTC,2026-05-18 19:55:03 UTC,2026-05-18 19:54:48 UTC,2026-05-18 19:53:58 UTC,2026-05-18 19:53:54 UTC,2026-05-18 19:53:42 UTC,2026-05-18 19:53:26 UTC,2026-05-18 19:53:06 UTC,2026-05-18 19:52:59 UTC,2026-05-18 19:56:57 UTC,2026-05-18 19:57:06 UTC,2026-05-18 19:56:24 UTC,2026-05-18 19:55:53 UTC,end_normal
53b59423721f68c57151d2c8f23d4e2f,2026-05-25 05:46:31 UTC,2026-05-25 05:56:26 UTC,2026-05-25 05:46:46 UTC,1,4,2,3,3,NA,1,4,3,2,3,NA,option_1,option_2,option_2,option_2,option_2,1,socialdemokratiet,3,2,NA,1,midtjylland,kort_videre,1970,Kvinde,940,2026-05-25 05:48:05 UTC,2026-05-25 05:47:43 UTC,NA,2026-05-25 05:47:23 UTC,2026-05-25 05:47:06 UTC,2026-05-25 05:46:59 UTC,2026-05-25 05:46:52 UTC,NA,2026-05-25 05:51:30 UTC,2026-05-25 05:50:52 UTC,2026-05-25 05:50:29 UTC,2026-05-25 05:49:53 UTC,2026-05-25 05:49:29 UTC,2026-05-25 05:48:32 UTC,2026-05-25 05:48:20 UTC,2026-05-25 05:53:25 UTC,2026-05-25 05:53:22 UTC,2026-05-25 05:53:12 UTC,2026-05-25 05:53:05 UTC,NA,2026-05-25 05:52:44 UTC,2026-05-25 05:52:39 UTC,2026-05-25 05:52:26 UTC,2026-05-25 05:52:25 UTC,2026-05-25 05:52:14 UTC,2026-05-25 05:51:32 UTC,2026-05-25 05:50:53 UTC,2026-05-25 05:50:31 UTC,2026-05-25 05:49:58 UTC,2026-05-25 05:49:32 UTC,2026-05-25 05:48:45 UTC,2026-05-25 05:48:34 UTC,2026-05-25 05:48:11 UTC,2026-05-25 05:47:08 UTC,2026-05-25 05:46:42 UTC,2026-05-25 05:46:31 UTC,2026-05-25 05:53:29 UTC,2026-05-25 05:53:30 UTC,2026-05-25 05:52:46 UTC,2026-05-25 05:51:41 UTC,end_normal
53be14dd22d81a08f134b7f86283eed9,2026-06-20 09:16:26 UTC,2026-06-20 09:33:40 UTC,2026-06-20 09:16:48 UTC,3,3,4,3,3,NA,3,3,3,3,3,NA,option_1,option_1,option_2,option_1,option_1,5,socialdemokratiet,3,2,NA,1,midtjylland,mellemlang_videre,1944,Kvinde,1624,2026-06-20 09:17:58 UTC,2026-06-20 09:17:34 UTC,NA,2026-06-20 09:17:27 UTC,2026-06-20 09:17:14 UTC,2026-06-20 09:17:11 UTC,2026-06-20 09:17:04 UTC,NA,2026-06-20 09:20:27 UTC,2026-06-20 09:20:07 UTC,2026-06-20 09:19:42 UTC,2026-06-20 09:19:20 UTC,2026-06-20 09:18:55 UTC,2026-06-20 09:18:11 UTC,2026-06-20 09:18:06 UTC,2026-06-20 09:21:58 UTC,2026-06-20 09:21:50 UTC,2026-06-20 09:21:47 UTC,2026-06-20 09:21:42 UTC,NA,2026-06-20 09:21:21 UTC,2026-06-20 09:21:20 UTC,2026-06-20 09:21:17 UTC,2026-06-20 09:21:15 UTC,2026-06-20 09:21:12 UTC,2026-06-20 09:20:28 UTC,2026-06-20 09:20:11 UTC,2026-06-20 09:19:45 UTC,2026-06-20 09:19:21 UTC,2026-06-20 09:18:55 UTC,2026-06-20 09:18:24 UTC,2026-06-20 09:18:14 UTC,2026-06-20 09:18:04 UTC,2026-06-20 09:17:17 UTC,2026-06-20 09:16:46 UTC,2026-06-20 09:16:26 UTC,2026-06-20 09:22:08 UTC,2026-06-20 09:22:08 UTC,2026-06-20 09:21:23 UTC,2026-06-20 09:20:37 UTC,end_normal
53d01a6856ab9a86a866eb8d0e7ade1a,2026-06-19 21:24:55 UTC,2026-06-19 21:29:19 UTC,2026-06-19 21:25:11 UTC,1,2,2,3,2,NA,1,1,1,2,2,NA,option_2,option_2,option_1,option_1,option_2,1,onsker_ikke,1,2,NA,1,sjaelland,lang_videre,1999,Kvinde,454,2026-06-19 21:25:55 UTC,2026-06-19 21:25:41 UTC,NA,2026-06-19 21:25:32 UTC,2026-06-19 21:25:23 UTC,2026-06-19 21:25:20 UTC,2026-06-19 21:25:15 UTC,NA,2026-06-19 21:27:42 UTC,2026-06-19 21:27:28 UTC,2026-06-19 21:27:16 UTC,2026-06-19 21:27:02 UTC,2026-06-19 21:26:43 UTC,2026-06-19 21:26:13 UTC,2026-06-19 21:26:08 UTC,2026-06-19 21:28:44 UTC,2026-06-19 21:28:41 UTC,2026-06-19 21:28:38 UTC,2026-06-19 21:28:32 UTC,NA,2026-06-19 21:28:10 UTC,2026-06-19 21:28:05 UTC,2026-06-19 21:28:08 UTC,2026-06-19 21:28:15 UTC,2026-06-19 21:27:59 UTC,2026-06-19 21:27:43 UTC,2026-06-19 21:27:29 UTC,2026-06-19 21:27:17 UTC,NA,2026-06-19 21:26:44 UTC,2026-06-19 21:26:17 UTC,2026-06-19 21:26:14 UTC,NA,2026-06-19 21:25:23 UTC,2026-06-19 21:25:07 UTC,2026-06-19 21:24:55 UTC,2026-06-19 21:28:46 UTC,2026-06-19 21:28:46 UTC,2026-06-19 21:28:16 UTC,2026-06-19 21:27:46 UTC,end_normal
54542c209e6232a86a860ae81812a080,2026-05-19 13:36:22 UTC,2026-05-19 13:42:24 UTC,2026-05-19 13:36:52 UTC,1,1,1,1,1,NA,1,1,1,1,1,NA,option_2,option_2,option_1,option_2,option_2,5,sf,NA,3,NA,1,sjaelland,erhvervsuddannelse,1975,Kvinde,1900,NA,2026-05-19 13:37:41 UTC,NA,2026-05-19 13:37:30 UTC,2026-05-19 13:37:19 UTC,2026-05-19 13:37:13 UTC,2026-05-19 13:37:01 UTC,NA,2026-05-19 13:40:14 UTC,2026-05-19 13:39:54 UTC,2026-05-19 13:39:38 UTC,2026-05-19 13:39:18 UTC,2026-05-19 13:39:02 UTC,2026-05-19 13:37:56 UTC,2026-05-19 13:37:49 UTC,2026-05-19 13:41:19 UTC,2026-05-19 13:41:12 UTC,2026-05-19 13:41:11 UTC,2026-05-19 13:41:10 UTC,NA,2026-05-19 13:40:56 UTC,2026-05-19 13:40:55 UTC,2026-05-19 13:40:55 UTC,2026-05-19 13:40:53 UTC,2026-05-19 13:40:52 UTC,2026-05-19 13:40:16 UTC,2026-05-19 13:39:56 UTC,2026-05-19 13:39:40 UTC,2026-05-19 13:39:19 UTC,2026-05-19 13:39:04 UTC,2026-05-19 13:38:12 UTC,2026-05-19 13:37:58 UTC,2026-05-19 13:37:42 UTC,2026-05-19 13:37:21 UTC,2026-05-19 13:36:48 UTC,2026-05-19 13:36:22 UTC,2026-05-19 13:41:19 UTC,2026-05-19 13:41:20 UTC,2026-05-19 13:40:57 UTC,2026-05-19 13:40:26 UTC,end_normal
5499dac93605df49ec4af01196b19188,2026-06-21 17:44:26 UTC,2026-06-21 17:49:28 UTC,2026-06-21 17:44:39 UTC,NA,NA,NA,NA,NA,NA,NA,NA,NA,NA,NA,NA,NA,NA,NA,NA,NA,3,sf,NA,1,NA,1,syddanmark,erhvervsuddannelse,1970,Kvinde,61,NA,2026-06-21 17:45:32 UTC,NA,2026-06-21 17:45:17 UTC,2026-06-21 17:44:56 UTC,2026-06-21 17:44:52 UTC,2026-06-21 17:44:48 UTC,NA,NA,NA,NA,NA,NA,2026-06-21 17:45:47 UTC,2026-06-21 17:45:42 UTC,NA,NA,NA,NA,NA,NA,NA,NA,NA,NA,NA,NA,NA,NA,NA,2026-06-21 17:45:59 UTC,2026-06-21 17:45:49 UTC,2026-06-21 17:45:32 UTC,2026-06-21 17:44:59 UTC,2026-06-21 17:44:34 UTC,2026-06-21 17:44:26 UTC,NA,NA,NA,NA,cbc_q1_page
54b385fd580673e3fad02805278bfe92,2026-05-17 10:33:14 UTC,2026-05-17 10:45:49 UTC,2026-05-17 10:33:50 UTC,4,2,4,2,2,NA,1,4,3,2,4,NA,option_2,option_2,option_1,option_2,option_2,7,socialdemokratiet,3,2,3,2,sjaelland,mellemlang_videre,1962,Kvinde,1973,2026-05-17 10:34:49 UTC,2026-05-17 10:34:40 UTC,2026-05-17 10:34:31 UTC,2026-05-17 10:34:19 UTC,2026-05-17 10:34:03 UTC,2026-05-17 10:33:59 UTC,2026-05-17 10:33:56 UTC,NA,2026-05-17 10:38:43 UTC,2026-05-17 10:38:04 UTC,2026-05-17 10:37:33 UTC,2026-05-17 10:36:59 UTC,2026-05-17 10:36:07 UTC,2026-05-17 10:35:04 UTC,2026-05-17 10:34:57 UTC,2026-05-17 10:40:10 UTC,2026-05-17 10:40:06 UTC,2026-05-17 10:40:04 UTC,2026-05-17 10:40:02 UTC,NA,2026-05-17 10:39:39 UTC,2026-05-17 10:39:35 UTC,2026-05-17 10:39:32 UTC,2026-05-17 10:39:27 UTC,2026-05-17 10:39:21 UTC,2026-05-17 10:38:46 UTC,2026-05-17 10:38:07 UTC,2026-05-17 10:37:37 UTC,2026-05-17 10:37:08 UTC,2026-05-17 10:36:08 UTC,2026-05-17 10:35:27 UTC,2026-05-17 10:35:08 UTC,2026-05-17 10:34:52 UTC,2026-05-17 10:34:07 UTC,2026-05-17 10:33:46 UTC,2026-05-17 10:33:14 UTC,2026-05-17 10:40:14 UTC,2026-05-17 10:40:18 UTC,2026-05-17 10:39:43 UTC,2026-05-17 10:38:57 UTC,end_normal
54bd82d48de1c4d509f3be68d2605201,2026-06-20 16:05:15 UTC,2026-06-20 16:12:47 UTC,2026-06-20 16:05:29 UTC,5,4,5,5,5,NA,5,5,5,5,5,NA,option_2,option_2,option_1,option_2,option_2,10,enhedslisten,NA,3,NA,3,sjaelland,erhvervsuddannelse,1998,Kvinde,1968,NA,2026-06-20 16:06:19 UTC,NA,2026-06-20 16:06:10 UTC,2026-06-20 16:05:51 UTC,2026-06-20 16:05:39 UTC,2026-06-20 16:05:34 UTC,NA,2026-06-20 16:09:27 UTC,2026-06-20 16:08:58 UTC,2026-06-20 16:08:40 UTC,2026-06-20 16:08:05 UTC,2026-06-20 16:07:33 UTC,2026-06-20 16:06:36 UTC,2026-06-20 16:06:29 UTC,2026-06-20 16:10:28 UTC,2026-06-20 16:10:32 UTC,2026-06-20 16:10:32 UTC,2026-06-20 16:10:33 UTC,NA,2026-06-20 16:10:15 UTC,2026-06-20 16:10:13 UTC,2026-06-20 16:10:11 UTC,2026-06-20 16:10:08 UTC,2026-06-20 16:10:06 UTC,2026-06-20 16:09:28 UTC,2026-06-20 16:09:11 UTC,2026-06-20 16:08:45 UTC,2026-06-20 16:08:18 UTC,2026-06-20 16:07:35 UTC,2026-06-20 16:06:40 UTC,2026-06-20 16:06:37 UTC,2026-06-20 16:06:22 UTC,2026-06-20 16:05:52 UTC,2026-06-20 16:05:24 UTC,2026-06-20 16:05:15 UTC,2026-06-20 16:10:44 UTC,2026-06-20 16:10:46 UTC,2026-06-20 16:10:16 UTC,2026-06-20 16:09:32 UTC,end_normal
54cb7296ff0be6843ee32deb734859ed,2026-05-12 14:21:02 UTC,2026-05-12 14:25:57 UTC,2026-05-12 14:21:33 UTC,2,2,3,4,2,NA,3,3,4,4,5,NA,option_1,option_2,option_1,option_2,option_2,7,radikale,1,2,NA,3,hovedstaden,lang_videre,1999,Mand,60,2026-05-12 14:22:28 UTC,2026-05-12 14:22:16 UTC,NA,2026-05-12 14:22:05 UTC,2026-05-12 14:21:46 UTC,2026-05-12 14:21:44 UTC,2026-05-12 14:21:40 UTC,NA,2026-05-12 14:24:27 UTC,2026-05-12 14:24:16 UTC,2026-05-12 14:24:03 UTC,2026-05-12 14:23:44 UTC,2026-05-12 14:23:24 UTC,2026-05-12 14:22:38 UTC,2026-05-12 14:22:33 UTC,2026-05-12 14:25:29 UTC,2026-05-12 14:25:28 UTC,2026-05-12 14:25:25 UTC,2026-05-12 14:25:23 UTC,NA,2026-05-12 14:25:10 UTC,2026-05-12 14:25:09 UTC,2026-05-12 14:25:07 UTC,2026-05-12 14:25:05 UTC,2026-05-12 14:25:04 UTC,2026-05-12 14:24:28 UTC,2026-05-12 14:24:16 UTC,2026-05-12 14:24:04 UTC,2026-05-12 14:23:44 UTC,2026-05-12 14:23:25 UTC,2026-05-12 14:22:47 UTC,2026-05-12 14:22:38 UTC,2026-05-12 14:22:30 UTC,2026-05-12 14:21:47 UTC,2026-05-12 14:21:30 UTC,2026-05-12 14:21:02 UTC,2026-05-12 14:25:33 UTC,2026-05-12 14:25:33 UTC,2026-05-12 14:25:11 UTC,2026-05-12 14:24:37 UTC,end_normal
54d74e0f0627c674ffdb0cc91a906cfd,2026-05-15 06:09:28 UTC,2026-05-15 06:23:26 UTC,2026-05-15 06:10:21 UTC,1,2,3,3,1,NA,3,3,3,3,3,NA,option_1,option_1,option_1,option_1,option_2,4,konservative,NA,1,NA,3,hovedstaden,lang_videre,1979,Kvinde,1324,NA,2026-05-15 06:12:09 UTC,NA,2026-05-15 06:11:32 UTC,2026-05-15 06:10:47 UTC,2026-05-15 06:10:40 UTC,2026-05-15 06:10:29 UTC,NA,2026-05-15 06:18:55 UTC,2026-05-15 06:18:20 UTC,2026-05-15 06:17:35 UTC,2026-05-15 06:16:56 UTC,2026-05-15 06:16:20 UTC,2026-05-15 06:12:50 UTC,2026-05-15 06:12:31 UTC,2026-05-15 06:22:44 UTC,2026-05-15 06:22:36 UTC,2026-05-15 06:21:49 UTC,2026-05-15 06:21:31 UTC,NA,2026-05-15 06:20:57 UTC,2026-05-15 06:20:31 UTC,2026-05-15 06:20:26 UTC,2026-05-15 06:20:19 UTC,2026-05-15 06:20:15 UTC,2026-05-15 06:18:56 UTC,2026-05-15 06:18:21 UTC,2026-05-15 06:17:36 UTC,2026-05-15 06:16:56 UTC,2026-05-15 06:16:20 UTC,2026-05-15 06:13:32 UTC,2026-05-15 06:12:54 UTC,2026-05-15 06:12:09 UTC,2026-05-15 06:10:48 UTC,2026-05-15 06:10:13 UTC,2026-05-15 06:09:28 UTC,2026-05-15 06:22:07 UTC,2026-05-15 06:22:48 UTC,2026-05-15 06:20:57 UTC,2026-05-15 06:19:13 UTC,end_normal
558ae706ea370f86d0608264438c9954,2026-05-13 16:22:22 UTC,2026-05-13 16:33:00 UTC,2026-05-13 16:22:41 UTC,3,2,3,3,3,NA,3,2,3,2,2,NA,option_2,option_1,option_2,option_1,option_1,4,radikale,NA,3,NA,3,hovedstaden,lang_videre,1997,Kvinde,777,NA,2026-05-13 16:23:50 UTC,NA,2026-05-13 16:23:34 UTC,2026-05-13 16:23:14 UTC,2026-05-13 16:22:56 UTC,2026-05-13 16:22:48 UTC,NA,2026-05-13 16:27:12 UTC,2026-05-13 16:26:49 UTC,2026-05-13 16:26:23 UTC,2026-05-13 16:25:36 UTC,2026-05-13 16:24:56 UTC,2026-05-13 16:24:14 UTC,2026-05-13 16:24:04 UTC,2026-05-13 16:28:51 UTC,2026-05-13 16:28:46 UTC,2026-05-13 16:28:39 UTC,2026-05-13 16:28:37 UTC,NA,2026-05-13 16:28:09 UTC,2026-05-13 16:28:02 UTC,2026-05-13 16:27:58 UTC,2026-05-13 16:27:53 UTC,2026-05-13 16:27:48 UTC,2026-05-13 16:27:12 UTC,2026-05-13 16:26:51 UTC,2026-05-13 16:26:24 UTC,2026-05-13 16:25:43 UTC,2026-05-13 16:24:57 UTC,2026-05-13 16:24:29 UTC,2026-05-13 16:24:18 UTC,2026-05-13 16:23:51 UTC,2026-05-13 16:23:15 UTC,2026-05-13 16:22:36 UTC,2026-05-13 16:22:22 UTC,2026-05-13 16:28:53 UTC,2026-05-13 16:28:55 UTC,2026-05-13 16:28:11 UTC,2026-05-13 16:27:20 UTC,end_normal
55bfe5e66a353097e06a3cfed09d13ea,2026-05-15 20:25:24 UTC,2026-05-15 20:34:59 UTC,2026-05-15 20:25:43 UTC,1,1,1,1,1,NA,1,1,1,3,1,NA,option_1,option_1,option_1,option_1,option_2,6,socialdemokratiet,3,2,NA,3,sjaelland,erhvervsuddannelse,1971,Kvinde,1029,2026-05-15 20:27:12 UTC,2026-05-15 20:26:48 UTC,NA,2026-05-15 20:26:31 UTC,2026-05-15 20:26:14 UTC,2026-05-15 20:26:09 UTC,2026-05-15 20:25:49 UTC,NA,2026-05-15 20:31:08 UTC,2026-05-15 20:30:34 UTC,2026-05-15 20:30:04 UTC,2026-05-15 20:29:32 UTC,2026-05-15 20:28:51 UTC,2026-05-15 20:27:35 UTC,2026-05-15 20:27:20 UTC,2026-05-15 20:33:07 UTC,2026-05-15 20:33:05 UTC,2026-05-15 20:33:00 UTC,2026-05-15 20:32:59 UTC,NA,2026-05-15 20:32:23 UTC,2026-05-15 20:32:18 UTC,2026-05-15 20:32:15 UTC,2026-05-15 20:32:11 UTC,2026-05-15 20:31:59 UTC,2026-05-15 20:31:10 UTC,2026-05-15 20:30:36 UTC,2026-05-15 20:30:06 UTC,2026-05-15 20:29:35 UTC,2026-05-15 20:28:54 UTC,2026-05-15 20:27:59 UTC,2026-05-15 20:27:39 UTC,2026-05-15 20:27:12 UTC,2026-05-15 20:26:17 UTC,2026-05-15 20:25:40 UTC,2026-05-15 20:25:24 UTC,2026-05-15 20:33:09 UTC,2026-05-15 20:33:11 UTC,2026-05-15 20:32:24 UTC,2026-05-15 20:31:25 UTC,end_normal
55c5caeeeb8449d69235040083ce5420,2026-05-15 16:34:33 UTC,2026-05-15 16:45:34 UTC,2026-05-15 16:35:01 UTC,1,3,3,3,3,NA,4,4,4,4,4,NA,option_2,option_1,option_2,option_1,option_2,7,venstre,3,2,NA,1,nordjylland,mellemlang_videre,1948,Kvinde,99,2026-05-15 16:36:12 UTC,2026-05-15 16:35:53 UTC,NA,2026-05-15 16:35:39 UTC,2026-05-15 16:35:24 UTC,2026-05-15 16:35:19 UTC,2026-05-15 16:35:13 UTC,NA,2026-05-15 16:41:50 UTC,2026-05-15 16:41:08 UTC,2026-05-15 16:40:08 UTC,2026-05-15 16:39:30 UTC,2026-05-15 16:37:29 UTC,2026-05-15 16:36:32 UTC,2026-05-15 16:36:21 UTC,2026-05-15 16:44:12 UTC,2026-05-15 16:44:09 UTC,2026-05-15 16:44:04 UTC,2026-05-15 16:44:02 UTC,NA,2026-05-15 16:43:29 UTC,2026-05-15 16:43:25 UTC,2026-05-15 16:43:22 UTC,2026-05-15 16:43:17 UTC,2026-05-15 16:43:15 UTC,2026-05-15 16:41:56 UTC,2026-05-15 16:41:10 UTC,2026-05-15 16:40:10 UTC,2026-05-15 16:39:31 UTC,2026-05-15 16:37:31 UTC,2026-05-15 16:36:46 UTC,2026-05-15 16:36:33 UTC,2026-05-15 16:36:13 UTC,2026-05-15 16:35:25 UTC,2026-05-15 16:34:57 UTC,2026-05-15 16:34:33 UTC,2026-05-15 16:44:16 UTC,2026-05-15 16:44:17 UTC,2026-05-15 16:43:30 UTC,2026-05-15 16:42:02 UTC,end_normal
566cfa24e0112c3a32916fcb63522bff,2026-06-19 19:09:23 UTC,2026-06-19 19:20:11 UTC,2026-06-19 19:09:35 UTC,1,1,1,1,1,NA,1,1,1,1,1,NA,option_2,option_2,option_1,option_2,option_1,9,moderaterne,1,2,3,2,syddanmark,mellemlang_videre,1968,Mand,582,2026-06-19 19:10:36 UTC,2026-06-19 19:10:25 UTC,2026-06-19 19:10:09 UTC,2026-06-19 19:09:58 UTC,2026-06-19 19:09:49 UTC,2026-06-19 19:09:46 UTC,2026-06-19 19:09:39 UTC,NA,2026-06-19 19:12:50 UTC,2026-06-19 19:12:34 UTC,2026-06-19 19:12:22 UTC,2026-06-19 19:11:55 UTC,2026-06-19 19:11:30 UTC,2026-06-19 19:10:50 UTC,2026-06-19 19:10:44 UTC,2026-06-19 19:13:46 UTC,2026-06-19 19:13:44 UTC,2026-06-19 19:13:43 UTC,2026-06-19 19:13:42 UTC,NA,2026-06-19 19:13:35 UTC,2026-06-19 19:13:32 UTC,2026-06-19 19:13:31 UTC,2026-06-19 19:13:29 UTC,2026-06-19 19:13:22 UTC,2026-06-19 19:12:55 UTC,2026-06-19 19:12:35 UTC,2026-06-19 19:12:23 UTC,2026-06-19 19:11:56 UTC,2026-06-19 19:11:31 UTC,2026-06-19 19:11:02 UTC,2026-06-19 19:10:56 UTC,2026-06-19 19:10:36 UTC,2026-06-19 19:09:50 UTC,2026-06-19 19:09:30 UTC,2026-06-19 19:09:23 UTC,2026-06-19 19:13:52 UTC,2026-06-19 19:13:52 UTC,2026-06-19 19:13:36 UTC,NA,end_normal
5717e5f1a5e21d92e9fc0cedb869cf6f,2026-06-20 20:16:42 UTC,2026-06-20 20:22:36 UTC,2026-06-20 20:16:55 UTC,NA,NA,NA,NA,NA,NA,NA,NA,NA,NA,NA,NA,NA,option_2,option_2,option_2,option_1,6,konservative,3,2,NA,1,midtjylland,erhvervsuddannelse,1978,Mand,1482,2026-06-20 20:18:18 UTC,2026-06-20 20:17:36 UTC,NA,2026-06-20 20:17:18 UTC,2026-06-20 20:17:09 UTC,2026-06-20 20:17:04 UTC,2026-06-20 20:17:00 UTC,NA,NA,2026-06-20 20:21:28 UTC,2026-06-20 20:20:46 UTC,2026-06-20 20:20:14 UTC,2026-06-20 20:19:44 UTC,2026-06-20 20:18:37 UTC,2026-06-20 20:18:28 UTC,NA,NA,NA,NA,NA,NA,NA,NA,NA,NA,NA,2026-06-20 20:21:34 UTC,2026-06-20 20:21:04 UTC,2026-06-20 20:20:15 UTC,2026-06-20 20:19:47 UTC,2026-06-20 20:18:52 UTC,2026-06-20 20:18:42 UTC,2026-06-20 20:18:20 UTC,2026-06-20 20:17:09 UTC,2026-06-20 20:16:49 UTC,2026-06-20 20:16:42 UTC,NA,NA,NA,NA,cbc_q5_page
578cb9f17b3edd72ee6322e71305dc36,2026-05-13 20:56:06 UTC,2026-05-13 21:00:24 UTC,2026-05-13 20:56:26 UTC,3,3,4,3,3,NA,3,2,4,3,4,NA,option_2,option_2,option_2,option_1,option_2,7,socialdemokratiet,1,2,NA,1,hovedstaden,lang_videre,1998,Kvinde,892,2026-05-13 20:57:14 UTC,2026-05-13 20:56:56 UTC,NA,2026-05-13 20:56:50 UTC,2026-05-13 20:56:38 UTC,2026-05-13 20:56:34 UTC,2026-05-13 20:56:29 UTC,NA,2026-05-13 20:59:07 UTC,2026-05-13 20:58:54 UTC,2026-05-13 20:58:30 UTC,2026-05-13 20:58:16 UTC,2026-05-13 20:58:02 UTC,2026-05-13 20:57:25 UTC,2026-05-13 20:57:23 UTC,2026-05-13 20:59:47 UTC,2026-05-13 20:59:42 UTC,2026-05-13 20:59:39 UTC,2026-05-13 20:59:31 UTC,NA,2026-05-13 20:59:20 UTC,2026-05-13 20:59:19 UTC,2026-05-13 20:59:18 UTC,2026-05-13 20:59:17 UTC,2026-05-13 20:59:19 UTC,2026-05-13 20:59:08 UTC,2026-05-13 20:58:58 UTC,2026-05-13 20:58:31 UTC,2026-05-13 20:58:19 UTC,2026-05-13 20:58:02 UTC,2026-05-13 20:57:30 UTC,2026-05-13 20:57:26 UTC,2026-05-13 20:57:15 UTC,2026-05-13 20:56:38 UTC,2026-05-13 20:56:14 UTC,2026-05-13 20:56:06 UTC,2026-05-13 20:59:51 UTC,2026-05-13 20:59:51 UTC,2026-05-13 20:59:21 UTC,2026-05-13 20:59:12 UTC,end_normal
57a9914e13140208a6924c478f88a602,2026-05-23 15:00:44 UTC,2026-05-23 15:04:28 UTC,2026-05-23 15:00:54 UTC,1,4,4,4,4,NA,2,2,3,3,2,NA,option_1,option_2,option_1,option_2,option_2,8,konservative,1,2,NA,1,midtjylland,lang_videre,2000,Mand,640,2026-05-23 15:01:34 UTC,2026-05-23 15:01:25 UTC,NA,2026-05-23 15:01:18 UTC,2026-05-23 15:01:07 UTC,2026-05-23 15:01:05 UTC,2026-05-23 15:00:58 UTC,NA,2026-05-23 15:03:16 UTC,2026-05-23 15:03:05 UTC,2026-05-23 15:02:53 UTC,2026-05-23 15:02:35 UTC,2026-05-23 15:02:20 UTC,2026-05-23 15:01:44 UTC,2026-05-23 15:01:41 UTC,2026-05-23 15:03:58 UTC,2026-05-23 15:03:57 UTC,2026-05-23 15:03:56 UTC,2026-05-23 15:03:55 UTC,NA,2026-05-23 15:03:45 UTC,2026-05-23 15:03:44 UTC,2026-05-23 15:03:43 UTC,2026-05-23 15:03:41 UTC,2026-05-23 15:03:40 UTC,2026-05-23 15:03:18 UTC,2026-05-23 15:03:05 UTC,2026-05-23 15:02:53 UTC,2026-05-23 15:02:36 UTC,2026-05-23 15:02:21 UTC,2026-05-23 15:01:51 UTC,2026-05-23 15:01:46 UTC,2026-05-23 15:01:34 UTC,2026-05-23 15:01:08 UTC,2026-05-23 15:00:51 UTC,2026-05-23 15:00:44 UTC,2026-05-23 15:03:59 UTC,2026-05-23 15:04:00 UTC,2026-05-23 15:03:46 UTC,2026-05-23 15:03:21 UTC,end_normal
5853e861482e6e61b3c9c2718d4821c7,2026-06-19 22:47:33 UTC,2026-06-19 22:52:46 UTC,2026-06-19 22:47:46 UTC,3,3,3,3,3,NA,3,3,3,3,3,NA,option_1,option_2,option_1,option_1,option_1,5,sf,NA,3,NA,1,midtjylland,erhvervsuddannelse,1958,Kvinde,98,NA,2026-06-19 22:48:26 UTC,NA,2026-06-19 22:48:17 UTC,2026-06-19 22:48:06 UTC,2026-06-19 22:48:03 UTC,2026-06-19 22:48:00 UTC,NA,2026-06-19 22:50:51 UTC,2026-06-19 22:50:34 UTC,2026-06-19 22:50:15 UTC,2026-06-19 22:49:36 UTC,2026-06-19 22:49:18 UTC,2026-06-19 22:48:39 UTC,2026-06-19 22:48:32 UTC,2026-06-19 22:52:20 UTC,2026-06-19 22:52:19 UTC,2026-06-19 22:52:17 UTC,2026-06-19 22:52:16 UTC,NA,2026-06-19 22:52:01 UTC,2026-06-19 22:51:57 UTC,2026-06-19 22:51:54 UTC,2026-06-19 22:52:02 UTC,2026-06-19 22:51:37 UTC,2026-06-19 22:50:58 UTC,2026-06-19 22:50:35 UTC,2026-06-19 22:50:16 UTC,2026-06-19 22:49:42 UTC,2026-06-19 22:49:19 UTC,2026-06-19 22:48:53 UTC,2026-06-19 22:48:42 UTC,2026-06-19 22:48:27 UTC,2026-06-19 22:48:09 UTC,2026-06-19 22:47:41 UTC,2026-06-19 22:47:33 UTC,2026-06-19 22:52:21 UTC,2026-06-19 22:52:21 UTC,2026-06-19 22:52:02 UTC,2026-06-19 22:51:07 UTC,end_normal
585e3cac5f162dfc8a953486d7151bc4,2026-06-20 06:17:58 UTC,2026-06-20 06:24:30 UTC,2026-06-20 06:18:36 UTC,5,5,5,5,5,NA,5,5,5,5,5,NA,option_1,option_1,option_2,option_2,option_1,7,sf,3,2,NA,1,sjaelland,erhvervsuddannelse,1977,Kvinde,1431,2026-06-20 06:19:36 UTC,2026-06-20 06:19:19 UTC,NA,2026-06-20 06:19:08 UTC,2026-06-20 06:18:52 UTC,2026-06-20 06:18:47 UTC,2026-06-20 06:18:42 UTC,NA,2026-06-20 06:22:25 UTC,2026-06-20 06:22:02 UTC,2026-06-20 06:21:38 UTC,2026-06-20 06:21:12 UTC,2026-06-20 06:20:44 UTC,2026-06-20 06:19:55 UTC,2026-06-20 06:19:49 UTC,2026-06-20 06:23:51 UTC,2026-06-20 06:23:52 UTC,2026-06-20 06:23:50 UTC,2026-06-20 06:23:50 UTC,NA,2026-06-20 06:23:27 UTC,2026-06-20 06:23:23 UTC,2026-06-20 06:23:22 UTC,2026-06-20 06:23:21 UTC,2026-06-20 06:23:20 UTC,2026-06-20 06:22:26 UTC,2026-06-20 06:22:03 UTC,2026-06-20 06:21:41 UTC,2026-06-20 06:21:15 UTC,2026-06-20 06:20:47 UTC,2026-06-20 06:20:09 UTC,2026-06-20 06:19:56 UTC,2026-06-20 06:19:37 UTC,2026-06-20 06:18:53 UTC,2026-06-20 06:18:31 UTC,2026-06-20 06:17:58 UTC,2026-06-20 06:23:54 UTC,2026-06-20 06:23:58 UTC,2026-06-20 06:23:27 UTC,2026-06-20 06:22:39 UTC,end_normal
5888599aa67204b18c573398e5cbf5f3,2026-06-19 19:17:40 UTC,2026-06-19 19:22:00 UTC,2026-06-19 19:17:52 UTC,5,4,4,4,4,NA,1,2,3,2,1,NA,option_2,option_2,option_2,option_2,option_1,2,enhedslisten,1,2,NA,1,midtjylland,erhvervsuddannelse,2003,Kvinde,584,2026-06-19 19:18:40 UTC,2026-06-19 19:18:24 UTC,NA,2026-06-19 19:18:16 UTC,2026-06-19 19:18:06 UTC,2026-06-19 19:18:02 UTC,2026-06-19 19:17:54 UTC,NA,2026-06-19 19:20:34 UTC,2026-06-19 19:20:20 UTC,2026-06-19 19:20:02 UTC,2026-06-19 19:19:46 UTC,2026-06-19 19:19:11 UTC,2026-06-19 19:18:51 UTC,2026-06-19 19:18:46 UTC,2026-06-19 19:21:29 UTC,2026-06-19 19:21:27 UTC,2026-06-19 19:21:25 UTC,2026-06-19 19:21:21 UTC,NA,2026-06-19 19:21:10 UTC,2026-06-19 19:21:09 UTC,2026-06-19 19:21:06 UTC,2026-06-19 19:20:59 UTC,2026-06-19 19:20:52 UTC,2026-06-19 19:20:35 UTC,2026-06-19 19:20:22 UTC,2026-06-19 19:20:04 UTC,NA,2026-06-19 19:19:19 UTC,2026-06-19 19:18:55 UTC,2026-06-19 19:18:51 UTC,2026-06-19 19:18:38 UTC,2026-06-19 19:18:10 UTC,2026-06-19 19:17:48 UTC,2026-06-19 19:17:40 UTC,2026-06-19 19:21:31 UTC,2026-06-19 19:21:34 UTC,2026-06-19 19:21:11 UTC,2026-06-19 19:20:44 UTC,end_normal
59bd917d46e0fa953b3b08fbaec75f8b,2026-05-17 06:20:28 UTC,2026-05-17 06:26:11 UTC,2026-05-17 06:20:38 UTC,2,2,3,4,3,NA,4,4,4,4,4,NA,option_1,option_2,option_1,option_2,option_1,6,sf,NA,3,1,2,midtjylland,mellemlang_videre,1976,Kvinde,1295,NA,2026-05-17 06:21:28 UTC,2026-05-17 06:21:20 UTC,2026-05-17 06:21:10 UTC,2026-05-17 06:20:56 UTC,2026-05-17 06:20:52 UTC,2026-05-17 06:20:45 UTC,NA,2026-05-17 06:24:16 UTC,2026-05-17 06:23:57 UTC,2026-05-17 06:23:34 UTC,2026-05-17 06:23:03 UTC,2026-05-17 06:22:19 UTC,2026-05-17 06:21:47 UTC,2026-05-17 06:21:37 UTC,2026-05-17 06:25:44 UTC,2026-05-17 06:25:41 UTC,2026-05-17 06:25:36 UTC,2026-05-17 06:25:32 UTC,NA,2026-05-17 06:25:17 UTC,2026-05-17 06:25:16 UTC,2026-05-17 06:25:06 UTC,2026-05-17 06:25:02 UTC,2026-05-17 06:25:00 UTC,2026-05-17 06:24:17 UTC,2026-05-17 06:23:57 UTC,2026-05-17 06:23:35 UTC,2026-05-17 06:23:04 UTC,2026-05-17 06:22:20 UTC,2026-05-17 06:21:53 UTC,2026-05-17 06:21:47 UTC,2026-05-17 06:21:29 UTC,2026-05-17 06:21:00 UTC,2026-05-17 06:20:34 UTC,2026-05-17 06:20:28 UTC,2026-05-17 06:25:46 UTC,2026-05-17 06:25:51 UTC,2026-05-17 06:25:19 UTC,2026-05-17 06:24:27 UTC,end_normal
59e89c22c5f161458fcb4d393a3fbd59,2026-06-20 07:35:47 UTC,2026-06-20 07:41:57 UTC,2026-06-20 07:35:58 UTC,4,4,4,4,4,NA,NA,NA,NA,NA,NA,NA,option_1,option_1,option_2,option_2,option_1,4,venstre,3,2,NA,1,midtjylland,gymnasial,1956,Kvinde,1667,2026-06-20 07:37:18 UTC,2026-06-20 07:36:55 UTC,NA,2026-06-20 07:36:34 UTC,2026-06-20 07:36:17 UTC,2026-06-20 07:36:14 UTC,2026-06-20 07:36:11 UTC,NA,2026-06-20 07:40:04 UTC,2026-06-20 07:39:45 UTC,2026-06-20 07:39:16 UTC,2026-06-20 07:38:52 UTC,2026-06-20 07:38:21 UTC,2026-06-20 07:37:44 UTC,2026-06-20 07:37:30 UTC,2026-06-20 07:41:31 UTC,2026-06-20 07:41:29 UTC,2026-06-20 07:41:29 UTC,2026-06-20 07:41:25 UTC,NA,NA,NA,NA,NA,NA,2026-06-20 07:40:09 UTC,2026-06-20 07:39:46 UTC,2026-06-20 07:39:18 UTC,2026-06-20 07:38:52 UTC,2026-06-20 07:38:23 UTC,2026-06-20 07:37:51 UTC,2026-06-20 07:37:45 UTC,2026-06-20 07:37:18 UTC,2026-06-20 07:36:19 UTC,2026-06-20 07:35:54 UTC,2026-06-20 07:35:47 UTC,2026-06-20 07:41:33 UTC,2026-06-20 07:41:34 UTC,2026-06-20 07:41:10 UTC,2026-06-20 07:40:13 UTC,end_normal
59ec747da53b745b92ba7feed1e0ed45,2026-05-19 13:10:23 UTC,2026-05-19 13:12:24 UTC,2026-05-19 13:10:38 UTC,NA,NA,NA,NA,NA,NA,NA,NA,NA,NA,NA,NA,NA,NA,NA,NA,option_1,7,dansk_folkeparti,NA,1,NA,1,sjaelland,gymnasial,2005,Mand,1460,NA,2026-05-19 13:11:11 UTC,NA,2026-05-19 13:11:02 UTC,2026-05-19 13:10:50 UTC,2026-05-19 13:10:45 UTC,2026-05-19 13:10:41 UTC,NA,NA,NA,NA,NA,2026-05-19 13:12:01 UTC,2026-05-19 13:11:24 UTC,2026-05-19 13:11:19 UTC,NA,NA,NA,NA,NA,NA,NA,NA,NA,NA,NA,NA,NA,NA,2026-05-19 13:12:03 UTC,2026-05-19 13:11:29 UTC,2026-05-19 13:11:26 UTC,2026-05-19 13:11:12 UTC,2026-05-19 13:10:51 UTC,2026-05-19 13:10:34 UTC,2026-05-19 13:10:23 UTC,NA,NA,NA,NA,cbc_q2_page
59f710c3760ddc89faa32ff5360e84b1,2026-05-23 20:18:33 UTC,2026-05-23 20:23:21 UTC,2026-05-23 20:18:44 UTC,1,1,1,5,1,NA,5,1,1,4,1,NA,option_2,option_1,option_2,option_2,option_2,8,enhedslisten,NA,3,NA,3,midtjylland,mellemlang_videre,1964,Kvinde,157,NA,2026-05-23 20:19:18 UTC,NA,2026-05-23 20:19:12 UTC,2026-05-23 20:19:02 UTC,2026-05-23 20:18:59 UTC,2026-05-23 20:18:53 UTC,NA,2026-05-23 20:21:45 UTC,2026-05-23 20:21:31 UTC,2026-05-23 20:21:16 UTC,2026-05-23 20:21:01 UTC,2026-05-23 20:20:40 UTC,2026-05-23 20:19:33 UTC,2026-05-23 20:19:26 UTC,2026-05-23 20:22:50 UTC,2026-05-23 20:22:47 UTC,2026-05-23 20:22:46 UTC,2026-05-23 20:22:44 UTC,NA,2026-05-23 20:22:29 UTC,2026-05-23 20:22:27 UTC,2026-05-23 20:22:21 UTC,2026-05-23 20:22:17 UTC,2026-05-23 20:22:11 UTC,2026-05-23 20:21:47 UTC,2026-05-23 20:21:33 UTC,2026-05-23 20:21:17 UTC,2026-05-23 20:21:02 UTC,2026-05-23 20:20:41 UTC,2026-05-23 20:19:48 UTC,2026-05-23 20:19:36 UTC,2026-05-23 20:19:21 UTC,2026-05-23 20:19:02 UTC,2026-05-23 20:18:42 UTC,2026-05-23 20:18:33 UTC,2026-05-23 20:22:52 UTC,2026-05-23 20:22:53 UTC,2026-05-23 20:22:31 UTC,2026-05-23 20:21:55 UTC,end_normal
59fa43165014d9d1dd4e6084b36a407c,2026-06-21 20:59:50 UTC,2026-06-21 21:07:50 UTC,2026-06-21 21:00:07 UTC,5,5,3,5,5,NA,1,1,5,2,2,NA,option_1,option_1,option_1,option_2,option_1,1,stemte_ikke,3,2,NA,3,syddanmark,lang_videre,1973,Kvinde,71,2026-06-21 21:01:28 UTC,2026-06-21 21:01:08 UTC,NA,2026-06-21 21:00:55 UTC,2026-06-21 21:00:29 UTC,2026-06-21 21:00:24 UTC,2026-06-21 21:00:15 UTC,NA,2026-06-21 21:05:13 UTC,2026-06-21 21:04:49 UTC,2026-06-21 21:04:27 UTC,2026-06-21 21:04:00 UTC,2026-06-21 21:03:26 UTC,2026-06-21 21:02:01 UTC,2026-06-21 21:01:54 UTC,2026-06-21 21:07:11 UTC,2026-06-21 21:07:07 UTC,2026-06-21 21:06:59 UTC,2026-06-21 21:06:44 UTC,NA,2026-06-21 21:06:26 UTC,2026-06-21 21:06:20 UTC,2026-06-21 21:06:15 UTC,2026-06-21 21:06:08 UTC,2026-06-21 21:06:02 UTC,2026-06-21 21:05:16 UTC,2026-06-21 21:04:55 UTC,2026-06-21 21:04:31 UTC,2026-06-21 21:04:02 UTC,2026-06-21 21:03:28 UTC,2026-06-21 21:02:25 UTC,2026-06-21 21:02:06 UTC,2026-06-21 21:01:33 UTC,2026-06-21 21:00:30 UTC,2026-06-21 21:00:01 UTC,2026-06-21 20:59:50 UTC,2026-06-21 21:07:13 UTC,2026-06-21 21:07:14 UTC,2026-06-21 21:06:27 UTC,2026-06-21 21:05:29 UTC,end_normal
5a3d7ff22701b3ba90970d9d22eda64b,2026-06-20 06:53:26 UTC,2026-06-20 07:10:16 UTC,2026-06-20 06:53:45 UTC,2,3,3,3,4,NA,4,3,4,4,4,NA,option_2,option_1,option_1,option_2,option_2,2,liberal_alliance,1,2,NA,1,syddanmark,lang_videre,1972,Mand,1040,2026-06-20 06:54:40 UTC,2026-06-20 06:54:30 UTC,NA,2026-06-20 06:54:12 UTC,2026-06-20 06:54:03 UTC,2026-06-20 06:53:59 UTC,2026-06-20 06:53:54 UTC,NA,2026-06-20 06:56:54 UTC,2026-06-20 06:56:36 UTC,2026-06-20 06:56:20 UTC,2026-06-20 06:55:56 UTC,2026-06-20 06:55:29 UTC,2026-06-20 06:54:54 UTC,2026-06-20 06:54:48 UTC,2026-06-20 06:58:22 UTC,2026-06-20 06:58:20 UTC,2026-06-20 06:58:11 UTC,2026-06-20 06:58:07 UTC,NA,2026-06-20 06:57:42 UTC,2026-06-20 06:57:39 UTC,2026-06-20 06:57:31 UTC,2026-06-20 06:57:27 UTC,2026-06-20 06:57:23 UTC,2026-06-20 06:56:55 UTC,2026-06-20 06:56:41 UTC,2026-06-20 06:56:24 UTC,2026-06-20 06:55:57 UTC,2026-06-20 06:55:30 UTC,2026-06-20 06:55:03 UTC,2026-06-20 06:54:59 UTC,2026-06-20 06:54:43 UTC,2026-06-20 06:54:05 UTC,2026-06-20 06:53:41 UTC,2026-06-20 06:53:26 UTC,2026-06-20 06:58:27 UTC,2026-06-20 06:58:28 UTC,2026-06-20 06:57:44 UTC,2026-06-20 06:57:03 UTC,end_normal
5ab2026ba1b17f3a6a2b358a3c664c8e,2026-05-23 12:48:09 UTC,2026-05-23 12:49:36 UTC,2026-05-23 12:48:22 UTC,NA,NA,NA,NA,NA,NA,NA,NA,NA,NA,NA,NA,NA,NA,NA,NA,NA,NA,NA,3,2,NA,3,midtjylland,mellemlang_videre,2002,Kvinde,977,2026-05-23 12:49:05 UTC,2026-05-23 12:48:53 UTC,NA,2026-05-23 12:48:44 UTC,2026-05-23 12:48:35 UTC,2026-05-23 12:48:32 UTC,2026-05-23 12:48:22 UTC,NA,NA,NA,NA,NA,NA,NA,NA,NA,NA,NA,NA,NA,NA,NA,NA,NA,NA,NA,NA,NA,NA,NA,NA,NA,2026-05-23 12:49:12 UTC,2026-05-23 12:48:36 UTC,2026-05-23 12:48:15 UTC,2026-05-23 12:48:09 UTC,NA,NA,NA,NA,party_and_trust
5af9250428d4140e2017027fe604735a,2026-06-20 07:47:36 UTC,2026-06-20 07:48:48 UTC,2026-06-20 07:47:57 UTC,NA,NA,NA,NA,NA,NA,NA,NA,NA,NA,NA,NA,NA,NA,NA,NA,NA,NA,NA,NA,NA,NA,NA,midtjylland,mellemlang_videre,NA,Kvinde,306,NA,NA,NA,NA,2026-06-20 07:48:15 UTC,2026-06-20 07:48:12 UTC,NA,NA,NA,NA,NA,NA,NA,NA,NA,NA,NA,NA,NA,NA,NA,NA,NA,NA,NA,NA,NA,NA,NA,NA,NA,NA,NA,NA,2026-06-20 07:47:52 UTC,2026-06-20 07:47:36 UTC,NA,NA,NA,NA,Background
5b381473be5ecb2d734d809a001bfa2c,2026-06-15 19:10:53 UTC,2026-06-15 19:12:46 UTC,2026-06-15 19:11:19 UTC,NA,NA,NA,NA,NA,NA,NA,NA,NA,NA,NA,NA,NA,NA,NA,NA,NA,NA,NA,NA,NA,NA,NA,midtjylland,kort_videre,NA,Kvinde,511,NA,NA,NA,NA,2026-06-15 19:11:55 UTC,2026-06-15 19:11:50 UTC,NA,NA,NA,NA,NA,NA,NA,NA,NA,NA,NA,NA,NA,NA,NA,NA,NA,NA,NA,NA,NA,NA,NA,NA,NA,NA,NA,NA,2026-06-15 19:11:13 UTC,2026-06-15 19:10:53 UTC,NA,NA,NA,NA,Background
5b677a9f1aaabe4c1321c8cb3518b56c,2026-06-21 20:26:13 UTC,2026-06-21 20:32:58 UTC,2026-06-21 20:26:24 UTC,1,2,2,2,2,NA,4,5,5,5,4,NA,option_2,option_2,option_1,option_1,option_1,7,liberal_alliance,1,2,NA,1,syddanmark,mellemlang_videre,2002,Kvinde,1287,2026-06-21 20:27:39 UTC,2026-06-21 20:27:28 UTC,NA,2026-06-21 20:27:07 UTC,2026-06-21 20:26:53 UTC,2026-06-21 20:26:38 UTC,2026-06-21 20:26:27 UTC,NA,2026-06-21 20:31:03 UTC,2026-06-21 20:30:12 UTC,2026-06-21 20:29:40 UTC,2026-06-21 20:29:17 UTC,2026-06-21 20:28:46 UTC,2026-06-21 20:28:04 UTC,2026-06-21 20:27:53 UTC,2026-06-21 20:32:31 UTC,2026-06-21 20:32:27 UTC,2026-06-21 20:32:26 UTC,2026-06-21 20:32:24 UTC,NA,2026-06-21 20:32:00 UTC,2026-06-21 20:31:58 UTC,2026-06-21 20:31:57 UTC,2026-06-21 20:31:55 UTC,2026-06-21 20:31:53 UTC,2026-06-21 20:31:05 UTC,2026-06-21 20:30:20 UTC,2026-06-21 20:29:47 UTC,2026-06-21 20:29:18 UTC,2026-06-21 20:28:47 UTC,2026-06-21 20:28:10 UTC,2026-06-21 20:28:05 UTC,2026-06-21 20:27:45 UTC,2026-06-21 20:26:56 UTC,2026-06-21 20:26:20 UTC,2026-06-21 20:26:13 UTC,2026-06-21 20:32:35 UTC,2026-06-21 20:32:36 UTC,2026-06-21 20:32:10 UTC,2026-06-21 20:31:34 UTC,end_normal
5b67f30780ecd7c58f1a7794567269aa,2026-05-24 04:20:24 UTC,2026-05-24 04:26:31 UTC,2026-05-24 04:21:07 UTC,1,1,1,1,1,NA,5,5,5,5,5,NA,option_1,option_1,option_2,option_1,option_2,7,sf,NA,3,NA,3,sjaelland,lang_videre,1954,Kvinde,207,NA,2026-05-24 04:21:55 UTC,NA,2026-05-24 04:21:46 UTC,2026-05-24 04:21:33 UTC,2026-05-24 04:21:29 UTC,2026-05-24 04:21:18 UTC,NA,2026-05-24 04:24:44 UTC,2026-05-24 04:24:24 UTC,2026-05-24 04:24:01 UTC,2026-05-24 04:23:41 UTC,2026-05-24 04:23:11 UTC,2026-05-24 04:22:15 UTC,2026-05-24 04:22:02 UTC,2026-05-24 04:25:57 UTC,2026-05-24 04:25:55 UTC,2026-05-24 04:25:54 UTC,2026-05-24 04:25:54 UTC,NA,2026-05-24 04:25:39 UTC,2026-05-24 04:25:26 UTC,2026-05-24 04:25:22 UTC,2026-05-24 04:25:21 UTC,2026-05-24 04:25:18 UTC,2026-05-24 04:24:47 UTC,2026-05-24 04:24:26 UTC,2026-05-24 04:24:03 UTC,2026-05-24 04:23:44 UTC,2026-05-24 04:23:14 UTC,2026-05-24 04:22:29 UTC,2026-05-24 04:22:17 UTC,2026-05-24 04:21:56 UTC,2026-05-24 04:21:35 UTC,2026-05-24 04:21:02 UTC,2026-05-24 04:20:24 UTC,2026-05-24 04:26:04 UTC,2026-05-24 04:26:04 UTC,2026-05-24 04:25:41 UTC,2026-05-24 04:24:57 UTC,end_normal
5b6cc0ac8c3ed62f6f13715d63fbad7b,2026-05-23 13:43:07 UTC,2026-05-23 13:51:05 UTC,2026-05-23 13:43:25 UTC,2,4,2,2,2,NA,2,4,4,2,4,NA,option_1,option_1,option_2,option_1,option_1,3,enhedslisten,NA,1,NA,3,midtjylland,mellemlang_videre,1991,Kvinde,1967,NA,2026-05-23 13:44:14 UTC,NA,2026-05-23 13:43:59 UTC,2026-05-23 13:43:46 UTC,2026-05-23 13:43:36 UTC,2026-05-23 13:43:31 UTC,NA,2026-05-23 13:48:19 UTC,2026-05-23 13:47:58 UTC,2026-05-23 13:47:41 UTC,2026-05-23 13:46:44 UTC,2026-05-23 13:45:38 UTC,2026-05-23 13:44:23 UTC,2026-05-23 13:44:38 UTC,2026-05-23 13:50:20 UTC,2026-05-23 13:50:15 UTC,2026-05-23 13:50:06 UTC,2026-05-23 13:50:04 UTC,NA,2026-05-23 13:49:46 UTC,2026-05-23 13:49:38 UTC,2026-05-23 13:49:39 UTC,2026-05-23 13:49:22 UTC,2026-05-23 13:49:05 UTC,2026-05-23 13:48:21 UTC,2026-05-23 13:48:02 UTC,2026-05-23 13:47:42 UTC,2026-05-23 13:46:50 UTC,2026-05-23 13:45:39 UTC,2026-05-23 13:44:43 UTC,2026-05-23 13:44:40 UTC,2026-05-23 13:44:14 UTC,2026-05-23 13:43:47 UTC,2026-05-23 13:43:17 UTC,2026-05-23 13:43:07 UTC,2026-05-23 13:50:27 UTC,2026-05-23 13:50:35 UTC,2026-05-23 13:49:50 UTC,2026-05-23 13:48:25 UTC,end_normal
5b6d677022d7ed422bf86fa308474709,2026-05-24 20:34:31 UTC,2026-05-24 20:44:36 UTC,2026-05-24 20:34:57 UTC,4,3,3,4,5,NA,2,2,4,3,2,NA,option_2,option_2,option_1,option_1,option_1,6,konservative,1,2,NA,3,midtjylland,lang_videre,1980,Kvinde,19,2026-05-24 20:35:50 UTC,2026-05-24 20:35:35 UTC,NA,2026-05-24 20:35:27 UTC,2026-05-24 20:35:13 UTC,2026-05-24 20:35:09 UTC,2026-05-24 20:35:03 UTC,NA,2026-05-24 20:39:43 UTC,2026-05-24 20:39:20 UTC,2026-05-24 20:38:29 UTC,2026-05-24 20:37:10 UTC,2026-05-24 20:36:47 UTC,2026-05-24 20:36:05 UTC,2026-05-24 20:36:00 UTC,2026-05-24 20:41:13 UTC,2026-05-24 20:41:10 UTC,2026-05-24 20:41:08 UTC,2026-05-24 20:41:06 UTC,NA,2026-05-24 20:40:45 UTC,2026-05-24 20:40:41 UTC,2026-05-24 20:40:36 UTC,2026-05-24 20:40:21 UTC,2026-05-24 20:40:12 UTC,2026-05-24 20:39:44 UTC,2026-05-24 20:39:22 UTC,2026-05-24 20:38:30 UTC,2026-05-24 20:37:12 UTC,2026-05-24 20:36:49 UTC,2026-05-24 20:36:20 UTC,2026-05-24 20:36:06 UTC,2026-05-24 20:35:51 UTC,2026-05-24 20:35:14 UTC,2026-05-24 20:34:52 UTC,2026-05-24 20:34:31 UTC,2026-05-24 20:41:17 UTC,2026-05-24 20:41:17 UTC,2026-05-24 20:40:46 UTC,2026-05-24 20:39:52 UTC,end_normal
5c7f194a9b0de63eb3d6b6cfcd24ebaa,2026-05-13 18:57:06 UTC,2026-05-13 19:04:27 UTC,2026-05-13 18:57:20 UTC,4,2,4,4,4,NA,3,4,4,4,4,NA,option_1,option_1,option_1,option_1,option_2,6,radikale,3,2,NA,1,hovedstaden,mellemlang_videre,2001,Kvinde,413,2026-05-13 18:58:22 UTC,2026-05-13 18:58:11 UTC,NA,2026-05-13 18:57:59 UTC,2026-05-13 18:57:36 UTC,2026-05-13 18:57:32 UTC,2026-05-13 18:57:24 UTC,NA,2026-05-13 19:01:58 UTC,2026-05-13 19:01:08 UTC,2026-05-13 19:00:39 UTC,2026-05-13 19:00:13 UTC,2026-05-13 18:59:48 UTC,2026-05-13 18:58:38 UTC,2026-05-13 18:58:30 UTC,2026-05-13 19:03:41 UTC,2026-05-13 19:03:38 UTC,2026-05-13 19:03:36 UTC,2026-05-13 19:03:35 UTC,NA,2026-05-13 19:03:17 UTC,2026-05-13 19:02:39 UTC,2026-05-13 19:02:33 UTC,2026-05-13 19:02:30 UTC,2026-05-13 19:02:27 UTC,2026-05-13 19:01:59 UTC,2026-05-13 19:01:09 UTC,2026-05-13 19:00:40 UTC,2026-05-13 19:00:16 UTC,2026-05-13 18:59:49 UTC,2026-05-13 18:59:01 UTC,2026-05-13 18:58:41 UTC,2026-05-13 18:58:23 UTC,2026-05-13 18:57:38 UTC,2026-05-13 18:57:14 UTC,2026-05-13 18:57:06 UTC,2026-05-13 19:03:43 UTC,2026-05-13 19:03:44 UTC,2026-05-13 19:03:18 UTC,2026-05-13 19:02:09 UTC,end_normal
5cafd472a562368861220070bf24653f,2026-06-19 18:36:52 UTC,2026-06-19 18:42:38 UTC,2026-06-19 18:37:09 UTC,2,4,4,4,4,NA,2,2,2,2,2,NA,option_2,option_1,option_2,option_1,option_1,3,liberal_alliance,NA,1,NA,1,sjaelland,mellemlang_videre,1970,Kvinde,136,NA,2026-06-19 18:37:47 UTC,NA,2026-06-19 18:37:39 UTC,2026-06-19 18:37:25 UTC,2026-06-19 18:37:21 UTC,2026-06-19 18:37:15 UTC,NA,2026-06-19 18:40:06 UTC,2026-06-19 18:39:51 UTC,2026-06-19 18:39:25 UTC,2026-06-19 18:39:00 UTC,2026-06-19 18:38:45 UTC,2026-06-19 18:38:05 UTC,2026-06-19 18:37:54 UTC,2026-06-19 18:42:05 UTC,2026-06-19 18:42:02 UTC,2026-06-19 18:42:01 UTC,2026-06-19 18:42:00 UTC,NA,2026-06-19 18:41:46 UTC,2026-06-19 18:41:44 UTC,2026-06-19 18:41:43 UTC,2026-06-19 18:41:41 UTC,2026-06-19 18:41:29 UTC,2026-06-19 18:40:06 UTC,2026-06-19 18:39:51 UTC,2026-06-19 18:39:26 UTC,2026-06-19 18:39:01 UTC,2026-06-19 18:38:46 UTC,2026-06-19 18:38:11 UTC,2026-06-19 18:38:07 UTC,2026-06-19 18:37:47 UTC,2026-06-19 18:37:26 UTC,2026-06-19 18:37:06 UTC,2026-06-19 18:36:52 UTC,2026-06-19 18:42:05 UTC,2026-06-19 18:42:06 UTC,2026-06-19 18:41:46 UTC,NA,end_normal
5cff91ad0423d8b889e36f9bb8efeaf6,2026-06-20 08:36:20 UTC,2026-06-20 08:42:57 UTC,2026-06-20 08:36:45 UTC,1,4,3,4,3,NA,2,2,2,2,3,NA,option_2,option_2,option_2,option_1,option_1,3,danmarksdemokraterne,NA,3,NA,1,sjaelland,gymnasial,1983,Kvinde,1283,NA,2026-06-20 08:37:35 UTC,NA,2026-06-20 08:37:25 UTC,2026-06-20 08:37:10 UTC,2026-06-20 08:37:14 UTC,2026-06-20 08:36:49 UTC,NA,2026-06-20 08:40:36 UTC,2026-06-20 08:40:17 UTC,2026-06-20 08:39:49 UTC,2026-06-20 08:38:51 UTC,2026-06-20 08:38:24 UTC,2026-06-20 08:37:51 UTC,2026-06-20 08:37:44 UTC,2026-06-20 08:42:18 UTC,2026-06-20 08:42:11 UTC,2026-06-20 08:42:08 UTC,2026-06-20 08:41:56 UTC,NA,2026-06-20 08:41:43 UTC,2026-06-20 08:41:40 UTC,2026-06-20 08:41:30 UTC,2026-06-20 08:41:33 UTC,2026-06-20 08:41:15 UTC,2026-06-20 08:40:38 UTC,2026-06-20 08:40:18 UTC,2026-06-20 08:39:53 UTC,2026-06-20 08:39:03 UTC,2026-06-20 08:38:28 UTC,2026-06-20 08:37:59 UTC,2026-06-20 08:37:54 UTC,2026-06-20 08:37:37 UTC,2026-06-20 08:37:16 UTC,2026-06-20 08:36:41 UTC,2026-06-20 08:36:20 UTC,2026-06-20 08:42:19 UTC,2026-06-20 08:42:20 UTC,2026-06-20 08:41:43 UTC,2026-06-20 08:40:48 UTC,end_normal
5d14ea6a8596d154aa9ebcbd5b327276,2026-05-17 10:56:42 UTC,2026-05-17 10:59:33 UTC,2026-05-17 10:56:52 UTC,3,3,2,3,3,NA,3,4,2,3,3,NA,option_2,option_1,option_1,option_2,option_1,7,borgernes_parti,3,2,NA,1,sjaelland,mellemlang_videre,1960,Kvinde,389,2026-05-17 10:57:21 UTC,2026-05-17 10:57:14 UTC,NA,2026-05-17 10:57:09 UTC,2026-05-17 10:57:02 UTC,2026-05-17 10:57:00 UTC,2026-05-17 10:56:57 UTC,NA,2026-05-17 10:58:46 UTC,2026-05-17 10:58:29 UTC,2026-05-17 10:58:18 UTC,2026-05-17 10:58:04 UTC,2026-05-17 10:57:49 UTC,2026-05-17 10:57:30 UTC,2026-05-17 10:57:27 UTC,2026-05-17 10:59:07 UTC,2026-05-17 10:59:08 UTC,2026-05-17 10:59:08 UTC,2026-05-17 10:59:09 UTC,NA,2026-05-17 10:59:00 UTC,2026-05-17 10:59:00 UTC,2026-05-17 10:58:59 UTC,2026-05-17 10:58:59 UTC,2026-05-17 10:58:57 UTC,2026-05-17 10:58:47 UTC,2026-05-17 10:58:29 UTC,2026-05-17 10:58:18 UTC,2026-05-17 10:58:05 UTC,2026-05-17 10:57:50 UTC,2026-05-17 10:57:36 UTC,2026-05-17 10:57:31 UTC,2026-05-17 10:57:22 UTC,2026-05-17 10:57:02 UTC,2026-05-17 10:56:48 UTC,2026-05-17 10:56:42 UTC,2026-05-17 10:59:10 UTC,2026-05-17 10:59:11 UTC,2026-05-17 10:59:02 UTC,2026-05-17 10:58:50 UTC,end_normal
5d2239ec7799f0e82e4a609c498cfa4d,2026-05-23 12:51:32 UTC,2026-05-23 12:57:06 UTC,2026-05-23 12:51:47 UTC,1,1,1,1,1,NA,2,3,3,3,3,NA,option_2,option_1,option_1,option_2,option_1,3,enhedslisten,NA,3,1,2,midtjylland,erhvervsuddannelse,1951,Kvinde,242,NA,2026-05-23 12:52:43 UTC,2026-05-23 12:52:37 UTC,2026-05-23 12:52:31 UTC,2026-05-23 12:52:12 UTC,2026-05-23 12:52:10 UTC,2026-05-23 12:51:55 UTC,NA,2026-05-23 12:55:21 UTC,2026-05-23 12:55:06 UTC,2026-05-23 12:54:38 UTC,2026-05-23 12:54:05 UTC,2026-05-23 12:53:47 UTC,2026-05-23 12:53:00 UTC,2026-05-23 12:52:52 UTC,2026-05-23 12:56:36 UTC,2026-05-23 12:56:35 UTC,2026-05-23 12:56:33 UTC,2026-05-23 12:56:32 UTC,NA,2026-05-23 12:56:12 UTC,2026-05-23 12:55:58 UTC,2026-05-23 12:55:56 UTC,2026-05-23 12:55:53 UTC,2026-05-23 12:56:17 UTC,2026-05-23 12:55:23 UTC,2026-05-23 12:55:07 UTC,2026-05-23 12:54:40 UTC,2026-05-23 12:54:07 UTC,2026-05-23 12:53:49 UTC,2026-05-23 12:53:12 UTC,2026-05-23 12:53:02 UTC,2026-05-23 12:52:46 UTC,2026-05-23 12:52:15 UTC,2026-05-23 12:51:40 UTC,2026-05-23 12:51:32 UTC,2026-05-23 12:56:38 UTC,2026-05-23 12:56:38 UTC,2026-05-23 12:56:19 UTC,2026-05-23 12:55:31 UTC,end_normal
5d39093af157c93d5d5805363a5715e0,2026-06-21 06:52:26 UTC,2026-06-21 07:00:09 UTC,2026-06-21 06:52:38 UTC,2,2,2,3,2,NA,2,2,3,3,2,NA,option_1,option_2,option_2,option_2,option_2,8,enhedslisten,NA,3,NA,3,sjaelland,mellemlang_videre,1964,Kvinde,27,NA,2026-06-21 06:53:03 UTC,NA,2026-06-21 06:52:59 UTC,2026-06-21 06:52:51 UTC,2026-06-21 06:52:48 UTC,2026-06-21 06:52:44 UTC,NA,2026-06-21 06:55:17 UTC,2026-06-21 06:54:52 UTC,2026-06-21 06:54:22 UTC,2026-06-21 06:54:03 UTC,2026-06-21 06:53:43 UTC,2026-06-21 06:53:16 UTC,2026-06-21 06:53:12 UTC,2026-06-21 06:57:28 UTC,2026-06-21 06:57:15 UTC,2026-06-21 06:57:23 UTC,2026-06-21 06:56:47 UTC,NA,2026-06-21 06:56:26 UTC,2026-06-21 06:56:22 UTC,2026-06-21 06:56:19 UTC,2026-06-21 06:56:15 UTC,2026-06-21 06:55:54 UTC,2026-06-21 06:55:18 UTC,2026-06-21 06:54:53 UTC,2026-06-21 06:54:23 UTC,2026-06-21 06:54:05 UTC,2026-06-21 06:53:43 UTC,2026-06-21 06:53:20 UTC,2026-06-21 06:53:16 UTC,2026-06-21 06:53:03 UTC,2026-06-21 06:52:51 UTC,2026-06-21 06:52:35 UTC,2026-06-21 06:52:26 UTC,2026-06-21 06:57:35 UTC,2026-06-21 06:57:35 UTC,2026-06-21 06:56:28 UTC,2026-06-21 06:55:21 UTC,end_normal
5e02f3e16b7ca4292202b81642c28140,2026-06-20 20:48:58 UTC,2026-06-20 20:55:07 UTC,2026-06-20 20:49:16 UTC,1,2,3,3,3,NA,2,2,3,3,3,NA,option_2,option_2,option_1,option_2,option_2,6,socialdemokratiet,3,2,NA,1,sjaelland,mellemlang_videre,1990,Kvinde,660,2026-06-20 20:49:55 UTC,2026-06-20 20:49:41 UTC,NA,2026-06-20 20:49:34 UTC,2026-06-20 20:49:25 UTC,2026-06-20 20:49:22 UTC,2026-06-20 20:49:19 UTC,NA,2026-06-20 20:52:35 UTC,2026-06-20 20:52:16 UTC,2026-06-20 20:52:02 UTC,2026-06-20 20:51:15 UTC,2026-06-20 20:50:46 UTC,2026-06-20 20:50:17 UTC,2026-06-20 20:50:12 UTC,2026-06-20 20:53:36 UTC,2026-06-20 20:53:35 UTC,2026-06-20 20:53:35 UTC,2026-06-20 20:53:30 UTC,NA,2026-06-20 20:53:09 UTC,2026-06-20 20:53:07 UTC,2026-06-20 20:53:03 UTC,2026-06-20 20:53:02 UTC,2026-06-20 20:52:55 UTC,2026-06-20 20:52:36 UTC,2026-06-20 20:52:18 UTC,2026-06-20 20:52:05 UTC,2026-06-20 20:51:17 UTC,2026-06-20 20:50:46 UTC,2026-06-20 20:50:26 UTC,2026-06-20 20:50:19 UTC,2026-06-20 20:49:56 UTC,2026-06-20 20:49:25 UTC,2026-06-20 20:49:12 UTC,2026-06-20 20:48:58 UTC,2026-06-20 20:53:45 UTC,2026-06-20 20:53:46 UTC,2026-06-20 20:53:15 UTC,2026-06-20 20:52:40 UTC,end_normal
5e22b0c1b6bff4651007746a3c529743,2026-06-19 21:56:10 UTC,2026-06-19 22:01:14 UTC,2026-06-19 21:56:22 UTC,3,4,4,4,4,NA,3,3,3,3,3,NA,option_1,option_2,option_1,option_1,option_1,10,moderaterne,NA,3,NA,3,syddanmark,lang_videre,1990,Kvinde,1282,NA,2026-06-19 21:57:00 UTC,NA,2026-06-19 21:56:48 UTC,2026-06-19 21:56:36 UTC,2026-06-19 21:56:33 UTC,2026-06-19 21:56:29 UTC,NA,2026-06-19 21:59:37 UTC,2026-06-19 21:59:20 UTC,2026-06-19 21:59:02 UTC,2026-06-19 21:58:38 UTC,2026-06-19 21:57:52 UTC,2026-06-19 21:57:11 UTC,2026-06-19 21:57:08 UTC,2026-06-19 22:00:43 UTC,2026-06-19 22:00:42 UTC,2026-06-19 22:00:40 UTC,2026-06-19 22:00:39 UTC,NA,2026-06-19 22:00:20 UTC,2026-06-19 22:00:14 UTC,2026-06-19 22:00:12 UTC,2026-06-19 22:00:10 UTC,2026-06-19 22:00:05 UTC,2026-06-19 21:59:40 UTC,2026-06-19 21:59:21 UTC,2026-06-19 21:59:05 UTC,2026-06-19 21:58:41 UTC,2026-06-19 21:58:09 UTC,NA,2026-06-19 21:57:11 UTC,2026-06-19 21:57:00 UTC,2026-06-19 21:56:37 UTC,2026-06-19 21:56:18 UTC,2026-06-19 21:56:10 UTC,2026-06-19 22:00:46 UTC,2026-06-19 22:00:48 UTC,2026-06-19 22:00:24 UTC,2026-06-19 21:59:45 UTC,end_normal
5e2b8fc6323f55e6689ef3acd702bc58,2026-06-19 21:56:57 UTC,2026-06-19 21:57:39 UTC,2026-06-19 21:57:14 UTC,NA,NA,NA,NA,NA,NA,NA,NA,NA,NA,NA,NA,NA,NA,NA,NA,NA,NA,NA,NA,NA,NA,NA,NA,NA,NA,Kvinde,451,NA,NA,NA,NA,NA,NA,NA,NA,NA,NA,NA,NA,NA,NA,NA,NA,NA,NA,NA,NA,NA,NA,NA,NA,NA,NA,NA,NA,NA,NA,NA,NA,NA,NA,2026-06-19 21:57:09 UTC,2026-06-19 21:56:57 UTC,NA,NA,NA,NA,Background
5e95e23b8e6051cfc8ad58c22644d9ee,2026-06-20 06:48:33 UTC,2026-06-20 06:49:49 UTC,NA,NA,NA,NA,NA,NA,NA,NA,NA,NA,NA,NA,NA,NA,NA,NA,NA,NA,NA,NA,NA,NA,NA,NA,NA,NA,NA,NA,568,NA,NA,NA,NA,NA,NA,NA,NA,NA,NA,NA,NA,NA,NA,NA,NA,NA,NA,NA,NA,NA,NA,NA,NA,NA,NA,NA,NA,NA,NA,NA,NA,NA,NA,2026-06-20 06:48:43 UTC,2026-06-20 06:48:33 UTC,NA,NA,NA,NA,Background
5e99609baf738b7cd379ac937bddabc7,2026-06-20 04:08:21 UTC,2026-06-20 04:20:33 UTC,2026-06-20 04:08:41 UTC,3,4,2,3,4,NA,1,2,2,4,2,NA,option_1,option_1,option_2,option_1,option_2,4,moderaterne,3,2,NA,3,midtjylland,mellemlang_videre,1984,Kvinde,1150,2026-06-20 04:09:32 UTC,2026-06-20 04:09:23 UTC,NA,2026-06-20 04:09:12 UTC,2026-06-20 04:08:56 UTC,2026-06-20 04:08:53 UTC,2026-06-20 04:08:48 UTC,NA,2026-06-20 04:11:49 UTC,2026-06-20 04:11:29 UTC,2026-06-20 04:11:17 UTC,2026-06-20 04:10:42 UTC,2026-06-20 04:10:17 UTC,2026-06-20 04:09:48 UTC,2026-06-20 04:09:41 UTC,2026-06-20 04:13:21 UTC,2026-06-20 04:13:16 UTC,2026-06-20 04:13:13 UTC,2026-06-20 04:13:11 UTC,NA,2026-06-20 04:12:51 UTC,2026-06-20 04:12:46 UTC,2026-06-20 04:12:43 UTC,2026-06-20 04:12:40 UTC,2026-06-20 04:12:35 UTC,2026-06-20 04:11:50 UTC,2026-06-20 04:11:31 UTC,2026-06-20 04:11:18 UTC,2026-06-20 04:10:50 UTC,2026-06-20 04:10:19 UTC,2026-06-20 04:10:01 UTC,2026-06-20 04:09:51 UTC,2026-06-20 04:09:33 UTC,2026-06-20 04:08:58 UTC,2026-06-20 04:08:37 UTC,2026-06-20 04:08:21 UTC,2026-06-20 04:13:22 UTC,2026-06-20 04:13:23 UTC,2026-06-20 04:12:52 UTC,2026-06-20 04:11:56 UTC,end_normal
5eaef8f2562d54b37cc851a297bc0c1b,2026-05-13 17:37:30 UTC,2026-05-13 17:40:29 UTC,2026-05-13 17:37:44 UTC,1,1,1,1,1,NA,5,3,3,4,2,NA,option_2,option_1,option_1,option_2,option_2,3,dansk_folkeparti,1,2,NA,1,sjaelland,lang_videre,2000,Mand,892,2026-05-13 17:38:24 UTC,2026-05-13 17:38:09 UTC,NA,2026-05-13 17:38:00 UTC,2026-05-13 17:37:54 UTC,2026-05-13 17:37:52 UTC,2026-05-13 17:37:47 UTC,NA,2026-05-13 17:39:32 UTC,2026-05-13 17:39:21 UTC,2026-05-13 17:39:16 UTC,2026-05-13 17:39:07 UTC,2026-05-13 17:38:50 UTC,2026-05-13 17:38:34 UTC,2026-05-13 17:38:31 UTC,2026-05-13 17:40:06 UTC,2026-05-13 17:40:05 UTC,2026-05-13 17:40:04 UTC,2026-05-13 17:40:04 UTC,NA,2026-05-13 17:39:57 UTC,2026-05-13 17:39:55 UTC,2026-05-13 17:39:52 UTC,2026-05-13 17:39:50 UTC,2026-05-13 17:39:46 UTC,2026-05-13 17:39:33 UTC,2026-05-13 17:39:22 UTC,2026-05-13 17:39:16 UTC,2026-05-13 17:39:08 UTC,2026-05-13 17:38:51 UTC,2026-05-13 17:38:39 UTC,2026-05-13 17:38:35 UTC,NA,2026-05-13 17:37:55 UTC,2026-05-13 17:37:39 UTC,2026-05-13 17:37:30 UTC,2026-05-13 17:40:07 UTC,2026-05-13 17:40:08 UTC,2026-05-13 17:39:58 UTC,2026-05-13 17:39:36 UTC,end_normal
5ec1cc31690c75c96bf828c7bfb27fa1,2026-05-16 06:09:45 UTC,2026-05-16 06:15:24 UTC,2026-05-16 06:10:01 UTC,5,5,4,4,5,NA,2,1,3,3,3,NA,option_2,option_2,option_2,option_2,option_1,8,sf,NA,3,NA,3,sjaelland,mellemlang_videre,1965,Kvinde,1747,NA,2026-05-16 06:10:38 UTC,NA,2026-05-16 06:10:30 UTC,2026-05-16 06:10:19 UTC,2026-05-16 06:10:16 UTC,2026-05-16 06:10:08 UTC,NA,2026-05-16 06:13:40 UTC,2026-05-16 06:13:14 UTC,2026-05-16 06:12:51 UTC,2026-05-16 06:12:27 UTC,2026-05-16 06:11:49 UTC,2026-05-16 06:10:52 UTC,2026-05-16 06:10:46 UTC,2026-05-16 06:14:49 UTC,2026-05-16 06:14:46 UTC,2026-05-16 06:14:43 UTC,2026-05-16 06:14:42 UTC,NA,2026-05-16 06:14:20 UTC,2026-05-16 06:14:17 UTC,2026-05-16 06:14:11 UTC,2026-05-16 06:14:09 UTC,2026-05-16 06:14:07 UTC,2026-05-16 06:13:41 UTC,2026-05-16 06:13:15 UTC,2026-05-16 06:12:56 UTC,2026-05-16 06:12:32 UTC,2026-05-16 06:11:53 UTC,2026-05-16 06:11:10 UTC,2026-05-16 06:10:53 UTC,2026-05-16 06:10:39 UTC,2026-05-16 06:10:20 UTC,2026-05-16 06:09:59 UTC,2026-05-16 06:09:45 UTC,2026-05-16 06:14:55 UTC,2026-05-16 06:14:55 UTC,2026-05-16 06:14:20 UTC,2026-05-16 06:13:49 UTC,end_normal
5edc837db01c56538034e8334ada5888,2026-05-13 17:16:11 UTC,2026-05-13 17:19:49 UTC,2026-05-13 17:16:23 UTC,NA,NA,NA,NA,NA,NA,NA,NA,NA,NA,NA,NA,option_1,option_1,option_1,option_1,option_2,3,radikale,3,2,1,2,hovedstaden,lang_videre,1998,Mand,302,2026-05-13 17:17:20 UTC,2026-05-13 17:17:12 UTC,2026-05-13 17:17:03 UTC,2026-05-13 17:16:49 UTC,2026-05-13 17:16:37 UTC,2026-05-13 17:16:34 UTC,2026-05-13 17:16:26 UTC,NA,2026-05-13 17:18:58 UTC,2026-05-13 17:18:42 UTC,2026-05-13 17:18:34 UTC,2026-05-13 17:18:24 UTC,2026-05-13 17:18:05 UTC,2026-05-13 17:17:43 UTC,2026-05-13 17:17:33 UTC,NA,NA,NA,NA,NA,NA,NA,NA,NA,NA,2026-05-13 17:19:00 UTC,2026-05-13 17:18:43 UTC,2026-05-13 17:18:35 UTC,2026-05-13 17:18:27 UTC,2026-05-13 17:18:08 UTC,2026-05-13 17:17:47 UTC,2026-05-13 17:17:45 UTC,2026-05-13 17:17:21 UTC,2026-05-13 17:16:39 UTC,2026-05-13 17:16:18 UTC,2026-05-13 17:16:11 UTC,NA,NA,NA,2026-05-13 17:19:05 UTC,single_profile_1
5f123a5fa22d054501c94e145077f80b,2026-05-13 09:04:35 UTC,2026-05-13 09:15:31 UTC,2026-05-13 09:05:09 UTC,3,3,3,3,3,NA,4,4,4,4,4,NA,option_2,option_1,option_1,option_1,option_2,7,konservative,1,2,NA,1,hovedstaden,lang_videre,1978,Kvinde,1811,2026-05-13 09:06:15 UTC,2026-05-13 09:05:53 UTC,NA,2026-05-13 09:05:39 UTC,2026-05-13 09:05:28 UTC,2026-05-13 09:05:23 UTC,2026-05-13 09:05:16 UTC,NA,2026-05-13 09:10:19 UTC,2026-05-13 09:09:52 UTC,2026-05-13 09:08:54 UTC,2026-05-13 09:08:11 UTC,2026-05-13 09:07:27 UTC,2026-05-13 09:06:39 UTC,2026-05-13 09:06:33 UTC,2026-05-13 09:11:57 UTC,2026-05-13 09:11:54 UTC,2026-05-13 09:11:52 UTC,2026-05-13 09:11:45 UTC,NA,2026-05-13 09:11:20 UTC,2026-05-13 09:11:19 UTC,2026-05-13 09:11:11 UTC,2026-05-13 09:11:04 UTC,2026-05-13 09:11:01 UTC,2026-05-13 09:10:21 UTC,2026-05-13 09:09:55 UTC,2026-05-13 09:08:56 UTC,2026-05-13 09:08:15 UTC,2026-05-13 09:07:29 UTC,2026-05-13 09:06:55 UTC,2026-05-13 09:06:40 UTC,2026-05-13 09:06:18 UTC,2026-05-13 09:05:29 UTC,2026-05-13 09:05:04 UTC,2026-05-13 09:04:35 UTC,2026-05-13 09:11:58 UTC,2026-05-13 09:12:00 UTC,2026-05-13 09:11:24 UTC,2026-05-13 09:10:35 UTC,end_normal
5f4305d8a15a5c1fbb03d5c50dedd6bf,2026-05-23 12:42:09 UTC,2026-05-23 12:48:48 UTC,2026-05-23 12:42:52 UTC,3,3,3,3,3,NA,1,3,3,3,3,NA,option_2,option_2,option_1,option_1,option_2,8,socialdemokratiet,NA,3,NA,1,midtjylland,forsker,1956,Kvinde,654,NA,2026-05-23 12:43:14 UTC,NA,2026-05-23 12:43:12 UTC,2026-05-23 12:43:05 UTC,2026-05-23 12:43:02 UTC,2026-05-23 12:42:59 UTC,NA,2026-05-23 12:46:17 UTC,2026-05-23 12:46:00 UTC,2026-05-23 12:45:42 UTC,2026-05-23 12:44:51 UTC,2026-05-23 12:44:05 UTC,2026-05-23 12:43:26 UTC,2026-05-23 12:43:23 UTC,2026-05-23 12:47:45 UTC,2026-05-23 12:47:43 UTC,2026-05-23 12:47:40 UTC,2026-05-23 12:47:39 UTC,NA,2026-05-23 12:47:18 UTC,2026-05-23 12:47:16 UTC,2026-05-23 12:47:06 UTC,2026-05-23 12:46:54 UTC,2026-05-23 12:47:00 UTC,2026-05-23 12:46:18 UTC,2026-05-23 12:46:04 UTC,2026-05-23 12:45:44 UTC,2026-05-23 12:44:53 UTC,2026-05-23 12:44:08 UTC,2026-05-23 12:43:32 UTC,2026-05-23 12:43:28 UTC,2026-05-23 12:43:16 UTC,2026-05-23 12:43:07 UTC,2026-05-23 12:42:46 UTC,2026-05-23 12:42:09 UTC,2026-05-23 12:48:01 UTC,2026-05-23 12:48:03 UTC,2026-05-23 12:47:22 UTC,2026-05-23 12:46:23 UTC,end_normal
5f5a059911470bf537546fbad2fae614,2026-05-12 18:09:35 UTC,2026-05-12 18:11:28 UTC,2026-05-12 18:10:04 UTC,NA,NA,NA,NA,NA,NA,NA,NA,NA,NA,NA,NA,NA,NA,NA,NA,NA,8,radikale,3,2,NA,3,midtjylland,lang_videre,1977,Kvinde,981,2026-05-12 18:10:41 UTC,2026-05-12 18:10:32 UTC,NA,2026-05-12 18:10:26 UTC,2026-05-12 18:10:17 UTC,2026-05-12 18:10:14 UTC,2026-05-12 18:10:10 UTC,NA,NA,NA,NA,NA,NA,2026-05-12 18:10:52 UTC,2026-05-12 18:10:52 UTC,NA,NA,NA,NA,NA,NA,NA,NA,NA,NA,NA,NA,NA,NA,NA,NA,2026-05-12 18:10:55 UTC,2026-05-12 18:10:44 UTC,2026-05-12 18:10:19 UTC,2026-05-12 18:09:56 UTC,2026-05-12 18:09:35 UTC,NA,NA,NA,NA,cbc_intro
5fa27cc4d2fa7401c091e86a15593c19,2026-05-23 10:36:06 UTC,2026-05-23 10:41:29 UTC,2026-05-23 10:36:17 UTC,3,3,2,3,3,NA,3,1,3,3,3,NA,option_2,option_2,option_2,option_1,option_2,5,socialdemokratiet,NA,3,NA,1,midtjylland,mellemlang_videre,1975,Kvinde,234,NA,2026-05-23 10:36:56 UTC,NA,2026-05-23 10:36:40 UTC,2026-05-23 10:36:30 UTC,2026-05-23 10:36:28 UTC,2026-05-23 10:36:23 UTC,NA,2026-05-23 10:39:35 UTC,2026-05-23 10:39:05 UTC,2026-05-23 10:38:47 UTC,2026-05-23 10:38:17 UTC,2026-05-23 10:37:37 UTC,2026-05-23 10:37:06 UTC,2026-05-23 10:37:03 UTC,2026-05-23 10:41:00 UTC,2026-05-23 10:41:00 UTC,2026-05-23 10:40:59 UTC,2026-05-23 10:40:59 UTC,NA,2026-05-23 10:40:44 UTC,2026-05-23 10:40:18 UTC,2026-05-23 10:40:11 UTC,2026-05-23 10:40:10 UTC,2026-05-23 10:40:04 UTC,2026-05-23 10:39:40 UTC,2026-05-23 10:39:08 UTC,2026-05-23 10:38:49 UTC,2026-05-23 10:38:21 UTC,2026-05-23 10:37:38 UTC,2026-05-23 10:37:10 UTC,2026-05-23 10:37:07 UTC,2026-05-23 10:36:58 UTC,2026-05-23 10:36:32 UTC,2026-05-23 10:36:13 UTC,2026-05-23 10:36:06 UTC,2026-05-23 10:41:02 UTC,2026-05-23 10:41:03 UTC,2026-05-23 10:40:45 UTC,2026-05-23 10:39:46 UTC,end_normal
601b1ebdfd0583aba2188822cff59426,2026-05-13 15:49:36 UTC,2026-05-13 16:06:21 UTC,2026-05-13 15:49:56 UTC,4,5,5,5,5,NA,4,5,5,4,5,NA,option_2,option_2,option_1,option_2,option_2,6,radikale,1,2,1,2,hovedstaden,lang_videre,1977,Kvinde,1499,2026-05-13 15:53:41 UTC,2026-05-13 15:50:40 UTC,2026-05-13 15:53:30 UTC,2026-05-13 15:53:21 UTC,2026-05-13 15:50:13 UTC,2026-05-13 15:50:07 UTC,2026-05-13 15:50:02 UTC,NA,2026-05-13 16:00:27 UTC,2026-05-13 16:00:05 UTC,2026-05-13 15:59:39 UTC,2026-05-13 15:58:59 UTC,2026-05-13 15:54:58 UTC,2026-05-13 15:54:01 UTC,2026-05-13 15:53:49 UTC,2026-05-13 16:05:28 UTC,2026-05-13 16:05:27 UTC,2026-05-13 16:05:25 UTC,2026-05-13 16:05:24 UTC,NA,2026-05-13 16:05:05 UTC,2026-05-13 16:04:59 UTC,2026-05-13 16:04:54 UTC,2026-05-13 16:04:55 UTC,2026-05-13 16:04:52 UTC,2026-05-13 16:00:28 UTC,2026-05-13 16:00:09 UTC,2026-05-13 15:59:44 UTC,2026-05-13 15:59:04 UTC,2026-05-13 15:55:03 UTC,2026-05-13 15:54:15 UTC,2026-05-13 15:54:04 UTC,2026-05-13 15:53:42 UTC,2026-05-13 15:50:14 UTC,2026-05-13 15:49:51 UTC,2026-05-13 15:49:36 UTC,2026-05-13 16:05:30 UTC,2026-05-13 16:05:36 UTC,2026-05-13 16:05:06 UTC,2026-05-13 16:00:35 UTC,end_normal
605df887a02648b14327cb2c8b526fff,2026-05-20 20:29:34 UTC,2026-05-20 20:35:00 UTC,2026-05-20 20:29:46 UTC,1,1,1,1,1,NA,1,2,1,2,1,NA,option_2,option_2,option_1,option_2,option_2,5,dansk_folkeparti,1,2,NA,1,sjaelland,lang_videre,1965,Mand,240,2026-05-20 20:30:31 UTC,2026-05-20 20:30:23 UTC,NA,2026-05-20 20:30:10 UTC,2026-05-20 20:30:00 UTC,2026-05-20 20:29:56 UTC,2026-05-20 20:29:52 UTC,NA,2026-05-20 20:32:43 UTC,2026-05-20 20:32:02 UTC,2026-05-20 20:31:47 UTC,2026-05-20 20:31:30 UTC,2026-05-20 20:31:08 UTC,2026-05-20 20:30:45 UTC,2026-05-20 20:30:40 UTC,2026-05-20 20:33:44 UTC,2026-05-20 20:33:43 UTC,2026-05-20 20:33:43 UTC,2026-05-20 20:33:40 UTC,NA,2026-05-20 20:33:24 UTC,2026-05-20 20:33:22 UTC,2026-05-20 20:33:19 UTC,2026-05-20 20:33:14 UTC,2026-05-20 20:33:08 UTC,2026-05-20 20:32:44 UTC,2026-05-20 20:32:03 UTC,2026-05-20 20:31:48 UTC,2026-05-20 20:31:34 UTC,2026-05-20 20:31:09 UTC,2026-05-20 20:30:50 UTC,2026-05-20 20:30:46 UTC,2026-05-20 20:30:33 UTC,2026-05-20 20:30:03 UTC,2026-05-20 20:29:42 UTC,2026-05-20 20:29:34 UTC,2026-05-20 20:33:47 UTC,2026-05-20 20:33:49 UTC,2026-05-20 20:33:24 UTC,2026-05-20 20:32:49 UTC,end_normal
60ec31a6b048bd445d0de35c53aa5e5d,2026-06-20 13:38:56 UTC,2026-06-20 13:47:19 UTC,2026-06-20 13:39:28 UTC,NA,NA,NA,NA,NA,NA,NA,NA,NA,NA,NA,NA,option_1,option_1,option_1,option_2,option_2,10,socialdemokratiet,NA,3,3,2,midtjylland,mellemlang_videre,1951,Kvinde,701,NA,2026-06-20 13:40:53 UTC,2026-06-20 13:40:38 UTC,2026-06-20 13:40:17 UTC,2026-06-20 13:39:51 UTC,2026-06-20 13:39:46 UTC,2026-06-20 13:39:40 UTC,NA,2026-06-20 13:45:48 UTC,2026-06-20 13:45:21 UTC,2026-06-20 13:44:04 UTC,2026-06-20 13:43:34 UTC,2026-06-20 13:42:56 UTC,2026-06-20 13:41:22 UTC,2026-06-20 13:41:10 UTC,NA,NA,NA,NA,NA,NA,NA,NA,NA,NA,2026-06-20 13:45:49 UTC,2026-06-20 13:45:23 UTC,2026-06-20 13:44:07 UTC,2026-06-20 13:43:36 UTC,2026-06-20 13:42:58 UTC,2026-06-20 13:41:39 UTC,2026-06-20 13:41:24 UTC,2026-06-20 13:40:55 UTC,2026-06-20 13:39:52 UTC,2026-06-20 13:39:22 UTC,2026-06-20 13:38:56 UTC,NA,NA,NA,2026-06-20 13:46:07 UTC,single_profile_1
610d6f4d76a6ca8bda305c6a55c5e881,2026-05-13 18:42:47 UTC,2026-05-13 18:48:05 UTC,2026-05-13 18:42:57 UTC,3,4,4,4,4,NA,4,4,4,4,4,NA,option_2,option_1,option_1,option_2,option_1,6,sf,3,2,NA,1,nordjylland,lang_videre,1968,Mand,976,2026-05-13 18:44:00 UTC,2026-05-13 18:43:35 UTC,NA,2026-05-13 18:44:08 UTC,2026-05-13 18:43:11 UTC,2026-05-13 18:43:08 UTC,2026-05-13 18:43:02 UTC,NA,2026-05-13 18:46:42 UTC,2026-05-13 18:46:21 UTC,2026-05-13 18:45:51 UTC,2026-05-13 18:45:34 UTC,2026-05-13 18:45:10 UTC,2026-05-13 18:44:24 UTC,2026-05-13 18:44:17 UTC,2026-05-13 18:47:28 UTC,2026-05-13 18:47:27 UTC,2026-05-13 18:47:26 UTC,2026-05-13 18:47:26 UTC,NA,2026-05-13 18:47:14 UTC,2026-05-13 18:47:12 UTC,2026-05-13 18:47:08 UTC,2026-05-13 18:47:07 UTC,2026-05-13 18:47:02 UTC,2026-05-13 18:46:43 UTC,2026-05-13 18:46:22 UTC,2026-05-13 18:45:53 UTC,2026-05-13 18:45:35 UTC,2026-05-13 18:45:12 UTC,2026-05-13 18:44:30 UTC,2026-05-13 18:44:26 UTC,2026-05-13 18:44:10 UTC,2026-05-13 18:43:12 UTC,2026-05-13 18:42:53 UTC,2026-05-13 18:42:47 UTC,2026-05-13 18:47:32 UTC,2026-05-13 18:47:33 UTC,2026-05-13 18:47:15 UTC,2026-05-13 18:46:52 UTC,end_normal
6130bd2c0e9cee1c15ec8c73b414f0fd,2026-05-23 17:21:23 UTC,2026-05-23 17:29:54 UTC,2026-05-23 17:21:46 UTC,3,2,2,4,2,NA,3,4,4,4,3,NA,option_1,option_1,option_1,option_1,option_2,4,venstre,NA,1,NA,1,midtjylland,erhvervsuddannelse,1948,Kvinde,109,NA,2026-05-23 17:22:41 UTC,NA,2026-05-23 17:22:28 UTC,2026-05-23 17:22:14 UTC,2026-05-23 17:22:07 UTC,2026-05-23 17:22:02 UTC,NA,2026-05-23 17:26:37 UTC,2026-05-23 17:25:58 UTC,2026-05-23 17:25:21 UTC,2026-05-23 17:24:37 UTC,2026-05-23 17:24:15 UTC,2026-05-23 17:23:14 UTC,2026-05-23 17:23:02 UTC,2026-05-23 17:29:13 UTC,2026-05-23 17:29:06 UTC,2026-05-23 17:29:01 UTC,2026-05-23 17:28:52 UTC,NA,2026-05-23 17:28:27 UTC,2026-05-23 17:28:21 UTC,2026-05-23 17:28:19 UTC,2026-05-23 17:28:15 UTC,2026-05-23 17:28:03 UTC,2026-05-23 17:26:38 UTC,2026-05-23 17:25:59 UTC,2026-05-23 17:25:21 UTC,2026-05-23 17:24:43 UTC,2026-05-23 17:24:16 UTC,2026-05-23 17:23:30 UTC,2026-05-23 17:23:15 UTC,2026-05-23 17:22:42 UTC,2026-05-23 17:22:14 UTC,2026-05-23 17:21:42 UTC,2026-05-23 17:21:23 UTC,2026-05-23 17:29:15 UTC,2026-05-23 17:29:16 UTC,2026-05-23 17:28:27 UTC,2026-05-23 17:26:48 UTC,end_normal
6140e32022c22f3447f1b2e00d707441,2026-06-19 21:37:12 UTC,2026-06-19 21:46:00 UTC,2026-06-19 21:37:38 UTC,5,5,5,5,5,NA,1,1,1,2,2,NA,option_1,option_2,option_2,option_1,option_2,7,socialdemokratiet,NA,3,3,2,syddanmark,kort_videre,1965,Kvinde,1460,NA,2026-06-19 21:38:31 UTC,2026-06-19 21:38:20 UTC,2026-06-19 21:38:10 UTC,2026-06-19 21:38:00 UTC,2026-06-19 21:37:57 UTC,2026-06-19 21:37:45 UTC,NA,2026-06-19 21:41:56 UTC,2026-06-19 21:41:27 UTC,2026-06-19 21:40:55 UTC,2026-06-19 21:40:20 UTC,2026-06-19 21:39:36 UTC,2026-06-19 21:38:44 UTC,2026-06-19 21:38:38 UTC,2026-06-19 21:43:45 UTC,2026-06-19 21:43:40 UTC,2026-06-19 21:43:29 UTC,2026-06-19 21:43:26 UTC,NA,2026-06-19 21:43:04 UTC,2026-06-19 21:43:01 UTC,2026-06-19 21:42:57 UTC,2026-06-19 21:42:51 UTC,2026-06-19 21:42:46 UTC,2026-06-19 21:41:58 UTC,2026-06-19 21:41:28 UTC,2026-06-19 21:40:57 UTC,2026-06-19 21:40:22 UTC,2026-06-19 21:39:39 UTC,2026-06-19 21:38:59 UTC,2026-06-19 21:38:45 UTC,2026-06-19 21:38:32 UTC,2026-06-19 21:38:01 UTC,2026-06-19 21:37:34 UTC,2026-06-19 21:37:12 UTC,2026-06-19 21:43:55 UTC,2026-06-19 21:43:56 UTC,2026-06-19 21:43:07 UTC,2026-06-19 21:42:17 UTC,end_normal
619c5d402a6ecb8349c3f6c07c6ff82e,2026-05-19 13:23:45 UTC,2026-05-19 13:28:17 UTC,2026-05-19 13:23:55 UTC,1,1,2,2,1,NA,3,4,4,3,3,NA,option_1,option_2,option_1,option_1,option_1,3,dansk_folkeparti,3,2,NA,1,sjaelland,mellemlang_videre,1964,Kvinde,627,2026-05-19 13:24:37 UTC,2026-05-19 13:24:22 UTC,NA,2026-05-19 13:24:15 UTC,2026-05-19 13:24:06 UTC,2026-05-19 13:24:04 UTC,2026-05-19 13:23:59 UTC,NA,2026-05-19 13:26:47 UTC,2026-05-19 13:26:20 UTC,2026-05-19 13:25:54 UTC,2026-05-19 13:25:42 UTC,2026-05-19 13:25:25 UTC,2026-05-19 13:24:51 UTC,2026-05-19 13:24:47 UTC,2026-05-19 13:27:51 UTC,2026-05-19 13:27:49 UTC,2026-05-19 13:27:48 UTC,2026-05-19 13:27:44 UTC,NA,2026-05-19 13:27:24 UTC,2026-05-19 13:27:22 UTC,2026-05-19 13:27:18 UTC,2026-05-19 13:27:14 UTC,2026-05-19 13:27:13 UTC,2026-05-19 13:26:48 UTC,2026-05-19 13:26:20 UTC,2026-05-19 13:25:55 UTC,2026-05-19 13:25:43 UTC,2026-05-19 13:25:25 UTC,2026-05-19 13:24:59 UTC,2026-05-19 13:24:52 UTC,2026-05-19 13:24:37 UTC,2026-05-19 13:24:07 UTC,2026-05-19 13:23:51 UTC,2026-05-19 13:23:45 UTC,2026-05-19 13:27:53 UTC,2026-05-19 13:27:54 UTC,2026-05-19 13:27:24 UTC,2026-05-19 13:26:55 UTC,end_normal
6217cfea8b5c2376535eb6ab4023e63d,2026-06-20 14:05:38 UTC,2026-06-20 14:08:45 UTC,2026-06-20 14:05:48 UTC,NA,NA,NA,NA,NA,NA,NA,NA,NA,NA,NA,NA,option_2,option_2,option_2,option_2,option_1,5,radikale,3,2,NA,1,syddanmark,gymnasial,2007,Kvinde,1540,2026-06-20 14:06:35 UTC,2026-06-20 14:06:25 UTC,NA,2026-06-20 14:06:13 UTC,2026-06-20 14:06:02 UTC,2026-06-20 14:05:56 UTC,2026-06-20 14:05:51 UTC,NA,2026-06-20 14:08:19 UTC,2026-06-20 14:08:05 UTC,2026-06-20 14:07:45 UTC,2026-06-20 14:07:34 UTC,2026-06-20 14:07:16 UTC,2026-06-20 14:06:46 UTC,2026-06-20 14:06:41 UTC,NA,NA,NA,NA,NA,NA,NA,NA,NA,NA,2026-06-20 14:08:20 UTC,2026-06-20 14:08:05 UTC,2026-06-20 14:07:47 UTC,2026-06-20 14:07:34 UTC,2026-06-20 14:07:17 UTC,2026-06-20 14:06:51 UTC,2026-06-20 14:06:47 UTC,2026-06-20 14:06:36 UTC,2026-06-20 14:06:04 UTC,2026-06-20 14:05:45 UTC,2026-06-20 14:05:38 UTC,NA,NA,NA,2026-06-20 14:08:23 UTC,single_profile_1
623d12dc5590601280134a418fecee96,2026-05-16 13:20:45 UTC,2026-05-16 13:24:55 UTC,2026-05-16 13:20:58 UTC,2,2,2,2,2,NA,2,3,3,3,3,NA,option_1,option_2,option_1,option_1,option_2,1,sf,NA,3,NA,1,hovedstaden,grundskole,1967,Kvinde,1422,NA,2026-05-16 13:21:35 UTC,NA,2026-05-16 13:21:21 UTC,2026-05-16 13:21:12 UTC,2026-05-16 13:21:09 UTC,2026-05-16 13:21:03 UTC,NA,2026-05-16 13:23:38 UTC,2026-05-16 13:23:13 UTC,2026-05-16 13:22:50 UTC,2026-05-16 13:22:32 UTC,2026-05-16 13:22:20 UTC,2026-05-16 13:21:48 UTC,2026-05-16 13:21:42 UTC,2026-05-16 13:24:29 UTC,2026-05-16 13:24:24 UTC,2026-05-16 13:24:22 UTC,2026-05-16 13:24:21 UTC,NA,2026-05-16 13:24:08 UTC,2026-05-16 13:24:05 UTC,2026-05-16 13:23:58 UTC,2026-05-16 13:23:55 UTC,2026-05-16 13:23:54 UTC,2026-05-16 13:23:38 UTC,2026-05-16 13:23:14 UTC,2026-05-16 13:22:51 UTC,2026-05-16 13:22:33 UTC,2026-05-16 13:22:20 UTC,2026-05-16 13:21:53 UTC,2026-05-16 13:21:49 UTC,2026-05-16 13:21:36 UTC,2026-05-16 13:21:13 UTC,2026-05-16 13:20:51 UTC,2026-05-16 13:20:45 UTC,2026-05-16 13:24:30 UTC,2026-05-16 13:24:31 UTC,2026-05-16 13:24:08 UTC,2026-05-16 13:23:43 UTC,end_normal
624ca6fe0a95ef7846d0256222b71704,2026-05-14 06:05:34 UTC,2026-05-14 06:13:54 UTC,2026-05-14 06:06:12 UTC,4,4,4,4,4,NA,2,2,2,3,2,NA,option_2,option_1,option_1,option_1,option_1,6,socialdemokratiet,3,2,NA,3,hovedstaden,mellemlang_videre,1983,Kvinde,1939,2026-05-14 06:07:50 UTC,2026-05-14 06:07:37 UTC,NA,2026-05-14 06:07:07 UTC,2026-05-14 06:06:44 UTC,2026-05-14 06:06:33 UTC,2026-05-14 06:06:21 UTC,NA,2026-05-14 06:11:28 UTC,2026-05-14 06:10:43 UTC,2026-05-14 06:10:15 UTC,2026-05-14 06:09:48 UTC,2026-05-14 06:09:24 UTC,2026-05-14 06:08:12 UTC,2026-05-14 06:08:00 UTC,2026-05-14 06:12:55 UTC,2026-05-14 06:12:53 UTC,2026-05-14 06:12:51 UTC,2026-05-14 06:12:45 UTC,NA,2026-05-14 06:12:28 UTC,2026-05-14 06:12:22 UTC,2026-05-14 06:12:17 UTC,2026-05-14 06:12:14 UTC,2026-05-14 06:12:09 UTC,2026-05-14 06:11:28 UTC,2026-05-14 06:10:46 UTC,2026-05-14 06:10:22 UTC,2026-05-14 06:09:48 UTC,2026-05-14 06:09:25 UTC,2026-05-14 06:08:35 UTC,2026-05-14 06:08:14 UTC,2026-05-14 06:07:53 UTC,2026-05-14 06:06:45 UTC,2026-05-14 06:06:09 UTC,2026-05-14 06:05:34 UTC,2026-05-14 06:12:57 UTC,2026-05-14 06:12:58 UTC,2026-05-14 06:12:25 UTC,2026-05-14 06:11:45 UTC,end_normal
626346f3ce887e8e1ff50e7bad96f346,2026-06-20 03:07:49 UTC,2026-06-20 03:13:53 UTC,2026-06-20 03:08:06 UTC,1,2,3,3,2,NA,1,1,3,1,1,NA,option_2,option_2,option_1,option_1,option_2,6,sf,NA,3,NA,3,syddanmark,mellemlang_videre,1952,Mand,1691,NA,2026-06-20 03:08:37 UTC,NA,2026-06-20 03:08:29 UTC,2026-06-20 03:08:19 UTC,2026-06-20 03:08:15 UTC,2026-06-20 03:08:10 UTC,NA,2026-06-20 03:11:32 UTC,2026-06-20 03:11:17 UTC,2026-06-20 03:10:49 UTC,2026-06-20 03:10:19 UTC,2026-06-20 03:09:56 UTC,2026-06-20 03:09:00 UTC,2026-06-20 03:09:10 UTC,2026-06-20 03:13:19 UTC,2026-06-20 03:13:16 UTC,2026-06-20 03:13:09 UTC,2026-06-20 03:13:06 UTC,NA,2026-06-20 03:12:10 UTC,2026-06-20 03:12:34 UTC,2026-06-20 03:12:32 UTC,2026-06-20 03:12:42 UTC,2026-06-20 03:12:21 UTC,2026-06-20 03:11:36 UTC,2026-06-20 03:11:18 UTC,2026-06-20 03:10:54 UTC,2026-06-20 03:10:20 UTC,2026-06-20 03:09:58 UTC,2026-06-20 03:09:19 UTC,2026-06-20 03:09:11 UTC,2026-06-20 03:08:38 UTC,2026-06-20 03:08:20 UTC,2026-06-20 03:08:01 UTC,2026-06-20 03:07:49 UTC,2026-06-20 03:13:22 UTC,2026-06-20 03:13:23 UTC,2026-06-20 03:12:43 UTC,2026-06-20 03:11:43 UTC,end_normal
6274f4ea361e4fe4cf639ee69ced4a9f,2026-05-17 18:22:13 UTC,2026-05-17 18:28:28 UTC,2026-05-17 18:22:28 UTC,2,3,2,3,3,NA,4,3,4,4,4,NA,option_2,option_2,option_2,option_1,option_1,5,danmarksdemokraterne,NA,1,NA,1,midtjylland,erhvervsuddannelse,1958,Mand,477,NA,2026-05-17 18:23:22 UTC,NA,2026-05-17 18:23:07 UTC,2026-05-17 18:22:51 UTC,2026-05-17 18:22:47 UTC,2026-05-17 18:22:39 UTC,NA,2026-05-17 18:26:32 UTC,2026-05-17 18:26:07 UTC,2026-05-17 18:25:31 UTC,2026-05-17 18:25:00 UTC,2026-05-17 18:24:24 UTC,2026-05-17 18:23:40 UTC,2026-05-17 18:23:34 UTC,2026-05-17 18:27:54 UTC,2026-05-17 18:27:51 UTC,2026-05-17 18:27:46 UTC,2026-05-17 18:27:40 UTC,NA,2026-05-17 18:27:23 UTC,2026-05-17 18:27:19 UTC,2026-05-17 18:27:15 UTC,2026-05-17 18:27:11 UTC,2026-05-17 18:27:07 UTC,2026-05-17 18:26:32 UTC,2026-05-17 18:26:08 UTC,2026-05-17 18:25:34 UTC,2026-05-17 18:25:02 UTC,2026-05-17 18:24:25 UTC,2026-05-17 18:23:53 UTC,2026-05-17 18:23:43 UTC,2026-05-17 18:23:23 UTC,2026-05-17 18:22:53 UTC,2026-05-17 18:22:22 UTC,2026-05-17 18:22:13 UTC,2026-05-17 18:27:58 UTC,2026-05-17 18:28:00 UTC,2026-05-17 18:27:23 UTC,2026-05-17 18:26:39 UTC,end_normal
629bcd8a636a24dbf71ad8108b2a8728,2026-06-16 02:29:29 UTC,2026-06-16 02:36:43 UTC,2026-06-16 02:29:48 UTC,4,4,4,4,4,NA,2,2,2,2,2,NA,option_2,option_1,option_1,option_1,option_1,2,dansk_folkeparti,3,2,NA,1,sjaelland,kort_videre,1973,Kvinde,875,2026-06-16 02:31:35 UTC,2026-06-16 02:31:11 UTC,NA,2026-06-16 02:30:55 UTC,2026-06-16 02:30:42 UTC,2026-06-16 02:30:38 UTC,2026-06-16 02:30:07 UTC,NA,2026-06-16 02:34:40 UTC,2026-06-16 02:34:09 UTC,2026-06-16 02:33:49 UTC,2026-06-16 02:33:15 UTC,2026-06-16 02:32:52 UTC,2026-06-16 02:31:56 UTC,2026-06-16 02:31:46 UTC,2026-06-16 02:36:18 UTC,2026-06-16 02:36:16 UTC,2026-06-16 02:36:14 UTC,2026-06-16 02:36:12 UTC,NA,2026-06-16 02:35:46 UTC,2026-06-16 02:35:43 UTC,2026-06-16 02:35:39 UTC,2026-06-16 02:35:36 UTC,2026-06-16 02:35:32 UTC,2026-06-16 02:34:43 UTC,2026-06-16 02:34:11 UTC,2026-06-16 02:33:49 UTC,2026-06-16 02:33:22 UTC,2026-06-16 02:32:54 UTC,2026-06-16 02:32:07 UTC,2026-06-16 02:31:59 UTC,2026-06-16 02:31:36 UTC,2026-06-16 02:30:44 UTC,2026-06-16 02:29:40 UTC,2026-06-16 02:29:29 UTC,2026-06-16 02:36:19 UTC,2026-06-16 02:36:24 UTC,2026-06-16 02:35:48 UTC,2026-06-16 02:34:56 UTC,end_normal
62d190eeb279b7f19f471a347e7b9252,2026-06-19 19:04:53 UTC,2026-06-19 19:10:13 UTC,2026-06-19 19:05:11 UTC,1,3,1,2,2,NA,3,1,2,2,3,NA,option_2,option_2,option_1,option_1,option_2,1,enhedslisten,NA,3,3,2,syddanmark,mellemlang_videre,1976,Mand,246,NA,2026-06-19 19:05:48 UTC,2026-06-19 19:05:40 UTC,2026-06-19 19:05:33 UTC,2026-06-19 19:05:22 UTC,2026-06-19 19:05:18 UTC,2026-06-19 19:05:15 UTC,NA,2026-06-19 19:08:09 UTC,2026-06-19 19:07:49 UTC,2026-06-19 19:07:27 UTC,2026-06-19 19:07:07 UTC,2026-06-19 19:06:40 UTC,2026-06-19 19:05:54 UTC,2026-06-19 19:06:03 UTC,2026-06-19 19:09:35 UTC,2026-06-19 19:09:30 UTC,2026-06-19 19:09:26 UTC,2026-06-19 19:09:26 UTC,NA,2026-06-19 19:09:09 UTC,2026-06-19 19:08:58 UTC,2026-06-19 19:08:54 UTC,2026-06-19 19:08:53 UTC,2026-06-19 19:08:42 UTC,2026-06-19 19:08:10 UTC,2026-06-19 19:07:51 UTC,2026-06-19 19:07:29 UTC,2026-06-19 19:07:09 UTC,NA,2026-06-19 19:06:12 UTC,NA,2026-06-19 19:05:48 UTC,2026-06-19 19:05:24 UTC,2026-06-19 19:05:08 UTC,2026-06-19 19:04:53 UTC,2026-06-19 19:09:35 UTC,2026-06-19 19:09:35 UTC,2026-06-19 19:09:10 UTC,2026-06-19 19:08:23 UTC,end_normal
634682a608973b8ceab7c0b175192d17,2026-06-20 15:27:22 UTC,2026-06-20 15:37:46 UTC,2026-06-20 15:27:53 UTC,1,3,3,2,3,NA,1,2,2,3,3,NA,option_2,option_2,option_2,option_2,option_2,7,socialdemokratiet,NA,3,1,2,midtjylland,mellemlang_videre,1948,Mand,1415,NA,2026-06-20 15:29:13 UTC,2026-06-20 15:28:54 UTC,2026-06-20 15:28:33 UTC,2026-06-20 15:28:14 UTC,2026-06-20 15:28:10 UTC,2026-06-20 15:28:01 UTC,NA,2026-06-20 15:33:36 UTC,2026-06-20 15:33:08 UTC,2026-06-20 15:32:20 UTC,2026-06-20 15:31:13 UTC,2026-06-20 15:30:39 UTC,2026-06-20 15:29:37 UTC,2026-06-20 15:29:28 UTC,2026-06-20 15:35:58 UTC,2026-06-20 15:35:52 UTC,2026-06-20 15:35:47 UTC,2026-06-20 15:35:37 UTC,NA,2026-06-20 15:34:59 UTC,2026-06-20 15:34:54 UTC,2026-06-20 15:34:46 UTC,2026-06-20 15:34:38 UTC,2026-06-20 15:34:34 UTC,2026-06-20 15:33:41 UTC,2026-06-20 15:33:09 UTC,2026-06-20 15:32:24 UTC,2026-06-20 15:31:18 UTC,2026-06-20 15:30:40 UTC,2026-06-20 15:29:55 UTC,2026-06-20 15:29:39 UTC,2026-06-20 15:29:17 UTC,2026-06-20 15:28:16 UTC,2026-06-20 15:27:48 UTC,2026-06-20 15:27:22 UTC,2026-06-20 15:36:00 UTC,2026-06-20 15:36:03 UTC,2026-06-20 15:35:02 UTC,2026-06-20 15:33:53 UTC,end_normal
63e53d9b83a731c08d66182410ca54f8,2026-05-15 14:42:05 UTC,2026-05-15 14:48:02 UTC,2026-05-15 14:42:19 UTC,3,3,3,4,3,NA,4,5,4,4,4,NA,option_1,option_1,option_1,option_2,option_1,4,liberal_alliance,1,2,1,2,nordjylland,mellemlang_videre,1964,Kvinde,101,2026-05-15 14:43:05 UTC,2026-05-15 14:43:03 UTC,2026-05-15 14:42:53 UTC,2026-05-15 14:42:48 UTC,2026-05-15 14:42:37 UTC,2026-05-15 14:42:32 UTC,2026-05-15 14:42:26 UTC,NA,2026-05-15 14:45:43 UTC,2026-05-15 14:45:15 UTC,2026-05-15 14:44:51 UTC,2026-05-15 14:44:30 UTC,2026-05-15 14:43:55 UTC,2026-05-15 14:43:18 UTC,2026-05-15 14:43:15 UTC,2026-05-15 14:46:53 UTC,2026-05-15 14:46:50 UTC,2026-05-15 14:46:45 UTC,2026-05-15 14:46:42 UTC,NA,2026-05-15 14:46:29 UTC,2026-05-15 14:46:24 UTC,2026-05-15 14:46:18 UTC,2026-05-15 14:46:15 UTC,2026-05-15 14:46:12 UTC,2026-05-15 14:45:44 UTC,2026-05-15 14:45:19 UTC,2026-05-15 14:44:51 UTC,2026-05-15 14:44:31 UTC,2026-05-15 14:43:56 UTC,NA,2026-05-15 14:43:20 UTC,2026-05-15 14:43:07 UTC,2026-05-15 14:42:38 UTC,2026-05-15 14:42:15 UTC,2026-05-15 14:42:05 UTC,2026-05-15 14:46:55 UTC,2026-05-15 14:46:57 UTC,2026-05-15 14:46:30 UTC,2026-05-15 14:45:51 UTC,end_normal
649269ca1e0b4a1ccf4d9ea6afd46079,2026-06-19 22:51:12 UTC,2026-06-19 22:54:09 UTC,2026-06-19 22:51:25 UTC,NA,NA,NA,NA,NA,NA,NA,NA,NA,NA,NA,NA,NA,NA,NA,NA,NA,2,danmarksdemokraterne,1,2,NA,1,midtjylland,erhvervsuddannelse,1978,Kvinde,1995,2026-06-19 22:52:43 UTC,2026-06-19 22:52:18 UTC,NA,2026-06-19 22:51:59 UTC,2026-06-19 22:51:43 UTC,2026-06-19 22:51:39 UTC,2026-06-19 22:51:31 UTC,NA,NA,NA,NA,NA,NA,2026-06-19 22:53:07 UTC,2026-06-19 22:53:01 UTC,NA,NA,NA,NA,NA,NA,NA,NA,NA,NA,NA,NA,NA,NA,NA,2026-06-19 22:53:15 UTC,2026-06-19 22:53:09 UTC,2026-06-19 22:52:49 UTC,2026-06-19 22:51:44 UTC,2026-06-19 22:51:21 UTC,2026-06-19 22:51:12 UTC,NA,NA,NA,NA,cbc_q1_page
64a0e57998c14b690e5f4d6e99da6de8,2026-05-17 16:42:06 UTC,2026-05-17 16:52:27 UTC,2026-05-17 16:42:28 UTC,1,2,3,3,3,NA,4,4,4,4,4,NA,option_1,option_1,option_1,option_2,option_2,7,sf,NA,3,NA,3,midtjylland,mellemlang_videre,1959,Kvinde,1100,NA,2026-05-17 16:43:24 UTC,NA,2026-05-17 16:43:14 UTC,2026-05-17 16:42:44 UTC,2026-05-17 16:42:41 UTC,2026-05-17 16:42:58 UTC,NA,2026-05-17 16:45:48 UTC,2026-05-17 16:45:32 UTC,2026-05-17 16:45:05 UTC,2026-05-17 16:44:37 UTC,2026-05-17 16:44:16 UTC,2026-05-17 16:43:37 UTC,2026-05-17 16:43:31 UTC,2026-05-17 16:46:45 UTC,2026-05-17 16:46:44 UTC,2026-05-17 16:46:43 UTC,2026-05-17 16:46:40 UTC,NA,2026-05-17 16:46:25 UTC,2026-05-17 16:46:24 UTC,2026-05-17 16:46:21 UTC,2026-05-17 16:46:19 UTC,2026-05-17 16:46:16 UTC,2026-05-17 16:45:51 UTC,2026-05-17 16:45:35 UTC,2026-05-17 16:45:08 UTC,2026-05-17 16:44:40 UTC,2026-05-17 16:44:20 UTC,2026-05-17 16:43:57 UTC,2026-05-17 16:43:37 UTC,2026-05-17 16:43:25 UTC,2026-05-17 16:43:03 UTC,2026-05-17 16:42:24 UTC,2026-05-17 16:42:06 UTC,2026-05-17 16:46:50 UTC,2026-05-17 16:46:51 UTC,2026-05-17 16:46:27 UTC,2026-05-17 16:45:59 UTC,end_normal
64fcf1a9da9261f3b03d6602a52412b4,2026-05-14 21:03:25 UTC,2026-05-14 21:10:25 UTC,2026-05-14 21:04:32 UTC,2,3,4,4,4,NA,1,1,1,1,1,NA,option_1,option_2,option_2,option_2,option_1,6,enhedslisten,3,2,NA,3,hovedstaden,mellemlang_videre,2002,Kvinde,1159,2026-05-14 21:05:37 UTC,2026-05-14 21:05:29 UTC,NA,2026-05-14 21:05:22 UTC,2026-05-14 21:04:44 UTC,2026-05-14 21:04:41 UTC,2026-05-14 21:04:34 UTC,NA,2026-05-14 21:08:27 UTC,2026-05-14 21:07:50 UTC,2026-05-14 21:07:10 UTC,2026-05-14 21:06:53 UTC,2026-05-14 21:06:33 UTC,2026-05-14 21:06:01 UTC,2026-05-14 21:05:54 UTC,2026-05-14 21:09:42 UTC,2026-05-14 21:09:36 UTC,2026-05-14 21:09:35 UTC,2026-05-14 21:09:32 UTC,NA,2026-05-14 21:09:13 UTC,2026-05-14 21:09:11 UTC,2026-05-14 21:09:09 UTC,2026-05-14 21:09:14 UTC,2026-05-14 21:08:58 UTC,2026-05-14 21:08:28 UTC,2026-05-14 21:07:52 UTC,2026-05-14 21:07:11 UTC,2026-05-14 21:06:54 UTC,2026-05-14 21:06:34 UTC,2026-05-14 21:06:13 UTC,2026-05-14 21:06:02 UTC,2026-05-14 21:05:38 UTC,2026-05-14 21:04:45 UTC,2026-05-14 21:04:27 UTC,2026-05-14 21:03:25 UTC,2026-05-14 21:09:46 UTC,2026-05-14 21:09:47 UTC,2026-05-14 21:09:15 UTC,2026-05-14 21:08:37 UTC,end_normal
653dd6ebed34b94fa283b2c5c42849a3,2026-05-13 20:07:25 UTC,2026-05-13 20:18:49 UTC,2026-05-13 20:08:15 UTC,2,2,3,3,3,NA,3,4,4,3,3,NA,option_2,option_2,option_1,option_2,option_1,5,danmarksdemokraterne,3,2,NA,1,sjaelland,kort_videre,1970,Kvinde,846,2026-05-13 20:09:51 UTC,2026-05-13 20:09:37 UTC,NA,2026-05-13 20:09:10 UTC,2026-05-13 20:08:52 UTC,2026-05-13 20:08:41 UTC,2026-05-13 20:08:22 UTC,NA,2026-05-13 20:15:39 UTC,2026-05-13 20:14:25 UTC,2026-05-13 20:12:37 UTC,2026-05-13 20:11:56 UTC,2026-05-13 20:11:24 UTC,2026-05-13 20:10:20 UTC,2026-05-13 20:10:08 UTC,2026-05-13 20:18:21 UTC,2026-05-13 20:18:13 UTC,2026-05-13 20:18:06 UTC,2026-05-13 20:18:00 UTC,NA,2026-05-13 20:17:18 UTC,2026-05-13 20:17:11 UTC,2026-05-13 20:17:03 UTC,2026-05-13 20:16:58 UTC,2026-05-13 20:16:55 UTC,2026-05-13 20:15:40 UTC,2026-05-13 20:14:28 UTC,2026-05-13 20:12:40 UTC,2026-05-13 20:11:57 UTC,2026-05-13 20:11:25 UTC,2026-05-13 20:10:42 UTC,2026-05-13 20:10:21 UTC,2026-05-13 20:09:55 UTC,2026-05-13 20:08:58 UTC,2026-05-13 20:08:09 UTC,2026-05-13 20:07:25 UTC,2026-05-13 20:18:26 UTC,2026-05-13 20:18:27 UTC,2026-05-13 20:17:18 UTC,2026-05-13 20:15:54 UTC,end_normal
655688e2eaac2c2f16780da094cebdde,2026-06-19 22:39:22 UTC,2026-06-19 22:41:54 UTC,2026-06-19 22:39:52 UTC,NA,NA,NA,NA,NA,NA,NA,NA,NA,NA,NA,NA,NA,NA,NA,NA,NA,NA,NA,NA,NA,NA,NA,midtjylland,erhvervsuddannelse,NA,Kvinde,1251,NA,NA,NA,NA,2026-06-19 22:40:26 UTC,2026-06-19 22:40:48 UTC,NA,NA,NA,NA,NA,NA,NA,NA,NA,NA,NA,NA,NA,NA,NA,NA,NA,NA,NA,NA,NA,NA,NA,NA,NA,NA,NA,NA,2026-06-19 22:39:48 UTC,2026-06-19 22:39:22 UTC,NA,NA,NA,NA,Background
65af07e724833c54bffc20a4abcc80e2,2026-06-21 17:49:03 UTC,2026-06-21 17:59:06 UTC,2026-06-21 17:49:14 UTC,1,5,1,2,2,NA,1,5,5,4,2,NA,option_1,option_1,option_1,option_2,option_2,5,liberal_alliance,3,2,NA,1,sjaelland,mellemlang_videre,1967,Kvinde,200,2026-06-21 17:50:22 UTC,2026-06-21 17:49:59 UTC,NA,2026-06-21 17:49:45 UTC,2026-06-21 17:49:29 UTC,2026-06-21 17:49:25 UTC,2026-06-21 17:49:20 UTC,NA,2026-06-21 17:55:55 UTC,2026-06-21 17:54:39 UTC,2026-06-21 17:54:12 UTC,2026-06-21 17:53:47 UTC,2026-06-21 17:52:42 UTC,2026-06-21 17:51:44 UTC,2026-06-21 17:50:31 UTC,2026-06-21 17:57:51 UTC,2026-06-21 17:57:45 UTC,2026-06-21 17:57:40 UTC,2026-06-21 17:57:40 UTC,NA,2026-06-21 17:56:55 UTC,2026-06-21 17:56:52 UTC,2026-06-21 17:56:42 UTC,2026-06-21 17:56:34 UTC,2026-06-21 17:56:27 UTC,2026-06-21 17:55:56 UTC,2026-06-21 17:54:41 UTC,2026-06-21 17:54:13 UTC,2026-06-21 17:53:49 UTC,2026-06-21 17:52:43 UTC,2026-06-21 17:52:07 UTC,2026-06-21 17:51:45 UTC,2026-06-21 17:50:23 UTC,2026-06-21 17:49:32 UTC,2026-06-21 17:49:12 UTC,2026-06-21 17:49:03 UTC,2026-06-21 17:57:59 UTC,2026-06-21 17:58:00 UTC,2026-06-21 17:56:56 UTC,2026-06-21 17:56:08 UTC,end_normal
66524b5f573dd7bae22f52ea43003b91,2026-05-13 16:02:05 UTC,2026-05-13 16:11:22 UTC,2026-05-13 16:02:16 UTC,1,3,2,2,2,NA,1,3,2,2,2,NA,option_1,option_1,option_1,option_2,option_1,9,socialdemokratiet,1,2,1,2,hovedstaden,lang_videre,2001,Mand,1643,2026-05-13 16:04:26 UTC,2026-05-13 16:04:10 UTC,2026-05-13 16:03:44 UTC,2026-05-13 16:03:34 UTC,2026-05-13 16:02:38 UTC,2026-05-13 16:02:27 UTC,2026-05-13 16:02:20 UTC,NA,2026-05-13 16:08:37 UTC,2026-05-13 16:08:15 UTC,2026-05-13 16:07:43 UTC,2026-05-13 16:07:02 UTC,2026-05-13 16:05:52 UTC,2026-05-13 16:04:42 UTC,2026-05-13 16:04:34 UTC,2026-05-13 16:10:41 UTC,2026-05-13 16:10:19 UTC,2026-05-13 16:10:17 UTC,2026-05-13 16:10:17 UTC,NA,2026-05-13 16:10:00 UTC,2026-05-13 16:09:26 UTC,2026-05-13 16:09:47 UTC,2026-05-13 16:09:48 UTC,2026-05-13 16:09:56 UTC,2026-05-13 16:08:38 UTC,2026-05-13 16:08:18 UTC,2026-05-13 16:07:46 UTC,2026-05-13 16:07:05 UTC,2026-05-13 16:05:55 UTC,2026-05-13 16:05:07 UTC,2026-05-13 16:04:50 UTC,2026-05-13 16:04:27 UTC,2026-05-13 16:02:52 UTC,2026-05-13 16:02:12 UTC,2026-05-13 16:02:05 UTC,2026-05-13 16:10:21 UTC,2026-05-13 16:10:57 UTC,2026-05-13 16:10:02 UTC,2026-05-13 16:08:47 UTC,end_normal
666a5da325206728b2405aeb7441daa5,2026-05-18 07:18:55 UTC,2026-05-18 07:24:45 UTC,2026-05-18 07:19:11 UTC,NA,NA,NA,NA,NA,NA,NA,NA,NA,NA,NA,NA,NA,NA,option_1,option_1,option_2,7,liberal_alliance,NA,1,1,2,sjaelland,lang_videre,1974,Mand,1753,NA,2026-05-18 07:20:33 UTC,2026-05-18 07:19:58 UTC,2026-05-18 07:19:48 UTC,2026-05-18 07:19:33 UTC,2026-05-18 07:19:25 UTC,2026-05-18 07:19:17 UTC,NA,NA,NA,2026-05-18 07:23:51 UTC,2026-05-18 07:23:35 UTC,2026-05-18 07:21:45 UTC,2026-05-18 07:20:50 UTC,2026-05-18 07:20:42 UTC,NA,NA,NA,NA,NA,NA,NA,NA,NA,NA,NA,NA,2026-05-18 07:23:54 UTC,2026-05-18 07:23:35 UTC,2026-05-18 07:21:46 UTC,2026-05-18 07:20:57 UTC,2026-05-18 07:20:52 UTC,2026-05-18 07:20:34 UTC,2026-05-18 07:19:34 UTC,2026-05-18 07:19:06 UTC,2026-05-18 07:18:55 UTC,NA,NA,NA,NA,cbc_q4_page
6671003eafc2bf6d8fbda403d328578c,2026-05-13 19:50:00 UTC,2026-05-13 19:55:21 UTC,2026-05-13 19:50:13 UTC,NA,NA,NA,NA,NA,NA,NA,NA,NA,NA,NA,NA,option_1,option_2,option_1,option_1,option_1,6,venstre,1,2,NA,1,sjaelland,mellemlang_videre,1969,Kvinde,1839,2026-05-13 19:51:15 UTC,2026-05-13 19:50:59 UTC,NA,2026-05-13 19:50:43 UTC,2026-05-13 19:50:28 UTC,2026-05-13 19:50:25 UTC,2026-05-13 19:50:19 UTC,NA,2026-05-13 19:54:39 UTC,2026-05-13 19:54:06 UTC,2026-05-13 19:53:36 UTC,2026-05-13 19:53:15 UTC,2026-05-13 19:52:38 UTC,2026-05-13 19:51:34 UTC,2026-05-13 19:51:26 UTC,NA,NA,NA,NA,NA,NA,NA,NA,NA,NA,2026-05-13 19:54:41 UTC,2026-05-13 19:54:09 UTC,2026-05-13 19:53:39 UTC,2026-05-13 19:53:15 UTC,2026-05-13 19:52:39 UTC,2026-05-13 19:51:56 UTC,2026-05-13 19:51:36 UTC,2026-05-13 19:51:16 UTC,2026-05-13 19:50:29 UTC,2026-05-13 19:50:08 UTC,2026-05-13 19:50:00 UTC,NA,NA,NA,2026-05-13 19:54:53 UTC,single_profile_1
6674ad44d4b8a9615b61dfc66473d961,2026-05-24 10:05:50 UTC,2026-05-24 10:15:49 UTC,2026-05-24 10:06:40 UTC,NA,NA,NA,NA,NA,NA,NA,NA,NA,NA,NA,NA,option_2,option_2,option_1,option_1,option_2,7,sf,3,2,NA,1,sjaelland,anden,1953,Kvinde,836,2026-05-24 10:08:22 UTC,2026-05-24 10:07:58 UTC,NA,2026-05-24 10:07:44 UTC,2026-05-24 10:07:18 UTC,2026-05-24 10:07:13 UTC,2026-05-24 10:06:50 UTC,NA,2026-05-24 10:11:32 UTC,2026-05-24 10:11:06 UTC,2026-05-24 10:10:35 UTC,2026-05-24 10:10:15 UTC,2026-05-24 10:09:37 UTC,2026-05-24 10:08:39 UTC,2026-05-24 10:08:30 UTC,NA,NA,NA,NA,NA,NA,NA,NA,NA,NA,2026-05-24 10:11:33 UTC,2026-05-24 10:11:07 UTC,2026-05-24 10:10:36 UTC,2026-05-24 10:10:15 UTC,2026-05-24 10:09:38 UTC,2026-05-24 10:08:57 UTC,2026-05-24 10:08:40 UTC,2026-05-24 10:08:23 UTC,2026-05-24 10:07:20 UTC,2026-05-24 10:06:33 UTC,2026-05-24 10:05:50 UTC,NA,NA,NA,2026-05-24 10:11:48 UTC,single_profile_1
667ae0775844468a01acf33f3080b891,2026-05-13 09:02:38 UTC,2026-05-13 09:08:22 UTC,2026-05-13 09:02:50 UTC,2,4,3,2,2,NA,2,3,3,4,4,NA,option_1,option_2,option_2,option_1,option_2,7,venstre,NA,1,NA,1,hovedstaden,kort_videre,1978,Kvinde,540,NA,2026-05-13 09:03:29 UTC,NA,2026-05-13 09:03:16 UTC,2026-05-13 09:03:05 UTC,2026-05-13 09:03:01 UTC,2026-05-13 09:02:55 UTC,NA,2026-05-13 09:06:24 UTC,2026-05-13 09:06:08 UTC,2026-05-13 09:05:51 UTC,2026-05-13 09:05:23 UTC,2026-05-13 09:04:22 UTC,2026-05-13 09:03:45 UTC,2026-05-13 09:03:38 UTC,2026-05-13 09:07:33 UTC,2026-05-13 09:07:29 UTC,2026-05-13 09:07:27 UTC,2026-05-13 09:07:26 UTC,NA,2026-05-13 09:07:08 UTC,2026-05-13 09:07:02 UTC,2026-05-13 09:06:57 UTC,2026-05-13 09:06:53 UTC,2026-05-13 09:06:51 UTC,2026-05-13 09:06:25 UTC,2026-05-13 09:06:08 UTC,2026-05-13 09:05:51 UTC,2026-05-13 09:05:24 UTC,2026-05-13 09:04:25 UTC,2026-05-13 09:03:53 UTC,2026-05-13 09:03:46 UTC,2026-05-13 09:03:29 UTC,2026-05-13 09:03:07 UTC,2026-05-13 09:02:48 UTC,2026-05-13 09:02:38 UTC,2026-05-13 09:07:35 UTC,2026-05-13 09:07:36 UTC,2026-05-13 09:07:08 UTC,2026-05-13 09:06:29 UTC,end_normal
66ad0d5644a3b669a516ca84e53ca014,2026-05-12 18:33:37 UTC,2026-05-12 18:38:35 UTC,2026-05-12 18:33:51 UTC,NA,NA,NA,NA,NA,NA,NA,NA,NA,NA,NA,NA,NA,NA,NA,NA,NA,6,socialdemokratiet,1,2,NA,1,syddanmark,erhvervsuddannelse,1958,Kvinde,1618,2026-05-12 18:35:10 UTC,2026-05-12 18:34:54 UTC,NA,2026-05-12 18:34:39 UTC,2026-05-12 18:34:25 UTC,2026-05-12 18:34:20 UTC,2026-05-12 18:34:02 UTC,NA,NA,NA,NA,NA,NA,2026-05-12 18:35:19 UTC,2026-05-12 18:35:32 UTC,NA,NA,NA,NA,NA,NA,NA,NA,NA,NA,NA,NA,NA,NA,NA,2026-05-12 18:35:54 UTC,2026-05-12 18:35:34 UTC,2026-05-12 18:35:11 UTC,2026-05-12 18:34:26 UTC,2026-05-12 18:33:46 UTC,2026-05-12 18:33:37 UTC,NA,NA,NA,NA,cbc_q1_page
66ecd79d790dd9b106a29a062b1ec230,2026-06-20 05:57:58 UTC,2026-06-20 06:06:33 UTC,2026-06-20 05:58:21 UTC,NA,NA,NA,NA,NA,NA,NA,NA,NA,NA,NA,NA,NA,NA,NA,NA,NA,6,konservative,1,2,NA,1,sjaelland,lang_videre,1962,Mand,1012,2026-06-20 05:59:06 UTC,2026-06-20 05:58:55 UTC,NA,2026-06-20 05:58:44 UTC,2026-06-20 05:58:35 UTC,2026-06-20 05:58:32 UTC,2026-06-20 05:58:27 UTC,NA,NA,NA,NA,NA,NA,2026-06-20 05:59:19 UTC,2026-06-20 05:59:13 UTC,NA,NA,NA,NA,NA,NA,NA,NA,NA,NA,NA,NA,NA,NA,NA,2026-06-20 05:59:34 UTC,2026-06-20 05:59:21 UTC,2026-06-20 05:59:09 UTC,2026-06-20 05:58:36 UTC,2026-06-20 05:58:17 UTC,2026-06-20 05:57:58 UTC,NA,NA,NA,NA,cbc_q1_page
670aa8949edb7532aded78b06b2a01cc,2026-06-19 21:17:52 UTC,2026-06-19 21:19:12 UTC,NA,NA,NA,NA,NA,NA,NA,NA,NA,NA,NA,NA,NA,NA,NA,NA,NA,NA,NA,NA,NA,NA,NA,NA,NA,NA,NA,NA,902,NA,NA,NA,NA,NA,NA,NA,NA,NA,NA,NA,NA,NA,NA,NA,NA,NA,NA,NA,NA,NA,NA,NA,NA,NA,NA,NA,NA,NA,NA,NA,NA,NA,NA,2026-06-19 21:18:27 UTC,2026-06-19 21:17:52 UTC,NA,NA,NA,NA,Background
671ab08c4f9f810299d0c4a0b003532f,2026-06-19 18:33:07 UTC,2026-06-19 18:38:51 UTC,2026-06-19 18:33:23 UTC,1,3,3,4,2,NA,1,3,3,4,2,NA,option_1,option_2,NA,option_2,option_2,10,sf,NA,3,NA,3,midtjylland,lang_videre,1985,Mand,20,NA,2026-06-19 18:34:03 UTC,NA,2026-06-19 18:33:53 UTC,2026-06-19 18:33:41 UTC,2026-06-19 18:33:37 UTC,2026-06-19 18:33:30 UTC,NA,2026-06-19 18:36:46 UTC,2026-06-19 18:36:25 UTC,NA,2026-06-19 18:35:30 UTC,2026-06-19 18:35:04 UTC,2026-06-19 18:34:16 UTC,2026-06-19 18:34:12 UTC,2026-06-19 18:38:17 UTC,2026-06-19 18:38:15 UTC,2026-06-19 18:38:12 UTC,2026-06-19 18:38:10 UTC,NA,2026-06-19 18:37:49 UTC,2026-06-19 18:37:43 UTC,2026-06-19 18:37:32 UTC,2026-06-19 18:37:25 UTC,2026-06-19 18:37:20 UTC,2026-06-19 18:36:48 UTC,NA,2026-06-19 18:35:56 UTC,2026-06-19 18:35:33 UTC,2026-06-19 18:35:05 UTC,2026-06-19 18:34:24 UTC,2026-06-19 18:34:18 UTC,2026-06-19 18:34:04 UTC,2026-06-19 18:33:42 UTC,2026-06-19 18:33:19 UTC,2026-06-19 18:33:07 UTC,2026-06-19 18:38:22 UTC,2026-06-19 18:38:24 UTC,2026-06-19 18:37:52 UTC,2026-06-19 18:36:58 UTC,end_normal
67215de72248b5fa0b63537841a6e754,2026-06-19 19:31:10 UTC,2026-06-19 19:37:58 UTC,2026-06-19 19:31:44 UTC,1,3,3,3,3,NA,1,2,3,2,2,NA,option_1,option_2,option_1,option_2,option_1,5,enhedslisten,NA,3,NA,3,syddanmark,lang_videre,1988,Kvinde,1655,NA,2026-06-19 19:32:16 UTC,NA,2026-06-19 19:32:09 UTC,2026-06-19 19:32:01 UTC,2026-06-19 19:31:55 UTC,2026-06-19 19:31:50 UTC,NA,2026-06-19 19:35:55 UTC,2026-06-19 19:35:31 UTC,2026-06-19 19:35:04 UTC,2026-06-19 19:34:33 UTC,2026-06-19 19:33:27 UTC,2026-06-19 19:32:29 UTC,2026-06-19 19:32:23 UTC,2026-06-19 19:37:14 UTC,2026-06-19 19:37:11 UTC,2026-06-19 19:37:08 UTC,2026-06-19 19:37:00 UTC,NA,2026-06-19 19:36:33 UTC,2026-06-19 19:36:30 UTC,2026-06-19 19:36:29 UTC,2026-06-19 19:36:26 UTC,2026-06-19 19:36:23 UTC,2026-06-19 19:35:57 UTC,2026-06-19 19:35:32 UTC,2026-06-19 19:35:12 UTC,2026-06-19 19:34:34 UTC,2026-06-19 19:33:28 UTC,2026-06-19 19:32:45 UTC,2026-06-19 19:32:34 UTC,2026-06-19 19:32:17 UTC,2026-06-19 19:32:01 UTC,2026-06-19 19:31:39 UTC,2026-06-19 19:31:10 UTC,2026-06-19 19:37:25 UTC,2026-06-19 19:37:27 UTC,2026-06-19 19:36:42 UTC,2026-06-19 19:36:06 UTC,end_normal
67221bf7c4f4438d836a84d0849d210e,2026-05-13 19:02:06 UTC,2026-05-13 19:08:44 UTC,2026-05-13 19:02:30 UTC,1,3,3,3,3,NA,2,3,3,3,3,NA,option_1,option_1,option_2,option_1,option_2,1,dansk_folkeparti,NA,1,NA,1,midtjylland,mellemlang_videre,1978,Kvinde,1855,NA,2026-05-13 19:03:47 UTC,NA,2026-05-13 19:03:27 UTC,2026-05-13 19:03:12 UTC,2026-05-13 19:03:07 UTC,2026-05-13 19:02:39 UTC,NA,2026-05-13 19:06:57 UTC,2026-05-13 19:06:33 UTC,2026-05-13 19:06:02 UTC,2026-05-13 19:05:23 UTC,2026-05-13 19:04:47 UTC,2026-05-13 19:04:07 UTC,2026-05-13 19:03:59 UTC,2026-05-13 19:08:10 UTC,2026-05-13 19:08:06 UTC,2026-05-13 19:08:05 UTC,2026-05-13 19:08:04 UTC,NA,2026-05-13 19:07:43 UTC,2026-05-13 19:07:36 UTC,2026-05-13 19:07:33 UTC,2026-05-13 19:07:31 UTC,2026-05-13 19:07:30 UTC,2026-05-13 19:07:00 UTC,2026-05-13 19:06:36 UTC,2026-05-13 19:06:04 UTC,2026-05-13 19:05:29 UTC,2026-05-13 19:04:50 UTC,2026-05-13 19:04:15 UTC,2026-05-13 19:04:08 UTC,2026-05-13 19:03:48 UTC,2026-05-13 19:03:13 UTC,2026-05-13 19:02:25 UTC,2026-05-13 19:02:06 UTC,2026-05-13 19:08:13 UTC,2026-05-13 19:08:16 UTC,2026-05-13 19:07:44 UTC,2026-05-13 19:07:04 UTC,end_normal
6735b39cd85884d0a2fb401b6c4884ef,2026-06-20 08:43:48 UTC,2026-06-20 08:53:04 UTC,2026-06-20 08:44:11 UTC,2,4,3,3,3,NA,4,3,3,3,3,NA,option_1,option_1,option_2,option_1,option_1,6,socialdemokratiet,3,2,NA,1,midtjylland,mellemlang_videre,1990,Kvinde,1793,2026-06-20 08:46:42 UTC,2026-06-20 08:45:00 UTC,NA,2026-06-20 08:44:50 UTC,2026-06-20 08:44:29 UTC,2026-06-20 08:44:26 UTC,2026-06-20 08:44:16 UTC,NA,2026-06-20 08:50:51 UTC,2026-06-20 08:50:37 UTC,2026-06-20 08:50:03 UTC,2026-06-20 08:49:39 UTC,2026-06-20 08:49:17 UTC,2026-06-20 08:47:36 UTC,2026-06-20 08:47:12 UTC,2026-06-20 08:52:32 UTC,2026-06-20 08:52:25 UTC,2026-06-20 08:52:24 UTC,2026-06-20 08:52:23 UTC,NA,2026-06-20 08:51:32 UTC,2026-06-20 08:51:27 UTC,2026-06-20 08:51:24 UTC,2026-06-20 08:51:22 UTC,2026-06-20 08:51:19 UTC,2026-06-20 08:50:53 UTC,2026-06-20 08:50:38 UTC,2026-06-20 08:50:15 UTC,2026-06-20 08:49:42 UTC,2026-06-20 08:49:18 UTC,2026-06-20 08:48:17 UTC,2026-06-20 08:47:38 UTC,2026-06-20 08:46:50 UTC,2026-06-20 08:44:29 UTC,2026-06-20 08:44:06 UTC,2026-06-20 08:43:48 UTC,2026-06-20 08:52:40 UTC,2026-06-20 08:52:41 UTC,2026-06-20 08:51:33 UTC,2026-06-20 08:51:03 UTC,end_normal
67b3d32022277ae7926d673aafe4cc7b,2026-05-13 20:14:47 UTC,2026-05-13 20:25:18 UTC,2026-05-13 20:15:02 UTC,NA,NA,NA,NA,NA,NA,NA,NA,NA,NA,NA,NA,option_2,option_1,option_2,option_2,option_2,4,danmarksdemokraterne,1,2,NA,1,hovedstaden,mellemlang_videre,1976,Kvinde,1636,2026-05-13 20:17:54 UTC,2026-05-13 20:16:25 UTC,NA,2026-05-13 20:15:50 UTC,2026-05-13 20:15:30 UTC,2026-05-13 20:15:23 UTC,2026-05-13 20:15:12 UTC,NA,2026-05-13 20:24:32 UTC,2026-05-13 20:23:19 UTC,2026-05-13 20:22:09 UTC,2026-05-13 20:21:06 UTC,2026-05-13 20:19:38 UTC,2026-05-13 20:19:00 UTC,2026-05-13 20:18:47 UTC,NA,NA,NA,NA,NA,NA,NA,NA,NA,NA,2026-05-13 20:24:33 UTC,2026-05-13 20:23:21 UTC,2026-05-13 20:22:10 UTC,2026-05-13 20:21:08 UTC,2026-05-13 20:20:08 UTC,2026-05-13 20:19:18 UTC,2026-05-13 20:19:03 UTC,2026-05-13 20:17:55 UTC,2026-05-13 20:15:33 UTC,2026-05-13 20:14:57 UTC,2026-05-13 20:14:47 UTC,NA,NA,NA,2026-05-13 20:24:42 UTC,single_profile_1
67eb1ffaa7b2183a911f1b58f5f15fcb,2026-05-28 21:33:30 UTC,2026-05-28 21:39:42 UTC,2026-05-28 21:33:44 UTC,1,2,1,1,1,NA,2,4,5,2,3,NA,option_2,option_1,option_2,option_1,option_2,6,liberal_alliance,1,2,NA,1,midtjylland,kort_videre,2000,Mand,1090,2026-05-28 21:34:42 UTC,2026-05-28 21:34:23 UTC,NA,2026-05-28 21:34:11 UTC,2026-05-28 21:34:01 UTC,2026-05-28 21:33:59 UTC,2026-05-28 21:33:50 UTC,NA,2026-05-28 21:37:29 UTC,2026-05-28 21:36:54 UTC,2026-05-28 21:36:41 UTC,2026-05-28 21:36:22 UTC,2026-05-28 21:35:55 UTC,2026-05-28 21:34:57 UTC,2026-05-28 21:34:50 UTC,2026-05-28 21:39:01 UTC,2026-05-28 21:38:57 UTC,2026-05-28 21:38:56 UTC,2026-05-28 21:38:54 UTC,NA,2026-05-28 21:38:37 UTC,2026-05-28 21:38:23 UTC,2026-05-28 21:38:19 UTC,2026-05-28 21:38:14 UTC,2026-05-28 21:38:10 UTC,2026-05-28 21:37:29 UTC,2026-05-28 21:36:55 UTC,2026-05-28 21:36:42 UTC,2026-05-28 21:36:25 UTC,2026-05-28 21:35:56 UTC,2026-05-28 21:35:09 UTC,2026-05-28 21:34:59 UTC,2026-05-28 21:34:43 UTC,2026-05-28 21:34:02 UTC,2026-05-28 21:33:39 UTC,2026-05-28 21:33:30 UTC,2026-05-28 21:39:02 UTC,2026-05-28 21:39:03 UTC,2026-05-28 21:38:37 UTC,2026-05-28 21:37:47 UTC,end_normal
67f4cc05ccdda5376590c6b1fe481406,2026-05-14 12:14:11 UTC,2026-05-14 12:17:26 UTC,2026-05-14 12:14:40 UTC,NA,NA,NA,NA,NA,NA,NA,NA,NA,NA,NA,NA,NA,NA,NA,NA,NA,NA,NA,NA,NA,NA,NA,sjaelland,erhvervsuddannelse,NA,Mand,1503,NA,NA,NA,NA,2026-05-14 12:14:53 UTC,2026-05-14 12:14:48 UTC,NA,NA,NA,NA,NA,NA,NA,NA,NA,NA,NA,NA,NA,NA,NA,NA,NA,NA,NA,NA,NA,NA,NA,NA,NA,NA,NA,NA,2026-05-14 12:14:22 UTC,2026-05-14 12:14:11 UTC,NA,NA,NA,NA,Background
68083516f37eda2d2c4c73427324d242,2026-06-20 06:33:41 UTC,2026-06-20 06:39:33 UTC,2026-06-20 06:33:52 UTC,2,2,2,2,2,NA,3,4,4,4,2,NA,option_2,option_2,option_1,option_2,option_2,7,sf,NA,3,3,2,syddanmark,lang_videre,1979,Kvinde,1205,NA,2026-06-20 06:34:39 UTC,2026-06-20 06:34:30 UTC,2026-06-20 06:34:18 UTC,2026-06-20 06:34:05 UTC,2026-06-20 06:34:02 UTC,2026-06-20 06:33:58 UTC,NA,2026-06-20 06:37:30 UTC,2026-06-20 06:37:07 UTC,2026-06-20 06:36:38 UTC,2026-06-20 06:35:44 UTC,2026-06-20 06:35:19 UTC,2026-06-20 06:34:54 UTC,2026-06-20 06:34:46 UTC,2026-06-20 06:39:06 UTC,2026-06-20 06:39:04 UTC,2026-06-20 06:39:09 UTC,2026-06-20 06:38:54 UTC,NA,2026-06-20 06:38:39 UTC,2026-06-20 06:38:38 UTC,2026-06-20 06:38:35 UTC,2026-06-20 06:38:35 UTC,2026-06-20 06:38:05 UTC,2026-06-20 06:37:31 UTC,NA,2026-06-20 06:36:44 UTC,2026-06-20 06:35:52 UTC,2026-06-20 06:35:19 UTC,2026-06-20 06:34:59 UTC,2026-06-20 06:34:56 UTC,2026-06-20 06:34:42 UTC,2026-06-20 06:34:08 UTC,2026-06-20 06:33:48 UTC,2026-06-20 06:33:41 UTC,2026-06-20 06:39:08 UTC,2026-06-20 06:39:10 UTC,NA,2026-06-20 06:37:38 UTC,end_normal
6821456db6bfdf389fe9a4bbd826e67b,2026-05-23 19:46:12 UTC,2026-05-23 19:54:40 UTC,2026-05-23 19:46:42 UTC,1,2,2,3,2,NA,4,4,3,3,3,NA,option_2,option_1,option_1,option_2,option_2,5,sf,3,2,1,2,midtjylland,mellemlang_videre,1970,Kvinde,1524,2026-05-23 19:48:14 UTC,2026-05-23 19:47:58 UTC,2026-05-23 19:47:44 UTC,2026-05-23 19:47:25 UTC,2026-05-23 19:47:10 UTC,2026-05-23 19:47:05 UTC,2026-05-23 19:46:49 UTC,NA,2026-05-23 19:51:28 UTC,2026-05-23 19:50:56 UTC,2026-05-23 19:50:28 UTC,2026-05-23 19:50:03 UTC,2026-05-23 19:49:34 UTC,2026-05-23 19:48:24 UTC,2026-05-23 19:48:36 UTC,2026-05-23 19:53:04 UTC,2026-05-23 19:52:56 UTC,2026-05-23 19:52:51 UTC,2026-05-23 19:52:48 UTC,NA,2026-05-23 19:52:20 UTC,2026-05-23 19:52:15 UTC,2026-05-23 19:52:08 UTC,2026-05-23 19:52:02 UTC,2026-05-23 19:51:54 UTC,2026-05-23 19:51:33 UTC,2026-05-23 19:50:59 UTC,2026-05-23 19:50:32 UTC,2026-05-23 19:50:08 UTC,2026-05-23 19:49:38 UTC,2026-05-23 19:48:56 UTC,2026-05-23 19:48:40 UTC,2026-05-23 19:48:15 UTC,2026-05-23 19:47:11 UTC,2026-05-23 19:46:38 UTC,2026-05-23 19:46:12 UTC,2026-05-23 19:53:11 UTC,2026-05-23 19:53:13 UTC,2026-05-23 19:52:21 UTC,2026-05-23 19:51:36 UTC,end_normal
6836b76b3bbe958c0790e4a668509198,2026-06-21 12:50:23 UTC,2026-06-21 12:51:05 UTC,NA,NA,NA,NA,NA,NA,NA,NA,NA,NA,NA,NA,NA,NA,NA,NA,NA,NA,NA,NA,NA,NA,NA,NA,NA,NA,NA,NA,705,NA,NA,NA,NA,NA,NA,NA,NA,NA,NA,NA,NA,NA,NA,NA,NA,NA,NA,NA,NA,NA,NA,NA,NA,NA,NA,NA,NA,NA,NA,NA,NA,NA,NA,2026-06-21 12:50:37 UTC,2026-06-21 12:50:23 UTC,NA,NA,NA,NA,Background
686bc0916e25fa2d189b567d24e0f259,2026-05-23 10:28:30 UTC,2026-05-23 10:41:37 UTC,2026-05-23 10:29:10 UTC,1,2,3,3,3,NA,2,2,4,3,3,NA,option_2,option_1,option_1,option_1,option_2,5,enhedslisten,NA,3,3,2,midtjylland,mellemlang_videre,1958,Kvinde,800,NA,2026-05-23 10:30:26 UTC,2026-05-23 10:30:14 UTC,2026-05-23 10:30:05 UTC,2026-05-23 10:29:43 UTC,2026-05-23 10:29:40 UTC,2026-05-23 10:29:19 UTC,NA,2026-05-23 10:34:32 UTC,2026-05-23 10:34:01 UTC,2026-05-23 10:33:14 UTC,2026-05-23 10:32:47 UTC,2026-05-23 10:32:20 UTC,2026-05-23 10:30:52 UTC,2026-05-23 10:30:39 UTC,2026-05-23 10:36:41 UTC,2026-05-23 10:36:38 UTC,2026-05-23 10:36:33 UTC,2026-05-23 10:36:26 UTC,NA,2026-05-23 10:36:09 UTC,2026-05-23 10:35:59 UTC,2026-05-23 10:35:38 UTC,2026-05-23 10:35:32 UTC,2026-05-23 10:35:20 UTC,2026-05-23 10:34:34 UTC,2026-05-23 10:34:07 UTC,2026-05-23 10:33:14 UTC,2026-05-23 10:32:49 UTC,2026-05-23 10:32:21 UTC,2026-05-23 10:31:09 UTC,2026-05-23 10:30:54 UTC,2026-05-23 10:30:27 UTC,2026-05-23 10:29:45 UTC,2026-05-23 10:29:04 UTC,2026-05-23 10:28:30 UTC,2026-05-23 10:36:51 UTC,2026-05-23 10:36:52 UTC,2026-05-23 10:36:09 UTC,2026-05-23 10:34:46 UTC,end_normal
68785b8350f7721a757af98298f82179,2026-05-18 14:42:00 UTC,2026-05-18 14:47:36 UTC,NA,NA,NA,NA,NA,NA,NA,NA,NA,NA,NA,NA,NA,NA,NA,NA,NA,NA,NA,NA,NA,NA,NA,NA,NA,NA,NA,NA,836,NA,NA,NA,NA,NA,NA,NA,NA,NA,NA,NA,NA,NA,NA,NA,NA,NA,NA,NA,NA,NA,NA,NA,NA,NA,NA,NA,NA,NA,NA,NA,NA,NA,NA,2026-05-18 14:42:08 UTC,2026-05-18 14:42:00 UTC,NA,NA,NA,NA,Background
68788b64338bc0aadb7566b399856956,2026-05-19 18:36:24 UTC,2026-05-19 18:44:42 UTC,2026-05-19 18:36:46 UTC,1,2,2,2,1,NA,2,3,3,4,3,NA,option_1,option_1,option_2,option_1,option_1,3,sf,3,2,NA,1,sjaelland,erhvervsuddannelse,1953,Mand,1635,2026-05-19 18:38:14 UTC,2026-05-19 18:38:05 UTC,NA,2026-05-19 18:37:48 UTC,2026-05-19 18:37:28 UTC,2026-05-19 18:37:22 UTC,2026-05-19 18:36:58 UTC,NA,2026-05-19 18:41:37 UTC,2026-05-19 18:41:15 UTC,2026-05-19 18:40:39 UTC,2026-05-19 18:40:08 UTC,2026-05-19 18:39:38 UTC,2026-05-19 18:38:43 UTC,2026-05-19 18:38:28 UTC,2026-05-19 18:44:01 UTC,2026-05-19 18:43:55 UTC,2026-05-19 18:44:09 UTC,2026-05-19 18:44:13 UTC,NA,2026-05-19 18:43:29 UTC,2026-05-19 18:43:18 UTC,2026-05-19 18:43:15 UTC,2026-05-19 18:43:05 UTC,2026-05-19 18:43:10 UTC,2026-05-19 18:41:40 UTC,2026-05-19 18:41:17 UTC,2026-05-19 18:40:42 UTC,2026-05-19 18:40:09 UTC,2026-05-19 18:39:41 UTC,2026-05-19 18:38:56 UTC,2026-05-19 18:38:45 UTC,2026-05-19 18:38:18 UTC,2026-05-19 18:37:36 UTC,2026-05-19 18:36:41 UTC,2026-05-19 18:36:24 UTC,2026-05-19 18:44:05 UTC,2026-05-19 18:44:19 UTC,2026-05-19 18:43:30 UTC,2026-05-19 18:41:54 UTC,end_normal
68812399285808d141991ce3e91637f3,2026-05-23 10:20:23 UTC,2026-05-23 10:30:23 UTC,2026-05-23 10:20:33 UTC,2,3,2,3,2,NA,2,4,3,3,2,NA,option_1,option_1,option_2,option_1,option_1,8,moderaterne,NA,3,1,2,hovedstaden,mellemlang_videre,1958,Kvinde,214,NA,2026-05-23 10:21:33 UTC,2026-05-23 10:21:21 UTC,2026-05-23 10:20:59 UTC,2026-05-23 10:20:48 UTC,2026-05-23 10:20:44 UTC,2026-05-23 10:20:41 UTC,NA,2026-05-23 10:24:23 UTC,2026-05-23 10:23:50 UTC,2026-05-23 10:23:28 UTC,2026-05-23 10:23:03 UTC,2026-05-23 10:22:44 UTC,2026-05-23 10:22:02 UTC,2026-05-23 10:21:46 UTC,2026-05-23 10:26:54 UTC,2026-05-23 10:26:51 UTC,2026-05-23 10:26:48 UTC,2026-05-23 10:26:38 UTC,NA,2026-05-23 10:26:06 UTC,2026-05-23 10:26:02 UTC,2026-05-23 10:25:12 UTC,2026-05-23 10:25:44 UTC,2026-05-23 10:25:02 UTC,2026-05-23 10:24:24 UTC,2026-05-23 10:23:50 UTC,2026-05-23 10:23:29 UTC,2026-05-23 10:23:05 UTC,NA,2026-05-23 10:22:24 UTC,2026-05-23 10:22:07 UTC,2026-05-23 10:21:38 UTC,2026-05-23 10:20:49 UTC,2026-05-23 10:20:29 UTC,2026-05-23 10:20:23 UTC,2026-05-23 10:26:56 UTC,2026-05-23 10:26:59 UTC,2026-05-23 10:26:07 UTC,2026-05-23 10:24:32 UTC,end_normal
689cad719099cc7b6b3eb1780a5d00b2,2026-05-13 18:50:16 UTC,2026-05-13 18:57:11 UTC,2026-05-13 18:50:31 UTC,1,2,2,2,2,NA,4,4,4,4,4,NA,option_1,option_1,option_2,option_2,option_2,8,konservative,3,2,1,2,syddanmark,erhvervsuddannelse,1947,Mand,1448,2026-05-13 18:51:49 UTC,2026-05-13 18:51:45 UTC,2026-05-13 18:51:24 UTC,2026-05-13 18:51:05 UTC,2026-05-13 18:50:53 UTC,2026-05-13 18:50:45 UTC,2026-05-13 18:50:41 UTC,NA,2026-05-13 18:54:18 UTC,2026-05-13 18:54:01 UTC,2026-05-13 18:53:44 UTC,2026-05-13 18:53:20 UTC,2026-05-13 18:52:52 UTC,2026-05-13 18:52:08 UTC,2026-05-13 18:52:00 UTC,2026-05-13 18:56:34 UTC,2026-05-13 18:56:28 UTC,2026-05-13 18:56:22 UTC,2026-05-13 18:56:21 UTC,NA,2026-05-13 18:55:48 UTC,2026-05-13 18:55:46 UTC,2026-05-13 18:55:16 UTC,2026-05-13 18:55:12 UTC,2026-05-13 18:55:17 UTC,2026-05-13 18:54:21 UTC,2026-05-13 18:54:03 UTC,2026-05-13 18:53:45 UTC,2026-05-13 18:53:22 UTC,2026-05-13 18:52:53 UTC,2026-05-13 18:52:16 UTC,2026-05-13 18:52:10 UTC,2026-05-13 18:51:50 UTC,2026-05-13 18:50:55 UTC,NA,2026-05-13 18:50:16 UTC,2026-05-13 18:56:35 UTC,2026-05-13 18:56:46 UTC,2026-05-13 18:55:50 UTC,2026-05-13 18:54:32 UTC,end_normal
68e9c47bc3e1fe19fb1e9c3b254cd417,2026-06-19 19:27:14 UTC,2026-06-19 19:29:20 UTC,2026-06-19 19:27:30 UTC,NA,NA,NA,NA,NA,NA,NA,NA,NA,NA,NA,NA,NA,NA,NA,NA,NA,6,enhedslisten,NA,3,NA,3,midtjylland,mellemlang_videre,2000,Mand,1141,NA,2026-06-19 19:28:04 UTC,NA,2026-06-19 19:27:44 UTC,2026-06-19 19:27:37 UTC,2026-06-19 19:27:35 UTC,2026-06-19 19:27:32 UTC,NA,NA,NA,NA,NA,NA,2026-06-19 19:28:15 UTC,2026-06-19 19:28:12 UTC,NA,NA,NA,NA,NA,NA,NA,NA,NA,NA,NA,NA,NA,NA,NA,NA,2026-06-19 19:28:16 UTC,2026-06-19 19:28:04 UTC,2026-06-19 19:27:39 UTC,2026-06-19 19:27:26 UTC,2026-06-19 19:27:14 UTC,NA,NA,NA,NA,cbc_intro
690744420a7ebd2d661cd8ff43b5c941,2026-06-20 07:00:02 UTC,2026-06-20 07:24:59 UTC,2026-06-20 07:00:14 UTC,3,4,3,3,4,NA,1,1,2,3,1,NA,option_2,option_2,option_1,option_1,option_1,7,socialdemokratiet,NA,3,1,2,hovedstaden,mellemlang_videre,1961,Kvinde,464,NA,2026-06-20 07:01:12 UTC,2026-06-20 07:01:02 UTC,2026-06-20 07:00:41 UTC,2026-06-20 07:00:32 UTC,2026-06-20 07:00:27 UTC,2026-06-20 07:00:20 UTC,NA,2026-06-20 07:03:02 UTC,2026-06-20 07:02:48 UTC,2026-06-20 07:02:35 UTC,2026-06-20 07:02:14 UTC,2026-06-20 07:01:58 UTC,2026-06-20 07:01:24 UTC,2026-06-20 07:01:18 UTC,2026-06-20 07:04:18 UTC,2026-06-20 07:04:14 UTC,2026-06-20 07:04:12 UTC,2026-06-20 07:04:09 UTC,NA,2026-06-20 07:03:47 UTC,2026-06-20 07:03:44 UTC,2026-06-20 07:03:41 UTC,2026-06-20 07:03:36 UTC,2026-06-20 07:03:33 UTC,2026-06-20 07:03:07 UTC,2026-06-20 07:02:48 UTC,2026-06-20 07:02:37 UTC,2026-06-20 07:02:17 UTC,2026-06-20 07:01:59 UTC,2026-06-20 07:01:37 UTC,2026-06-20 07:01:26 UTC,2026-06-20 07:01:14 UTC,2026-06-20 07:00:32 UTC,2026-06-20 07:00:10 UTC,2026-06-20 07:00:02 UTC,2026-06-20 07:04:24 UTC,2026-06-20 07:04:24 UTC,2026-06-20 07:03:48 UTC,2026-06-20 07:03:16 UTC,end_normal
691dd55d7da0889988394b3eaf52969b,2026-06-20 06:34:57 UTC,2026-06-20 06:45:01 UTC,2026-06-20 06:35:09 UTC,5,5,4,4,4,NA,1,3,4,4,4,NA,option_1,option_1,option_1,option_2,option_1,7,enhedslisten,NA,3,1,2,midtjylland,lang_videre,1959,Kvinde,6,NA,2026-06-20 06:35:56 UTC,2026-06-20 06:35:50 UTC,2026-06-20 06:35:32 UTC,2026-06-20 06:35:23 UTC,2026-06-20 06:35:20 UTC,2026-06-20 06:35:16 UTC,NA,2026-06-20 06:37:53 UTC,2026-06-20 06:37:39 UTC,2026-06-20 06:37:21 UTC,2026-06-20 06:37:05 UTC,2026-06-20 06:36:44 UTC,2026-06-20 06:36:12 UTC,2026-06-20 06:36:05 UTC,2026-06-20 06:38:48 UTC,2026-06-20 06:38:44 UTC,2026-06-20 06:38:42 UTC,2026-06-20 06:38:41 UTC,NA,2026-06-20 06:38:32 UTC,2026-06-20 06:38:26 UTC,2026-06-20 06:38:23 UTC,2026-06-20 06:38:20 UTC,2026-06-20 06:38:18 UTC,2026-06-20 06:37:56 UTC,2026-06-20 06:37:40 UTC,2026-06-20 06:37:22 UTC,2026-06-20 06:37:06 UTC,2026-06-20 06:36:45 UTC,2026-06-20 06:36:20 UTC,2026-06-20 06:36:14 UTC,2026-06-20 06:35:59 UTC,2026-06-20 06:35:24 UTC,2026-06-20 06:35:04 UTC,2026-06-20 06:34:57 UTC,2026-06-20 06:38:50 UTC,2026-06-20 06:38:51 UTC,2026-06-20 06:38:33 UTC,2026-06-20 06:38:03 UTC,end_normal
6923c7bcd21e7c1464be8c0705aeec04,2026-05-17 18:37:14 UTC,2026-05-17 18:44:21 UTC,2026-05-17 18:37:33 UTC,2,3,3,4,4,NA,3,2,4,4,4,NA,option_2,option_1,option_2,option_1,option_1,8,socialdemokratiet,3,2,3,2,sjaelland,erhvervsuddannelse,1959,Kvinde,712,2026-05-17 18:38:46 UTC,2026-05-17 18:38:32 UTC,2026-05-17 18:38:24 UTC,2026-05-17 18:38:09 UTC,2026-05-17 18:37:56 UTC,2026-05-17 18:37:50 UTC,2026-05-17 18:37:41 UTC,NA,2026-05-17 18:41:44 UTC,2026-05-17 18:41:18 UTC,2026-05-17 18:40:57 UTC,2026-05-17 18:40:14 UTC,2026-05-17 18:39:39 UTC,2026-05-17 18:39:00 UTC,2026-05-17 18:38:54 UTC,2026-05-17 18:43:46 UTC,2026-05-17 18:43:37 UTC,2026-05-17 18:43:29 UTC,2026-05-17 18:43:26 UTC,NA,2026-05-17 18:42:51 UTC,2026-05-17 18:42:48 UTC,2026-05-17 18:42:32 UTC,2026-05-17 18:42:27 UTC,2026-05-17 18:43:06 UTC,2026-05-17 18:41:45 UTC,2026-05-17 18:41:18 UTC,2026-05-17 18:40:59 UTC,2026-05-17 18:40:16 UTC,2026-05-17 18:39:39 UTC,2026-05-17 18:39:12 UTC,2026-05-17 18:39:01 UTC,NA,2026-05-17 18:37:58 UTC,2026-05-17 18:37:27 UTC,2026-05-17 18:37:14 UTC,2026-05-17 18:43:44 UTC,2026-05-17 18:43:48 UTC,2026-05-17 18:43:07 UTC,2026-05-17 18:41:56 UTC,end_normal
6929be62bc88916fbc310e290dc4df9b,2026-06-19 19:04:30 UTC,2026-06-19 19:08:33 UTC,2026-06-19 19:04:48 UTC,NA,NA,NA,NA,NA,NA,3,3,4,4,4,NA,option_2,option_2,option_1,option_2,option_1,4,liberal_alliance,1,2,NA,1,midtjylland,gymnasial,2000,Kvinde,337,2026-06-19 19:05:19 UTC,2026-06-19 19:05:16 UTC,NA,2026-06-19 19:05:04 UTC,2026-06-19 19:04:58 UTC,2026-06-19 19:04:58 UTC,2026-06-19 19:04:51 UTC,NA,2026-06-19 19:07:11 UTC,2026-06-19 19:06:50 UTC,2026-06-19 19:06:29 UTC,2026-06-19 19:06:17 UTC,2026-06-19 19:05:57 UTC,2026-06-19 19:05:27 UTC,2026-06-19 19:05:26 UTC,NA,NA,NA,NA,NA,2026-06-19 19:07:47 UTC,2026-06-19 19:07:41 UTC,2026-06-19 19:07:37 UTC,2026-06-19 19:07:32 UTC,2026-06-19 19:07:30 UTC,2026-06-19 19:07:11 UTC,2026-06-19 19:06:54 UTC,2026-06-19 19:06:30 UTC,2026-06-19 19:06:17 UTC,2026-06-19 19:05:58 UTC,2026-06-19 19:05:34 UTC,2026-06-19 19:05:28 UTC,2026-06-19 19:05:20 UTC,2026-06-19 19:05:00 UTC,2026-06-19 19:04:44 UTC,2026-06-19 19:04:30 UTC,NA,2026-06-19 19:08:12 UTC,2026-06-19 19:07:47 UTC,2026-06-19 19:07:18 UTC,end_normal
69461fc9e0fad2e030f6a600c4b14a33,2026-06-19 23:28:01 UTC,2026-06-19 23:35:36 UTC,2026-06-19 23:28:38 UTC,2,3,3,4,3,NA,1,2,2,2,2,NA,option_1,option_1,option_2,option_1,option_1,4,liberal_alliance,NA,1,NA,1,midtjylland,erhvervsuddannelse,1971,Kvinde,1703,NA,2026-06-19 23:29:53 UTC,NA,2026-06-19 23:29:26 UTC,2026-06-19 23:29:10 UTC,2026-06-19 23:28:56 UTC,2026-06-19 23:28:50 UTC,NA,2026-06-19 23:33:31 UTC,2026-06-19 23:33:08 UTC,2026-06-19 23:32:40 UTC,2026-06-19 23:31:55 UTC,2026-06-19 23:31:20 UTC,2026-06-19 23:30:08 UTC,2026-06-19 23:30:02 UTC,2026-06-19 23:35:08 UTC,2026-06-19 23:35:02 UTC,2026-06-19 23:34:58 UTC,2026-06-19 23:34:51 UTC,NA,2026-06-19 23:34:23 UTC,2026-06-19 23:34:21 UTC,2026-06-19 23:34:17 UTC,2026-06-19 23:34:12 UTC,2026-06-19 23:34:08 UTC,2026-06-19 23:33:32 UTC,2026-06-19 23:33:09 UTC,2026-06-19 23:32:42 UTC,2026-06-19 23:31:56 UTC,2026-06-19 23:31:21 UTC,2026-06-19 23:30:35 UTC,2026-06-19 23:30:11 UTC,2026-06-19 23:29:54 UTC,2026-06-19 23:29:12 UTC,2026-06-19 23:28:32 UTC,2026-06-19 23:28:01 UTC,2026-06-19 23:35:12 UTC,2026-06-19 23:35:13 UTC,2026-06-19 23:34:24 UTC,2026-06-19 23:33:46 UTC,end_normal
69bb95a8d277e596a0ab793d16895202,2026-05-13 21:34:02 UTC,2026-05-13 21:40:18 UTC,2026-05-13 21:34:59 UTC,3,5,5,4,4,NA,2,2,2,2,2,NA,NA,option_1,option_2,option_1,option_2,10,radikale,3,2,NA,3,hovedstaden,lang_videre,2000,Kvinde,786,2026-05-13 21:35:40 UTC,2026-05-13 21:35:25 UTC,NA,2026-05-13 21:35:17 UTC,2026-05-13 21:35:09 UTC,2026-05-13 21:35:07 UTC,2026-05-13 21:35:01 UTC,NA,NA,2026-05-13 21:37:22 UTC,2026-05-13 21:37:01 UTC,2026-05-13 21:36:47 UTC,2026-05-13 21:36:25 UTC,2026-05-13 21:35:55 UTC,2026-05-13 21:35:50 UTC,2026-05-13 21:38:52 UTC,2026-05-13 21:38:50 UTC,2026-05-13 21:38:47 UTC,2026-05-13 21:38:44 UTC,NA,2026-05-13 21:38:25 UTC,2026-05-13 21:38:18 UTC,2026-05-13 21:38:21 UTC,2026-05-13 21:38:26 UTC,2026-05-13 21:37:49 UTC,2026-05-13 21:37:35 UTC,2026-05-13 21:37:23 UTC,2026-05-13 21:37:03 UTC,2026-05-13 21:36:48 UTC,2026-05-13 21:36:28 UTC,2026-05-13 21:36:06 UTC,2026-05-13 21:35:55 UTC,2026-05-13 21:35:41 UTC,2026-05-13 21:35:10 UTC,2026-05-13 21:34:54 UTC,2026-05-13 21:34:02 UTC,2026-05-13 21:38:55 UTC,2026-05-13 21:38:58 UTC,2026-05-13 21:38:29 UTC,2026-05-13 21:37:37 UTC,end_normal
69ca021cb4af8e8e91ea857f8440c3a6,2026-06-20 16:00:14 UTC,2026-06-20 16:06:09 UTC,2026-06-20 16:00:33 UTC,2,3,3,3,3,NA,2,2,3,3,3,NA,option_2,option_1,option_2,option_2,option_1,6,sf,NA,3,3,2,sjaelland,mellemlang_videre,1972,Kvinde,1773,NA,2026-06-20 16:01:27 UTC,2026-06-20 16:01:18 UTC,2026-06-20 16:01:09 UTC,2026-06-20 16:00:58 UTC,2026-06-20 16:00:55 UTC,2026-06-20 16:00:38 UTC,NA,2026-06-20 16:03:55 UTC,2026-06-20 16:03:38 UTC,2026-06-20 16:03:17 UTC,2026-06-20 16:02:31 UTC,2026-06-20 16:02:09 UTC,2026-06-20 16:01:42 UTC,2026-06-20 16:01:36 UTC,2026-06-20 16:05:18 UTC,2026-06-20 16:05:13 UTC,2026-06-20 16:05:11 UTC,2026-06-20 16:04:53 UTC,NA,2026-06-20 16:04:33 UTC,2026-06-20 16:04:29 UTC,2026-06-20 16:04:24 UTC,2026-06-20 16:04:23 UTC,2026-06-20 16:04:22 UTC,2026-06-20 16:03:56 UTC,2026-06-20 16:03:39 UTC,2026-06-20 16:03:22 UTC,2026-06-20 16:02:35 UTC,2026-06-20 16:02:10 UTC,2026-06-20 16:01:47 UTC,2026-06-20 16:01:44 UTC,2026-06-20 16:01:27 UTC,2026-06-20 16:01:00 UTC,2026-06-20 16:00:29 UTC,2026-06-20 16:00:14 UTC,2026-06-20 16:05:20 UTC,2026-06-20 16:05:23 UTC,2026-06-20 16:04:33 UTC,2026-06-20 16:03:59 UTC,end_normal
6a2683335c98daa74c0803fd11f149fe,2026-06-02 15:43:55 UTC,2026-06-02 15:54:03 UTC,2026-06-02 15:44:10 UTC,4,3,4,3,4,NA,1,2,2,3,2,NA,option_2,option_2,option_1,option_1,option_2,7,socialdemokratiet,3,2,NA,1,nordjylland,erhvervsuddannelse,1971,Kvinde,894,2026-06-02 15:45:18 UTC,2026-06-02 15:44:48 UTC,NA,2026-06-02 15:44:38 UTC,2026-06-02 15:44:26 UTC,2026-06-02 15:44:22 UTC,2026-06-02 15:44:17 UTC,NA,2026-06-02 15:49:50 UTC,2026-06-02 15:49:04 UTC,2026-06-02 15:48:09 UTC,2026-06-02 15:47:31 UTC,2026-06-02 15:46:35 UTC,2026-06-02 15:45:34 UTC,2026-06-02 15:45:26 UTC,2026-06-02 15:53:16 UTC,2026-06-02 15:53:06 UTC,2026-06-02 15:53:00 UTC,2026-06-02 15:52:53 UTC,NA,2026-06-02 15:52:18 UTC,2026-06-02 15:52:09 UTC,2026-06-02 15:51:58 UTC,2026-06-02 15:51:55 UTC,2026-06-02 15:51:44 UTC,2026-06-02 15:49:51 UTC,2026-06-02 15:49:05 UTC,2026-06-02 15:48:09 UTC,2026-06-02 15:47:32 UTC,2026-06-02 15:46:46 UTC,2026-06-02 15:45:47 UTC,2026-06-02 15:45:36 UTC,2026-06-02 15:45:19 UTC,2026-06-02 15:44:26 UTC,2026-06-02 15:44:06 UTC,2026-06-02 15:43:55 UTC,2026-06-02 15:53:19 UTC,2026-06-02 15:53:19 UTC,2026-06-02 15:52:19 UTC,2026-06-02 15:50:03 UTC,end_normal
6a512283e98cca5fbd8a7b109965784b,2026-05-16 16:21:16 UTC,2026-05-16 16:24:50 UTC,2026-05-16 16:21:27 UTC,NA,NA,NA,NA,NA,NA,NA,NA,NA,NA,NA,NA,option_1,option_2,option_2,option_2,option_1,4,dansk_folkeparti,1,2,NA,1,sjaelland,lang_videre,1959,Kvinde,1644,2026-05-16 16:22:17 UTC,2026-05-16 16:22:04 UTC,NA,2026-05-16 16:21:51 UTC,2026-05-16 16:21:45 UTC,2026-05-16 16:21:42 UTC,2026-05-16 16:21:38 UTC,NA,2026-05-16 16:24:03 UTC,2026-05-16 16:23:48 UTC,2026-05-16 16:23:29 UTC,2026-05-16 16:23:10 UTC,2026-05-16 16:22:49 UTC,2026-05-16 16:22:30 UTC,2026-05-16 16:22:26 UTC,NA,NA,NA,NA,NA,NA,NA,NA,NA,NA,2026-05-16 16:24:07 UTC,2026-05-16 16:23:51 UTC,2026-05-16 16:23:33 UTC,2026-05-16 16:23:11 UTC,2026-05-16 16:22:51 UTC,2026-05-16 16:22:36 UTC,2026-05-16 16:22:33 UTC,2026-05-16 16:22:19 UTC,2026-05-16 16:21:48 UTC,2026-05-16 16:21:23 UTC,2026-05-16 16:21:16 UTC,NA,NA,NA,2026-05-16 16:24:09 UTC,single_profile_1
6a79b49469e716f6169339f264daf4dd,2026-05-13 12:22:12 UTC,2026-05-13 12:24:42 UTC,2026-05-13 12:22:20 UTC,3,3,3,2,3,NA,2,2,3,2,1,NA,option_1,option_1,option_1,option_1,option_1,5,liberal_alliance,NA,3,NA,1,nordjylland,kort_videre,2004,Mand,1976,NA,2026-05-13 12:22:31 UTC,NA,2026-05-13 12:22:29 UTC,2026-05-13 12:22:24 UTC,2026-05-13 12:22:23 UTC,2026-05-13 12:22:22 UTC,NA,2026-05-13 12:23:11 UTC,2026-05-13 12:23:04 UTC,2026-05-13 12:22:59 UTC,2026-05-13 12:22:54 UTC,2026-05-13 12:22:46 UTC,2026-05-13 12:22:37 UTC,2026-05-13 12:22:35 UTC,2026-05-13 12:23:41 UTC,2026-05-13 12:23:40 UTC,2026-05-13 12:23:34 UTC,2026-05-13 12:23:37 UTC,NA,2026-05-13 12:23:28 UTC,2026-05-13 12:23:25 UTC,2026-05-13 12:23:27 UTC,2026-05-13 12:23:23 UTC,2026-05-13 12:23:21 UTC,2026-05-13 12:23:11 UTC,2026-05-13 12:23:06 UTC,2026-05-13 12:23:00 UTC,2026-05-13 12:22:55 UTC,2026-05-13 12:22:48 UTC,2026-05-13 12:22:42 UTC,2026-05-13 12:22:37 UTC,2026-05-13 12:22:32 UTC,2026-05-13 12:22:25 UTC,2026-05-13 12:22:17 UTC,2026-05-13 12:22:12 UTC,2026-05-13 12:23:42 UTC,2026-05-13 12:23:44 UTC,2026-05-13 12:23:30 UTC,2026-05-13 12:23:14 UTC,end_normal
6ab5bbbbe78cfae031206e9a6f7f16f4,2026-05-13 14:50:07 UTC,2026-05-13 14:52:37 UTC,2026-05-13 14:50:38 UTC,NA,NA,NA,NA,NA,NA,NA,NA,NA,NA,NA,NA,NA,NA,NA,NA,NA,7,radikale,NA,3,NA,3,nordjylland,mellemlang_videre,1980,Kvinde,582,NA,2026-05-13 14:51:27 UTC,NA,2026-05-13 14:51:17 UTC,2026-05-13 14:51:01 UTC,2026-05-13 14:50:57 UTC,2026-05-13 14:50:49 UTC,NA,NA,NA,NA,NA,NA,2026-05-13 14:51:40 UTC,2026-05-13 14:52:07 UTC,NA,NA,NA,NA,NA,NA,NA,NA,NA,NA,NA,NA,NA,NA,NA,NA,2026-05-13 14:52:10 UTC,2026-05-13 14:51:28 UTC,2026-05-13 14:51:03 UTC,2026-05-13 14:50:32 UTC,2026-05-13 14:50:07 UTC,NA,NA,NA,NA,cbc_intro
6abed8bbf793831ef8b668296a9a8cc8,2026-06-20 18:06:50 UTC,2026-06-20 18:09:25 UTC,2026-06-20 18:07:04 UTC,NA,NA,NA,NA,NA,NA,NA,NA,NA,NA,NA,NA,NA,NA,NA,option_2,option_1,3,liberal_alliance,NA,1,NA,1,midtjylland,anden,2002,Kvinde,838,NA,2026-06-20 18:07:29 UTC,NA,2026-06-20 18:07:23 UTC,2026-06-20 18:07:15 UTC,2026-06-20 18:07:13 UTC,2026-06-20 18:07:06 UTC,NA,NA,NA,NA,2026-06-20 18:08:20 UTC,2026-06-20 18:08:05 UTC,2026-06-20 18:07:39 UTC,2026-06-20 18:07:36 UTC,NA,NA,NA,NA,NA,NA,NA,NA,NA,NA,NA,NA,NA,2026-06-20 18:08:22 UTC,2026-06-20 18:08:06 UTC,2026-06-20 18:07:46 UTC,2026-06-20 18:07:40 UTC,2026-06-20 18:07:30 UTC,2026-06-20 18:07:16 UTC,2026-06-20 18:07:00 UTC,2026-06-20 18:06:50 UTC,NA,NA,NA,NA,cbc_q3_page
6ac43f709c30003b6d454560ca5f6e70,2026-05-19 16:42:59 UTC,2026-05-19 16:49:08 UTC,2026-05-19 16:43:17 UTC,NA,NA,NA,NA,NA,NA,2,NA,NA,NA,NA,NA,option_1,option_2,option_1,option_1,option_2,2,sf,NA,1,NA,1,sjaelland,erhvervsuddannelse,1954,Mand,1301,NA,2026-05-19 16:44:18 UTC,NA,2026-05-19 16:44:08 UTC,2026-05-19 16:43:52 UTC,2026-05-19 16:43:40 UTC,2026-05-19 16:43:34 UTC,NA,2026-05-19 16:47:29 UTC,2026-05-19 16:47:08 UTC,2026-05-19 16:46:33 UTC,2026-05-19 16:46:12 UTC,2026-05-19 16:45:51 UTC,2026-05-19 16:44:44 UTC,2026-05-19 16:44:35 UTC,NA,NA,NA,NA,NA,2026-05-19 16:48:16 UTC,NA,NA,NA,NA,2026-05-19 16:47:31 UTC,2026-05-19 16:47:09 UTC,2026-05-19 16:46:34 UTC,2026-05-19 16:46:18 UTC,2026-05-19 16:45:56 UTC,2026-05-19 16:44:57 UTC,2026-05-19 16:44:49 UTC,2026-05-19 16:44:26 UTC,2026-05-19 16:43:55 UTC,2026-05-19 16:43:12 UTC,2026-05-19 16:42:59 UTC,NA,NA,NA,2026-05-19 16:47:47 UTC,single_profile_1
6b04e7c328046ca2c532ee15326c6750,2026-05-14 08:30:29 UTC,2026-05-14 08:37:34 UTC,2026-05-14 08:30:56 UTC,5,5,5,5,5,NA,1,2,3,3,2,NA,option_2,option_1,option_1,option_1,option_2,4,dansk_folkeparti,3,2,NA,1,hovedstaden,lang_videre,2001,Kvinde,618,2026-05-14 08:31:47 UTC,2026-05-14 08:31:34 UTC,NA,2026-05-14 08:31:29 UTC,2026-05-14 08:31:15 UTC,2026-05-14 08:31:09 UTC,2026-05-14 08:31:06 UTC,NA,2026-05-14 08:35:13 UTC,2026-05-14 08:34:15 UTC,2026-05-14 08:34:03 UTC,2026-05-14 08:33:35 UTC,2026-05-14 08:33:14 UTC,2026-05-14 08:32:01 UTC,2026-05-14 08:31:57 UTC,2026-05-14 08:36:34 UTC,2026-05-14 08:36:33 UTC,2026-05-14 08:36:31 UTC,2026-05-14 08:36:30 UTC,NA,2026-05-14 08:36:17 UTC,2026-05-14 08:36:13 UTC,2026-05-14 08:36:09 UTC,2026-05-14 08:36:07 UTC,2026-05-14 08:35:55 UTC,2026-05-14 08:35:16 UTC,2026-05-14 08:34:18 UTC,2026-05-14 08:34:08 UTC,2026-05-14 08:33:40 UTC,2026-05-14 08:33:14 UTC,2026-05-14 08:32:14 UTC,2026-05-14 08:32:02 UTC,2026-05-14 08:31:47 UTC,2026-05-14 08:31:17 UTC,2026-05-14 08:30:51 UTC,2026-05-14 08:30:29 UTC,2026-05-14 08:36:35 UTC,2026-05-14 08:36:36 UTC,2026-05-14 08:36:17 UTC,2026-05-14 08:35:24 UTC,end_normal
6b7c565016d957e0002b0b30eb6c4331,2026-05-16 15:47:43 UTC,2026-05-16 15:52:51 UTC,2026-05-16 15:47:53 UTC,2,3,3,3,3,NA,2,3,3,3,3,NA,option_1,option_1,option_2,option_2,option_1,7,enhedslisten,NA,3,NA,3,sjaelland,grundskole,1990,Mand,1875,NA,2026-05-16 15:48:28 UTC,NA,2026-05-16 15:48:19 UTC,2026-05-16 15:48:03 UTC,2026-05-16 15:48:00 UTC,2026-05-16 15:47:58 UTC,NA,2026-05-16 15:51:19 UTC,2026-05-16 15:50:41 UTC,2026-05-16 15:50:21 UTC,2026-05-16 15:49:49 UTC,2026-05-16 15:49:23 UTC,2026-05-16 15:48:42 UTC,2026-05-16 15:48:36 UTC,2026-05-16 15:52:28 UTC,2026-05-16 15:52:33 UTC,2026-05-16 15:52:27 UTC,2026-05-16 15:52:25 UTC,NA,2026-05-16 15:52:05 UTC,2026-05-16 15:51:57 UTC,2026-05-16 15:51:50 UTC,2026-05-16 15:51:47 UTC,2026-05-16 15:51:45 UTC,2026-05-16 15:51:19 UTC,2026-05-16 15:50:47 UTC,2026-05-16 15:50:22 UTC,2026-05-16 15:49:52 UTC,2026-05-16 15:49:27 UTC,2026-05-16 15:48:57 UTC,2026-05-16 15:48:42 UTC,2026-05-16 15:48:29 UTC,2026-05-16 15:48:04 UTC,2026-05-16 15:47:48 UTC,2026-05-16 15:47:43 UTC,2026-05-16 15:52:30 UTC,2026-05-16 15:52:31 UTC,2026-05-16 15:52:05 UTC,2026-05-16 15:51:29 UTC,end_normal
6b8826ad4b34ae0b382e4b22d42a86be,2026-05-13 11:51:22 UTC,2026-05-13 12:07:49 UTC,2026-05-13 11:51:48 UTC,2,5,5,5,5,NA,2,2,2,4,2,NA,option_2,option_1,option_2,option_2,option_2,7,sf,NA,3,NA,3,nordjylland,mellemlang_videre,1958,Kvinde,902,NA,2026-05-13 11:52:28 UTC,NA,2026-05-13 11:52:20 UTC,2026-05-13 11:52:07 UTC,2026-05-13 11:52:01 UTC,2026-05-13 11:51:57 UTC,NA,2026-05-13 11:54:55 UTC,2026-05-13 11:54:40 UTC,2026-05-13 11:54:01 UTC,2026-05-13 11:53:41 UTC,2026-05-13 11:53:25 UTC,2026-05-13 11:52:48 UTC,2026-05-13 11:52:36 UTC,2026-05-13 12:07:14 UTC,2026-05-13 12:07:12 UTC,2026-05-13 12:07:09 UTC,2026-05-13 12:07:07 UTC,NA,2026-05-13 12:06:42 UTC,2026-05-13 12:06:33 UTC,2026-05-13 12:06:32 UTC,2026-05-13 12:06:27 UTC,2026-05-13 12:06:19 UTC,2026-05-13 11:54:56 UTC,2026-05-13 11:54:42 UTC,2026-05-13 11:54:02 UTC,2026-05-13 11:53:45 UTC,2026-05-13 11:53:26 UTC,2026-05-13 11:53:07 UTC,2026-05-13 11:52:54 UTC,2026-05-13 11:52:31 UTC,2026-05-13 11:52:10 UTC,2026-05-13 11:51:43 UTC,2026-05-13 11:51:22 UTC,2026-05-13 12:07:17 UTC,2026-05-13 12:07:20 UTC,2026-05-13 12:06:43 UTC,2026-05-13 12:05:43 UTC,end_normal
6bab604f7923696c9475851fbd1e3d05,2026-06-15 22:15:29 UTC,2026-06-15 22:22:03 UTC,2026-06-15 22:15:44 UTC,NA,NA,NA,NA,NA,NA,NA,NA,NA,NA,NA,NA,option_1,option_2,option_1,option_2,option_1,4,sf,1,2,NA,1,syddanmark,erhvervsuddannelse,1962,Kvinde,651,2026-06-15 22:16:46 UTC,2026-06-15 22:16:30 UTC,NA,2026-06-15 22:16:15 UTC,2026-06-15 22:16:01 UTC,2026-06-15 22:15:56 UTC,2026-06-15 22:15:52 UTC,NA,2026-06-15 22:20:59 UTC,2026-06-15 22:20:27 UTC,2026-06-15 22:19:43 UTC,2026-06-15 22:19:01 UTC,2026-06-15 22:18:35 UTC,2026-06-15 22:17:28 UTC,2026-06-15 22:17:13 UTC,NA,NA,NA,NA,NA,NA,NA,NA,NA,NA,2026-06-15 22:21:01 UTC,2026-06-15 22:20:37 UTC,2026-06-15 22:20:05 UTC,2026-06-15 22:19:05 UTC,2026-06-15 22:18:38 UTC,2026-06-15 22:17:53 UTC,2026-06-15 22:17:29 UTC,2026-06-15 22:16:52 UTC,2026-06-15 22:16:01 UTC,2026-06-15 22:15:39 UTC,2026-06-15 22:15:29 UTC,NA,NA,NA,2026-06-15 22:21:09 UTC,single_profile_1
6be533b0bd6c4e3b2db256a76c26a790,2026-05-24 14:43:03 UTC,2026-05-24 14:53:05 UTC,2026-05-24 14:44:20 UTC,5,5,5,5,5,NA,1,2,5,5,2,NA,option_2,option_1,option_2,option_2,option_1,5,sf,3,2,NA,1,midtjylland,mellemlang_videre,1961,Kvinde,325,2026-05-24 14:45:37 UTC,2026-05-24 14:45:14 UTC,NA,2026-05-24 14:45:01 UTC,2026-05-24 14:44:47 UTC,2026-05-24 14:44:43 UTC,2026-05-24 14:44:31 UTC,NA,2026-05-24 14:49:53 UTC,2026-05-24 14:49:24 UTC,2026-05-24 14:48:27 UTC,2026-05-24 14:47:46 UTC,2026-05-24 14:47:21 UTC,2026-05-24 14:45:52 UTC,2026-05-24 14:45:45 UTC,2026-05-24 14:52:16 UTC,2026-05-24 14:52:14 UTC,2026-05-24 14:52:11 UTC,2026-05-24 14:52:09 UTC,NA,2026-05-24 14:51:39 UTC,2026-05-24 14:51:32 UTC,2026-05-24 14:51:28 UTC,2026-05-24 14:51:08 UTC,2026-05-24 14:50:52 UTC,2026-05-24 14:49:55 UTC,2026-05-24 14:49:25 UTC,2026-05-24 14:48:30 UTC,2026-05-24 14:47:47 UTC,2026-05-24 14:47:22 UTC,2026-05-24 14:46:13 UTC,2026-05-24 14:45:53 UTC,2026-05-24 14:45:38 UTC,2026-05-24 14:44:49 UTC,2026-05-24 14:43:44 UTC,2026-05-24 14:43:03 UTC,2026-05-24 14:52:19 UTC,2026-05-24 14:52:20 UTC,2026-05-24 14:51:43 UTC,2026-05-24 14:50:08 UTC,end_normal
6c33357a7a8278d0d7c6861816266a88,2026-06-20 03:59:15 UTC,2026-06-20 04:08:59 UTC,2026-06-20 03:59:42 UTC,1,2,1,2,2,NA,1,2,2,2,1,NA,option_2,option_1,option_1,option_1,option_2,0,moderaterne,NA,1,NA,1,midtjylland,erhvervsuddannelse,1961,Kvinde,1471,NA,2026-06-20 04:00:45 UTC,NA,2026-06-20 04:00:32 UTC,2026-06-20 04:00:19 UTC,2026-06-20 04:00:15 UTC,2026-06-20 03:59:53 UTC,NA,2026-06-20 04:04:22 UTC,2026-06-20 04:04:01 UTC,2026-06-20 04:03:19 UTC,2026-06-20 04:02:43 UTC,2026-06-20 04:02:02 UTC,2026-06-20 04:01:06 UTC,2026-06-20 04:01:03 UTC,2026-06-20 04:06:30 UTC,2026-06-20 04:06:25 UTC,2026-06-20 04:06:19 UTC,2026-06-20 04:06:17 UTC,NA,2026-06-20 04:05:37 UTC,2026-06-20 04:05:34 UTC,2026-06-20 04:05:29 UTC,2026-06-20 04:05:23 UTC,2026-06-20 04:05:17 UTC,2026-06-20 04:04:27 UTC,2026-06-20 04:04:01 UTC,2026-06-20 04:03:21 UTC,2026-06-20 04:02:47 UTC,2026-06-20 04:02:05 UTC,2026-06-20 04:01:15 UTC,2026-06-20 04:01:09 UTC,2026-06-20 04:00:46 UTC,2026-06-20 04:00:20 UTC,2026-06-20 03:59:36 UTC,2026-06-20 03:59:15 UTC,2026-06-20 04:06:33 UTC,2026-06-20 04:06:39 UTC,2026-06-20 04:05:47 UTC,2026-06-20 04:04:40 UTC,end_normal
6c5987fb4ea760e86d3275db1151170e,2026-05-19 13:56:40 UTC,2026-05-19 14:02:22 UTC,2026-05-19 13:56:50 UTC,1,4,4,4,2,NA,1,1,2,2,2,NA,option_2,option_1,option_1,option_1,option_2,10,sf,NA,3,3,2,sjaelland,mellemlang_videre,1977,Kvinde,37,NA,2026-05-19 13:57:55 UTC,2026-05-19 13:57:46 UTC,2026-05-19 13:57:19 UTC,2026-05-19 13:57:10 UTC,2026-05-19 13:57:07 UTC,2026-05-19 13:56:57 UTC,NA,2026-05-19 14:00:31 UTC,2026-05-19 14:00:00 UTC,2026-05-19 13:59:38 UTC,2026-05-19 13:59:13 UTC,2026-05-19 13:58:51 UTC,2026-05-19 13:58:07 UTC,2026-05-19 13:58:02 UTC,2026-05-19 14:01:53 UTC,2026-05-19 14:01:50 UTC,2026-05-19 14:01:48 UTC,2026-05-19 14:01:46 UTC,NA,2026-05-19 14:01:22 UTC,2026-05-19 14:01:20 UTC,2026-05-19 14:01:08 UTC,2026-05-19 14:01:04 UTC,2026-05-19 14:01:00 UTC,2026-05-19 14:00:32 UTC,2026-05-19 14:00:03 UTC,2026-05-19 13:59:38 UTC,2026-05-19 13:59:14 UTC,2026-05-19 13:58:53 UTC,2026-05-19 13:58:20 UTC,2026-05-19 13:58:08 UTC,2026-05-19 13:57:56 UTC,2026-05-19 13:57:11 UTC,2026-05-19 13:56:46 UTC,2026-05-19 13:56:40 UTC,2026-05-19 14:01:56 UTC,2026-05-19 14:01:58 UTC,2026-05-19 14:01:23 UTC,2026-05-19 14:00:41 UTC,end_normal
6c633b4405e5643a01324882d9e3889d,2026-05-25 07:00:20 UTC,2026-05-25 07:09:32 UTC,2026-05-25 07:00:48 UTC,3,3,3,3,3,NA,4,4,4,4,4,NA,option_2,option_2,option_2,option_2,option_1,5,konservative,1,2,NA,1,midtjylland,gymnasial,1968,Mand,517,2026-05-25 07:02:06 UTC,2026-05-25 07:01:48 UTC,NA,2026-05-25 07:01:32 UTC,2026-05-25 07:01:19 UTC,2026-05-25 07:01:13 UTC,2026-05-25 07:00:56 UTC,NA,2026-05-25 07:05:57 UTC,2026-05-25 07:05:24 UTC,2026-05-25 07:05:03 UTC,2026-05-25 07:04:31 UTC,2026-05-25 07:03:49 UTC,2026-05-25 07:02:28 UTC,2026-05-25 07:02:16 UTC,2026-05-25 07:07:48 UTC,2026-05-25 07:07:45 UTC,2026-05-25 07:07:45 UTC,2026-05-25 07:07:44 UTC,NA,2026-05-25 07:06:53 UTC,2026-05-25 07:06:51 UTC,2026-05-25 07:06:40 UTC,2026-05-25 07:06:36 UTC,2026-05-25 07:06:32 UTC,2026-05-25 07:05:59 UTC,2026-05-25 07:05:25 UTC,2026-05-25 07:05:04 UTC,2026-05-25 07:04:33 UTC,2026-05-25 07:03:53 UTC,2026-05-25 07:02:49 UTC,2026-05-25 07:02:32 UTC,2026-05-25 07:02:07 UTC,2026-05-25 07:01:23 UTC,2026-05-25 07:00:44 UTC,2026-05-25 07:00:20 UTC,2026-05-25 07:07:48 UTC,2026-05-25 07:07:49 UTC,2026-05-25 07:06:54 UTC,2026-05-25 07:06:11 UTC,end_normal
6ca311483ba3871a892932772f71dd56,2026-06-20 15:58:33 UTC,2026-06-20 16:00:02 UTC,NA,NA,NA,NA,NA,NA,NA,NA,NA,NA,NA,NA,NA,NA,NA,NA,NA,NA,NA,NA,NA,NA,NA,NA,NA,NA,NA,NA,1512,NA,NA,NA,NA,NA,NA,NA,NA,NA,NA,NA,NA,NA,NA,NA,NA,NA,NA,NA,NA,NA,NA,NA,NA,NA,NA,NA,NA,NA,NA,NA,NA,NA,NA,2026-06-20 15:58:44 UTC,2026-06-20 15:58:33 UTC,NA,NA,NA,NA,Background
6cc66cd0e99dd646a15e6fa5a6c44f07,2026-05-20 13:13:40 UTC,2026-05-20 13:20:05 UTC,2026-05-20 13:13:54 UTC,NA,NA,NA,NA,NA,NA,NA,NA,NA,NA,NA,NA,NA,NA,NA,NA,NA,7,konservative,1,2,NA,1,sjaelland,mellemlang_videre,1978,Mand,175,2026-05-20 13:15:23 UTC,2026-05-20 13:14:34 UTC,NA,2026-05-20 13:14:19 UTC,2026-05-20 13:14:11 UTC,2026-05-20 13:14:06 UTC,2026-05-20 13:13:59 UTC,NA,NA,NA,NA,NA,NA,2026-05-20 13:15:52 UTC,2026-05-20 13:15:41 UTC,NA,NA,NA,NA,NA,NA,NA,NA,NA,NA,NA,NA,NA,NA,NA,2026-05-20 13:15:58 UTC,2026-05-20 13:15:54 UTC,2026-05-20 13:15:23 UTC,2026-05-20 13:14:11 UTC,2026-05-20 13:13:48 UTC,2026-05-20 13:13:40 UTC,NA,NA,NA,NA,cbc_q1_page
6cd61742662f66999d7ce07aea520bd7,2026-05-18 16:12:27 UTC,2026-05-18 16:19:29 UTC,2026-05-18 16:12:46 UTC,5,5,5,5,5,NA,5,5,5,5,5,NA,option_2,option_1,option_2,option_1,option_2,2,sf,3,2,NA,1,sjaelland,mellemlang_videre,1985,Kvinde,55,2026-05-18 16:13:46 UTC,2026-05-18 16:13:36 UTC,NA,2026-05-18 16:13:17 UTC,2026-05-18 16:13:03 UTC,2026-05-18 16:12:57 UTC,2026-05-18 16:12:50 UTC,NA,2026-05-18 16:17:10 UTC,2026-05-18 16:16:47 UTC,2026-05-18 16:16:17 UTC,2026-05-18 16:15:47 UTC,2026-05-18 16:15:16 UTC,2026-05-18 16:14:04 UTC,2026-05-18 16:13:57 UTC,2026-05-18 16:18:47 UTC,2026-05-18 16:18:46 UTC,2026-05-18 16:18:38 UTC,2026-05-18 16:18:36 UTC,NA,2026-05-18 16:18:16 UTC,2026-05-18 16:18:14 UTC,2026-05-18 16:18:08 UTC,2026-05-18 16:18:09 UTC,2026-05-18 16:17:55 UTC,2026-05-18 16:17:10 UTC,2026-05-18 16:16:47 UTC,2026-05-18 16:16:17 UTC,2026-05-18 16:15:48 UTC,2026-05-18 16:15:16 UTC,2026-05-18 16:14:11 UTC,2026-05-18 16:14:06 UTC,2026-05-18 16:13:47 UTC,2026-05-18 16:13:04 UTC,2026-05-18 16:12:42 UTC,2026-05-18 16:12:27 UTC,2026-05-18 16:18:48 UTC,2026-05-18 16:18:51 UTC,2026-05-18 16:18:16 UTC,2026-05-18 16:17:14 UTC,end_normal
6cfb0f91816428e049f7845204c4f143,2026-06-19 19:46:43 UTC,2026-06-19 19:54:18 UTC,2026-06-19 19:46:57 UTC,5,5,5,5,5,NA,1,2,3,3,4,NA,option_2,option_1,option_2,option_2,option_2,8,sf,3,2,NA,3,sjaelland,mellemlang_videre,1967,Kvinde,811,2026-06-19 19:47:53 UTC,2026-06-19 19:47:41 UTC,NA,2026-06-19 19:47:28 UTC,2026-06-19 19:47:16 UTC,2026-06-19 19:47:15 UTC,2026-06-19 19:47:06 UTC,NA,2026-06-19 19:51:48 UTC,2026-06-19 19:51:01 UTC,2026-06-19 19:50:14 UTC,2026-06-19 19:49:47 UTC,2026-06-19 19:48:59 UTC,2026-06-19 19:48:06 UTC,2026-06-19 19:48:01 UTC,2026-06-19 19:53:48 UTC,2026-06-19 19:53:44 UTC,2026-06-19 19:53:42 UTC,2026-06-19 19:53:40 UTC,NA,2026-06-19 19:53:13 UTC,2026-06-19 19:53:09 UTC,2026-06-19 19:52:59 UTC,2026-06-19 19:52:49 UTC,2026-06-19 19:52:38 UTC,2026-06-19 19:51:51 UTC,2026-06-19 19:51:03 UTC,2026-06-19 19:50:16 UTC,2026-06-19 19:49:48 UTC,2026-06-19 19:49:01 UTC,2026-06-19 19:48:32 UTC,2026-06-19 19:48:09 UTC,2026-06-19 19:47:54 UTC,2026-06-19 19:47:16 UTC,2026-06-19 19:46:52 UTC,2026-06-19 19:46:43 UTC,2026-06-19 19:53:52 UTC,2026-06-19 19:53:52 UTC,2026-06-19 19:53:14 UTC,2026-06-19 19:52:08 UTC,end_normal
6d49e538d661153f204062ac87fa6b8b,2026-06-19 19:27:08 UTC,2026-06-19 19:49:43 UTC,2026-06-19 19:27:23 UTC,2,3,3,3,3,NA,5,5,5,5,5,NA,option_2,option_2,option_2,option_1,option_1,1,dansk_folkeparti,NA,3,NA,1,syddanmark,erhvervsuddannelse,1963,Kvinde,1126,NA,2026-06-19 19:28:00 UTC,NA,2026-06-19 19:27:49 UTC,2026-06-19 19:27:41 UTC,2026-06-19 19:27:36 UTC,2026-06-19 19:27:32 UTC,NA,2026-06-19 19:30:42 UTC,2026-06-19 19:30:28 UTC,2026-06-19 19:30:09 UTC,2026-06-19 19:29:53 UTC,2026-06-19 19:29:24 UTC,2026-06-19 19:28:21 UTC,2026-06-19 19:28:14 UTC,2026-06-19 19:32:29 UTC,2026-06-19 19:32:23 UTC,2026-06-19 19:32:12 UTC,2026-06-19 19:32:08 UTC,NA,2026-06-19 19:31:53 UTC,2026-06-19 19:31:50 UTC,2026-06-19 19:31:47 UTC,2026-06-19 19:31:38 UTC,2026-06-19 19:31:32 UTC,2026-06-19 19:30:46 UTC,2026-06-19 19:30:29 UTC,2026-06-19 19:30:11 UTC,2026-06-19 19:29:55 UTC,2026-06-19 19:29:28 UTC,2026-06-19 19:28:37 UTC,2026-06-19 19:28:28 UTC,2026-06-19 19:28:00 UTC,2026-06-19 19:27:43 UTC,2026-06-19 19:27:18 UTC,2026-06-19 19:27:08 UTC,2026-06-19 19:32:30 UTC,2026-06-19 19:32:36 UTC,2026-06-19 19:31:55 UTC,NA,end_normal
6d73ab5e81c3e71be42d0c686618dac3,2026-06-20 12:21:38 UTC,2026-06-20 12:27:28 UTC,2026-06-20 12:21:52 UTC,4,3,3,3,5,NA,3,3,3,3,3,NA,option_1,option_1,option_1,option_1,option_2,7,socialdemokratiet,NA,3,1,2,midtjylland,mellemlang_videre,1972,Kvinde,1460,NA,2026-06-20 12:22:42 UTC,2026-06-20 12:22:31 UTC,2026-06-20 12:22:20 UTC,2026-06-20 12:22:08 UTC,2026-06-20 12:22:05 UTC,2026-06-20 12:21:59 UTC,NA,2026-06-20 12:25:23 UTC,2026-06-20 12:25:03 UTC,2026-06-20 12:24:42 UTC,2026-06-20 12:24:24 UTC,2026-06-20 12:23:52 UTC,2026-06-20 12:22:55 UTC,2026-06-20 12:22:49 UTC,2026-06-20 12:26:50 UTC,2026-06-20 12:26:43 UTC,2026-06-20 12:26:38 UTC,2026-06-20 12:26:27 UTC,NA,2026-06-20 12:26:10 UTC,2026-06-20 12:26:08 UTC,2026-06-20 12:26:05 UTC,2026-06-20 12:26:04 UTC,2026-06-20 12:26:01 UTC,2026-06-20 12:25:24 UTC,2026-06-20 12:25:06 UTC,2026-06-20 12:24:43 UTC,2026-06-20 12:24:25 UTC,2026-06-20 12:23:53 UTC,2026-06-20 12:23:03 UTC,2026-06-20 12:22:56 UTC,2026-06-20 12:22:43 UTC,2026-06-20 12:22:09 UTC,2026-06-20 12:21:48 UTC,2026-06-20 12:21:38 UTC,2026-06-20 12:26:50 UTC,2026-06-20 12:26:51 UTC,2026-06-20 12:26:13 UTC,2026-06-20 12:25:29 UTC,end_normal
6d7b1d8338d5319db8c9647213d91adc,2026-05-12 15:16:17 UTC,2026-05-12 15:22:45 UTC,2026-05-12 15:16:39 UTC,1,3,3,3,3,NA,2,3,3,3,2,NA,option_2,option_1,option_2,option_1,option_1,7,moderaterne,NA,1,1,2,midtjylland,lang_videre,1999,Kvinde,1523,NA,2026-05-12 15:17:17 UTC,2026-05-12 15:17:09 UTC,2026-05-12 15:17:00 UTC,2026-05-12 15:16:52 UTC,2026-05-12 15:16:48 UTC,2026-05-12 15:16:43 UTC,NA,2026-05-12 15:19:45 UTC,2026-05-12 15:19:23 UTC,2026-05-12 15:19:06 UTC,2026-05-12 15:18:46 UTC,2026-05-12 15:18:27 UTC,2026-05-12 15:17:32 UTC,2026-05-12 15:17:24 UTC,2026-05-12 15:21:10 UTC,2026-05-12 15:21:08 UTC,2026-05-12 15:21:07 UTC,2026-05-12 15:21:04 UTC,NA,2026-05-12 15:20:34 UTC,2026-05-12 15:20:29 UTC,2026-05-12 15:20:27 UTC,2026-05-12 15:20:24 UTC,2026-05-12 15:20:19 UTC,2026-05-12 15:19:47 UTC,2026-05-12 15:19:23 UTC,2026-05-12 15:19:07 UTC,2026-05-12 15:18:48 UTC,2026-05-12 15:18:30 UTC,2026-05-12 15:17:58 UTC,2026-05-12 15:17:33 UTC,2026-05-12 15:17:18 UTC,2026-05-12 15:16:52 UTC,2026-05-12 15:16:35 UTC,2026-05-12 15:16:17 UTC,2026-05-12 15:21:13 UTC,2026-05-12 15:21:14 UTC,2026-05-12 15:20:35 UTC,2026-05-12 15:19:57 UTC,end_normal
6d924da08844e58c7402e359d9d38188,2026-05-18 05:25:25 UTC,2026-05-18 05:33:23 UTC,2026-05-18 05:25:39 UTC,5,5,5,5,5,NA,5,5,5,5,5,NA,option_2,option_2,option_2,option_2,option_2,8,socialdemokratiet,NA,3,1,2,sjaelland,mellemlang_videre,1965,Kvinde,1518,NA,2026-05-18 05:27:02 UTC,2026-05-18 05:26:32 UTC,2026-05-18 05:26:18 UTC,2026-05-18 05:26:01 UTC,2026-05-18 05:25:57 UTC,2026-05-18 05:25:50 UTC,NA,2026-05-18 05:31:06 UTC,2026-05-18 05:30:30 UTC,2026-05-18 05:29:45 UTC,2026-05-18 05:29:06 UTC,2026-05-18 05:28:25 UTC,2026-05-18 05:27:19 UTC,2026-05-18 05:27:12 UTC,2026-05-18 05:32:44 UTC,2026-05-18 05:32:44 UTC,2026-05-18 05:32:36 UTC,2026-05-18 05:32:32 UTC,NA,2026-05-18 05:32:18 UTC,2026-05-18 05:32:13 UTC,2026-05-18 05:32:10 UTC,2026-05-18 05:32:00 UTC,2026-05-18 05:31:57 UTC,2026-05-18 05:31:08 UTC,2026-05-18 05:30:31 UTC,2026-05-18 05:29:47 UTC,2026-05-18 05:29:06 UTC,2026-05-18 05:28:27 UTC,2026-05-18 05:27:44 UTC,2026-05-18 05:27:22 UTC,2026-05-18 05:27:05 UTC,2026-05-18 05:26:03 UTC,2026-05-18 05:25:34 UTC,2026-05-18 05:25:25 UTC,2026-05-18 05:32:45 UTC,2026-05-18 05:32:47 UTC,2026-05-18 05:32:19 UTC,2026-05-18 05:31:23 UTC,end_normal
6dc5c9bbffc83828d91d1b9cd5804b31,2026-05-14 08:00:49 UTC,2026-05-14 08:08:52 UTC,2026-05-14 08:01:01 UTC,1,1,3,3,1,NA,5,5,5,5,5,NA,option_2,option_1,option_2,option_1,option_1,10,sf,NA,3,1,2,sjaelland,mellemlang_videre,1968,Kvinde,925,NA,2026-05-14 08:01:56 UTC,2026-05-14 08:01:44 UTC,2026-05-14 08:01:36 UTC,2026-05-14 08:01:20 UTC,2026-05-14 08:01:15 UTC,2026-05-14 08:01:05 UTC,NA,2026-05-14 08:04:57 UTC,2026-05-14 08:04:27 UTC,2026-05-14 08:04:14 UTC,2026-05-14 08:03:13 UTC,2026-05-14 08:02:44 UTC,2026-05-14 08:02:09 UTC,2026-05-14 08:02:05 UTC,2026-05-14 08:05:59 UTC,2026-05-14 08:05:56 UTC,2026-05-14 08:05:53 UTC,2026-05-14 08:05:48 UTC,NA,2026-05-14 08:05:28 UTC,2026-05-14 08:05:26 UTC,2026-05-14 08:05:23 UTC,2026-05-14 08:05:21 UTC,2026-05-14 08:05:19 UTC,2026-05-14 08:04:58 UTC,2026-05-14 08:04:29 UTC,2026-05-14 08:04:14 UTC,2026-05-14 08:03:13 UTC,2026-05-14 08:02:44 UTC,2026-05-14 08:02:13 UTC,2026-05-14 08:02:10 UTC,2026-05-14 08:02:00 UTC,2026-05-14 08:01:23 UTC,2026-05-14 08:00:58 UTC,2026-05-14 08:00:49 UTC,2026-05-14 08:06:05 UTC,2026-05-14 08:06:05 UTC,2026-05-14 08:05:29 UTC,2026-05-14 08:05:06 UTC,end_normal
6e06a84d4599283916abf9789862f5dd,2026-06-20 20:09:04 UTC,2026-06-20 20:15:57 UTC,2026-06-20 20:09:23 UTC,2,2,3,3,2,NA,5,5,5,5,4,NA,option_2,option_1,option_1,option_1,option_1,7,liberal_alliance,NA,3,3,2,midtjylland,lang_videre,1979,Mand,617,NA,2026-06-20 20:10:24 UTC,2026-06-20 20:10:13 UTC,2026-06-20 20:09:50 UTC,2026-06-20 20:09:33 UTC,2026-06-20 20:09:30 UTC,2026-06-20 20:09:26 UTC,NA,2026-06-20 20:13:06 UTC,2026-06-20 20:12:50 UTC,2026-06-20 20:12:23 UTC,2026-06-20 20:11:44 UTC,2026-06-20 20:11:08 UTC,2026-06-20 20:10:42 UTC,2026-06-20 20:10:35 UTC,2026-06-20 20:14:24 UTC,2026-06-20 20:14:22 UTC,2026-06-20 20:14:17 UTC,2026-06-20 20:14:13 UTC,NA,2026-06-20 20:13:42 UTC,2026-06-20 20:13:41 UTC,2026-06-20 20:13:35 UTC,2026-06-20 20:13:33 UTC,2026-06-20 20:13:31 UTC,2026-06-20 20:13:10 UTC,2026-06-20 20:12:51 UTC,2026-06-20 20:12:34 UTC,2026-06-20 20:11:48 UTC,2026-06-20 20:11:11 UTC,2026-06-20 20:10:48 UTC,2026-06-20 20:10:44 UTC,2026-06-20 20:10:30 UTC,2026-06-20 20:09:33 UTC,2026-06-20 20:09:19 UTC,2026-06-20 20:09:04 UTC,2026-06-20 20:14:26 UTC,2026-06-20 20:14:27 UTC,2026-06-20 20:13:44 UTC,2026-06-20 20:13:12 UTC,end_normal
6e50ae0807e0fb1a5204da9fde05eb60,2026-06-02 14:00:58 UTC,2026-06-02 14:09:03 UTC,2026-06-02 14:01:39 UTC,2,4,4,3,4,NA,4,4,4,3,3,NA,option_2,option_1,option_1,option_1,option_2,7,socialdemokratiet,NA,3,NA,1,nordjylland,erhvervsuddannelse,1964,Mand,125,NA,2026-06-02 14:02:29 UTC,NA,2026-06-02 14:02:12 UTC,2026-06-02 14:01:57 UTC,2026-06-02 14:01:53 UTC,2026-06-02 14:01:48 UTC,NA,2026-06-02 14:05:49 UTC,2026-06-02 14:05:09 UTC,2026-06-02 14:04:34 UTC,2026-06-02 14:04:05 UTC,2026-06-02 14:03:32 UTC,2026-06-02 14:02:43 UTC,2026-06-02 14:02:37 UTC,2026-06-02 14:08:22 UTC,2026-06-02 14:08:17 UTC,2026-06-02 14:08:09 UTC,2026-06-02 14:08:02 UTC,NA,2026-06-02 14:07:41 UTC,2026-06-02 14:07:33 UTC,2026-06-02 14:07:27 UTC,2026-06-02 14:07:19 UTC,2026-06-02 14:07:12 UTC,2026-06-02 14:05:50 UTC,2026-06-02 14:05:10 UTC,2026-06-02 14:04:34 UTC,2026-06-02 14:04:09 UTC,2026-06-02 14:03:33 UTC,2026-06-02 14:02:58 UTC,2026-06-02 14:02:45 UTC,2026-06-02 14:02:30 UTC,2026-06-02 14:01:59 UTC,2026-06-02 14:01:35 UTC,2026-06-02 14:00:58 UTC,2026-06-02 14:08:37 UTC,2026-06-02 14:08:38 UTC,2026-06-02 14:07:43 UTC,2026-06-02 14:06:03 UTC,end_normal
6e7399b198cc7328eaa3d144c975eabb,2026-06-20 10:03:27 UTC,2026-06-20 10:05:23 UTC,2026-06-20 10:03:40 UTC,NA,NA,NA,NA,NA,NA,NA,NA,NA,NA,NA,NA,NA,NA,NA,NA,NA,10,socialdemokratiet,3,2,3,2,syddanmark,mellemlang_videre,1978,Kvinde,624,2026-06-20 10:04:37 UTC,2026-06-20 10:04:32 UTC,2026-06-20 10:04:23 UTC,2026-06-20 10:04:04 UTC,2026-06-20 10:03:53 UTC,2026-06-20 10:03:52 UTC,2026-06-20 10:03:45 UTC,NA,NA,NA,NA,NA,NA,2026-06-20 10:04:48 UTC,2026-06-20 10:04:44 UTC,NA,NA,NA,NA,NA,NA,NA,NA,NA,NA,NA,NA,NA,NA,NA,2026-06-20 10:04:52 UTC,2026-06-20 10:04:48 UTC,2026-06-20 10:04:37 UTC,2026-06-20 10:03:54 UTC,2026-06-20 10:03:35 UTC,2026-06-20 10:03:27 UTC,NA,NA,NA,NA,cbc_q1_page
6eabc6717764d3923257895bf97c3fbe,2026-05-13 17:40:58 UTC,2026-05-13 17:44:55 UTC,2026-05-13 17:41:09 UTC,4,4,4,4,4,NA,1,1,2,2,1,NA,option_2,option_2,option_1,option_1,option_2,7,radikale,3,2,1,2,hovedstaden,erhvervsuddannelse,1998,Mand,1468,2026-05-13 17:41:55 UTC,2026-05-13 17:41:49 UTC,2026-05-13 17:41:40 UTC,2026-05-13 17:41:33 UTC,2026-05-13 17:41:24 UTC,2026-05-13 17:41:15 UTC,2026-05-13 17:41:11 UTC,NA,2026-05-13 17:43:40 UTC,2026-05-13 17:43:28 UTC,2026-05-13 17:43:16 UTC,2026-05-13 17:42:59 UTC,2026-05-13 17:42:50 UTC,2026-05-13 17:42:06 UTC,2026-05-13 17:42:02 UTC,2026-05-13 17:44:34 UTC,2026-05-13 17:44:33 UTC,2026-05-13 17:44:33 UTC,2026-05-13 17:44:30 UTC,NA,2026-05-13 17:44:19 UTC,2026-05-13 17:44:18 UTC,2026-05-13 17:44:07 UTC,2026-05-13 17:44:15 UTC,2026-05-13 17:44:22 UTC,2026-05-13 17:43:43 UTC,2026-05-13 17:43:31 UTC,2026-05-13 17:43:20 UTC,2026-05-13 17:43:03 UTC,2026-05-13 17:42:51 UTC,2026-05-13 17:42:22 UTC,2026-05-13 17:42:08 UTC,2026-05-13 17:41:55 UTC,2026-05-13 17:41:25 UTC,2026-05-13 17:41:05 UTC,2026-05-13 17:40:58 UTC,2026-05-13 17:44:34 UTC,2026-05-13 17:44:36 UTC,2026-05-13 17:44:23 UTC,2026-05-13 17:43:46 UTC,end_normal
6eb87cff2f02d28a1fcbedefdd437af7,2026-06-21 19:22:28 UTC,2026-06-21 19:26:56 UTC,2026-06-21 19:22:50 UTC,NA,NA,NA,NA,NA,NA,NA,NA,NA,NA,NA,NA,NA,NA,option_2,option_1,option_2,6,sf,3,2,1,2,sjaelland,mellemlang_videre,2003,Mand,1821,2026-06-21 19:23:59 UTC,2026-06-21 19:23:54 UTC,2026-06-21 19:23:46 UTC,2026-06-21 19:23:26 UTC,2026-06-21 19:23:13 UTC,2026-06-21 19:23:10 UTC,2026-06-21 19:22:53 UTC,NA,NA,NA,2026-06-21 19:25:55 UTC,2026-06-21 19:25:26 UTC,2026-06-21 19:25:03 UTC,2026-06-21 19:24:18 UTC,2026-06-21 19:24:13 UTC,NA,NA,NA,NA,NA,NA,NA,NA,NA,NA,NA,NA,2026-06-21 19:25:54 UTC,2026-06-21 19:25:27 UTC,2026-06-21 19:25:07 UTC,2026-06-21 19:24:29 UTC,2026-06-21 19:24:22 UTC,2026-06-21 19:24:00 UTC,2026-06-21 19:23:15 UTC,2026-06-21 19:22:46 UTC,2026-06-21 19:22:28 UTC,NA,NA,NA,NA,cbc_q4_page
6ed471344b2d29292b5ee9594595a784,2026-06-20 19:16:39 UTC,2026-06-20 19:21:32 UTC,2026-06-20 19:16:53 UTC,4,4,4,4,4,NA,4,4,4,4,4,NA,option_2,option_2,option_1,option_2,option_1,6,sf,3,2,NA,3,syddanmark,erhvervsuddannelse,2005,Kvinde,140,2026-06-20 19:17:54 UTC,2026-06-20 19:17:34 UTC,NA,2026-06-20 19:17:22 UTC,2026-06-20 19:17:10 UTC,2026-06-20 19:17:03 UTC,2026-06-20 19:16:57 UTC,NA,2026-06-20 19:20:07 UTC,2026-06-20 19:19:49 UTC,2026-06-20 19:19:20 UTC,2026-06-20 19:18:58 UTC,2026-06-20 19:18:38 UTC,2026-06-20 19:18:08 UTC,2026-06-20 19:18:01 UTC,2026-06-20 19:21:01 UTC,2026-06-20 19:21:01 UTC,2026-06-20 19:21:00 UTC,2026-06-20 19:20:59 UTC,NA,2026-06-20 19:20:46 UTC,2026-06-20 19:20:44 UTC,2026-06-20 19:20:42 UTC,2026-06-20 19:20:38 UTC,2026-06-20 19:20:36 UTC,2026-06-20 19:20:16 UTC,2026-06-20 19:19:51 UTC,2026-06-20 19:19:26 UTC,2026-06-20 19:19:00 UTC,2026-06-20 19:18:42 UTC,2026-06-20 19:18:12 UTC,2026-06-20 19:18:08 UTC,2026-06-20 19:17:55 UTC,2026-06-20 19:17:11 UTC,2026-06-20 19:16:50 UTC,2026-06-20 19:16:39 UTC,2026-06-20 19:21:03 UTC,2026-06-20 19:21:05 UTC,2026-06-20 19:20:46 UTC,2026-06-20 19:20:19 UTC,end_normal
6ef1b3717a4f29178a21a904e5de7c16,2026-05-23 10:22:44 UTC,2026-05-23 10:26:01 UTC,2026-05-23 10:22:57 UTC,NA,NA,NA,NA,NA,NA,NA,NA,NA,NA,NA,NA,NA,NA,NA,NA,NA,NA,NA,NA,NA,NA,1,midtjylland,lang_videre,1983,Kvinde,1231,NA,NA,NA,2026-05-23 10:23:50 UTC,2026-05-23 10:23:03 UTC,2026-05-23 10:23:01 UTC,2026-05-23 10:22:59 UTC,NA,NA,NA,NA,NA,NA,NA,NA,NA,NA,NA,NA,NA,NA,NA,NA,NA,NA,NA,NA,NA,NA,NA,NA,NA,NA,2026-05-23 10:23:03 UTC,2026-05-23 10:22:50 UTC,2026-05-23 10:22:44 UTC,NA,NA,NA,NA,issue_positions
6f2776916636a648f6d17e007d54d026,2026-06-20 12:37:50 UTC,2026-06-20 12:39:44 UTC,2026-06-20 12:38:00 UTC,NA,NA,NA,NA,NA,NA,NA,NA,NA,NA,NA,NA,NA,NA,NA,NA,NA,5,socialdemokratiet,1,2,1,2,nordjylland,mellemlang_videre,1977,Mand,1845,2026-06-20 12:38:58 UTC,2026-06-20 12:38:55 UTC,2026-06-20 12:38:42 UTC,2026-06-20 12:38:30 UTC,2026-06-20 12:38:17 UTC,2026-06-20 12:38:14 UTC,2026-06-20 12:38:10 UTC,NA,NA,NA,NA,NA,NA,2026-06-20 12:39:15 UTC,2026-06-20 12:39:06 UTC,NA,NA,NA,NA,NA,NA,NA,NA,NA,NA,NA,NA,NA,NA,NA,2026-06-20 12:39:21 UTC,2026-06-20 12:39:19 UTC,2026-06-20 12:39:01 UTC,2026-06-20 12:38:23 UTC,2026-06-20 12:37:59 UTC,2026-06-20 12:37:50 UTC,NA,NA,NA,NA,cbc_q1_page
7000694975a56f361e00741c60623c8e,2026-06-20 04:24:00 UTC,2026-06-20 04:46:13 UTC,2026-06-20 04:24:16 UTC,3,3,2,2,3,NA,1,2,2,2,3,NA,option_1,option_1,option_2,option_1,option_2,4,socialdemokratiet,NA,3,3,2,syddanmark,erhvervsuddannelse,1971,Kvinde,1095,NA,2026-06-20 04:25:09 UTC,2026-06-20 04:24:55 UTC,2026-06-20 04:24:42 UTC,2026-06-20 04:24:29 UTC,2026-06-20 04:24:25 UTC,2026-06-20 04:24:22 UTC,NA,2026-06-20 04:27:56 UTC,2026-06-20 04:27:24 UTC,2026-06-20 04:26:50 UTC,2026-06-20 04:26:27 UTC,2026-06-20 04:26:08 UTC,2026-06-20 04:25:27 UTC,2026-06-20 04:25:15 UTC,2026-06-20 04:29:44 UTC,2026-06-20 04:29:37 UTC,2026-06-20 04:29:37 UTC,2026-06-20 04:29:40 UTC,NA,2026-06-20 04:28:53 UTC,2026-06-20 04:28:52 UTC,2026-06-20 04:28:42 UTC,2026-06-20 04:28:45 UTC,2026-06-20 04:28:46 UTC,2026-06-20 04:27:58 UTC,2026-06-20 04:27:27 UTC,2026-06-20 04:26:52 UTC,2026-06-20 04:26:31 UTC,2026-06-20 04:26:10 UTC,2026-06-20 04:25:32 UTC,2026-06-20 04:25:28 UTC,2026-06-20 04:25:09 UTC,2026-06-20 04:24:30 UTC,2026-06-20 04:24:11 UTC,2026-06-20 04:24:00 UTC,2026-06-20 04:29:45 UTC,2026-06-20 04:29:45 UTC,2026-06-20 04:28:56 UTC,2026-06-20 04:28:06 UTC,end_normal
702121e993314faccd7b99c27d8c6f8e,2026-06-20 02:08:20 UTC,2026-06-20 02:13:30 UTC,2026-06-20 02:08:37 UTC,NA,NA,NA,NA,NA,NA,NA,NA,NA,NA,NA,NA,NA,NA,NA,NA,NA,NA,NA,NA,1,NA,1,syddanmark,mellemlang_videre,1970,Kvinde,673,NA,2026-06-20 02:10:46 UTC,NA,2026-06-20 02:09:52 UTC,2026-06-20 02:09:08 UTC,2026-06-20 02:09:02 UTC,2026-06-20 02:08:46 UTC,NA,NA,NA,NA,NA,NA,NA,NA,NA,NA,NA,NA,NA,NA,NA,NA,NA,NA,NA,NA,NA,NA,NA,NA,NA,2026-06-20 02:11:54 UTC,2026-06-20 02:09:08 UTC,2026-06-20 02:08:34 UTC,2026-06-20 02:08:20 UTC,NA,NA,NA,NA,party_and_trust
705dbf8a9db518d2d563b5d982284132,2026-05-23 09:53:03 UTC,2026-05-23 09:59:44 UTC,2026-05-23 09:53:16 UTC,3,4,4,4,4,NA,1,1,1,1,1,NA,option_1,option_2,option_2,option_1,option_1,5,sf,NA,3,NA,1,midtjylland,mellemlang_videre,1967,Kvinde,1950,NA,2026-05-23 09:54:23 UTC,NA,2026-05-23 09:54:04 UTC,2026-05-23 09:53:42 UTC,2026-05-23 09:53:35 UTC,2026-05-23 09:53:28 UTC,NA,2026-05-23 09:57:25 UTC,2026-05-23 09:57:03 UTC,2026-05-23 09:56:39 UTC,2026-05-23 09:56:12 UTC,2026-05-23 09:55:40 UTC,2026-05-23 09:54:43 UTC,2026-05-23 09:54:35 UTC,2026-05-23 09:58:40 UTC,2026-05-23 09:58:42 UTC,2026-05-23 09:58:37 UTC,2026-05-23 09:58:35 UTC,NA,2026-05-23 09:58:14 UTC,2026-05-23 09:58:12 UTC,2026-05-23 09:58:09 UTC,2026-05-23 09:58:06 UTC,2026-05-23 09:58:01 UTC,2026-05-23 09:57:29 UTC,2026-05-23 09:57:06 UTC,2026-05-23 09:56:40 UTC,2026-05-23 09:56:14 UTC,2026-05-23 09:55:41 UTC,2026-05-23 09:55:04 UTC,2026-05-23 09:54:45 UTC,2026-05-23 09:54:24 UTC,2026-05-23 09:53:44 UTC,2026-05-23 09:53:12 UTC,2026-05-23 09:53:03 UTC,2026-05-23 09:58:48 UTC,2026-05-23 09:58:49 UTC,2026-05-23 09:58:15 UTC,2026-05-23 09:57:38 UTC,end_normal
70bdaaef817296959b9a18363ab0e3fb,2026-05-17 17:45:05 UTC,2026-05-17 17:59:02 UTC,2026-05-17 17:45:35 UTC,4,4,5,5,4,NA,4,4,4,3,4,NA,option_2,option_1,option_2,option_2,option_1,8,venstre,1,2,3,2,nordjylland,lang_videre,1971,Mand,704,2026-05-17 17:47:43 UTC,2026-05-17 17:47:38 UTC,2026-05-17 17:47:07 UTC,2026-05-17 17:46:11 UTC,2026-05-17 17:46:01 UTC,2026-05-17 17:45:54 UTC,2026-05-17 17:45:46 UTC,NA,2026-05-17 17:55:12 UTC,2026-05-17 17:54:22 UTC,2026-05-17 17:53:59 UTC,2026-05-17 17:51:48 UTC,2026-05-17 17:49:19 UTC,2026-05-17 17:48:01 UTC,2026-05-17 17:47:52 UTC,2026-05-17 17:57:48 UTC,2026-05-17 17:57:41 UTC,2026-05-17 17:57:14 UTC,2026-05-17 17:57:29 UTC,NA,2026-05-17 17:56:38 UTC,2026-05-17 17:56:32 UTC,2026-05-17 17:56:26 UTC,2026-05-17 17:56:16 UTC,2026-05-17 17:55:59 UTC,2026-05-17 17:55:13 UTC,2026-05-17 17:54:24 UTC,2026-05-17 17:53:59 UTC,2026-05-17 17:51:48 UTC,2026-05-17 17:49:21 UTC,2026-05-17 17:48:14 UTC,2026-05-17 17:48:03 UTC,2026-05-17 17:47:44 UTC,2026-05-17 17:46:03 UTC,2026-05-17 17:45:31 UTC,2026-05-17 17:45:05 UTC,2026-05-17 17:57:54 UTC,2026-05-17 17:57:58 UTC,2026-05-17 17:56:39 UTC,2026-05-17 17:55:24 UTC,end_normal
70c898a78b865cd42fe353175eded4e5,2026-06-19 18:54:02 UTC,2026-06-19 18:59:30 UTC,2026-06-19 18:54:18 UTC,1,3,3,1,1,NA,NA,NA,NA,NA,NA,NA,option_2,option_1,option_1,option_1,option_1,0,danmarksdemokraterne,3,2,NA,1,midtjylland,mellemlang_videre,1981,Kvinde,1197,2026-06-19 18:55:11 UTC,2026-06-19 18:55:01 UTC,NA,2026-06-19 18:54:46 UTC,2026-06-19 18:54:35 UTC,2026-06-19 18:54:31 UTC,2026-06-19 18:54:27 UTC,NA,2026-06-19 18:57:38 UTC,2026-06-19 18:57:20 UTC,2026-06-19 18:57:02 UTC,2026-06-19 18:56:40 UTC,2026-06-19 18:56:18 UTC,2026-06-19 18:55:27 UTC,2026-06-19 18:55:22 UTC,2026-06-19 18:58:52 UTC,2026-06-19 18:58:54 UTC,2026-06-19 18:58:42 UTC,2026-06-19 18:58:41 UTC,NA,NA,NA,NA,NA,NA,2026-06-19 18:57:39 UTC,2026-06-19 18:57:21 UTC,2026-06-19 18:57:05 UTC,2026-06-19 18:56:43 UTC,2026-06-19 18:56:18 UTC,2026-06-19 18:55:38 UTC,2026-06-19 18:55:29 UTC,2026-06-19 18:55:12 UTC,2026-06-19 18:54:36 UTC,2026-06-19 18:54:14 UTC,2026-06-19 18:54:02 UTC,2026-06-19 18:58:56 UTC,2026-06-19 18:58:57 UTC,2026-06-19 18:58:32 UTC,2026-06-19 18:57:49 UTC,end_normal
710937b1e56a8958478625b0c2a88c75,2026-05-13 15:52:49 UTC,2026-05-13 16:00:01 UTC,2026-05-13 15:53:00 UTC,NA,NA,NA,NA,NA,NA,NA,NA,NA,NA,NA,NA,NA,NA,NA,NA,NA,NA,NA,NA,NA,NA,2,syddanmark,mellemlang_videre,1953,Kvinde,1069,NA,NA,NA,2026-05-13 15:53:29 UTC,2026-05-13 15:53:15 UTC,2026-05-13 15:53:12 UTC,2026-05-13 15:53:08 UTC,NA,NA,NA,NA,NA,NA,NA,NA,NA,NA,NA,NA,NA,NA,NA,NA,NA,NA,NA,NA,NA,NA,NA,NA,NA,NA,2026-05-13 15:53:16 UTC,2026-05-13 15:52:56 UTC,2026-05-13 15:52:49 UTC,NA,NA,NA,NA,issue_positions
7148d0e713f05f708e0621feb050f8a5,2026-05-16 06:51:17 UTC,2026-05-16 07:01:45 UTC,2026-05-16 06:51:41 UTC,1,4,4,4,3,NA,1,3,3,3,3,NA,option_1,option_1,option_2,option_2,option_2,5,konservative,NA,1,NA,1,sjaelland,erhvervsuddannelse,1962,Kvinde,929,NA,2026-05-16 06:52:49 UTC,NA,2026-05-16 06:52:35 UTC,2026-05-16 06:52:19 UTC,2026-05-16 06:52:11 UTC,2026-05-16 06:51:54 UTC,NA,2026-05-16 06:57:09 UTC,2026-05-16 06:56:30 UTC,2026-05-16 06:55:55 UTC,2026-05-16 06:55:25 UTC,2026-05-16 06:54:34 UTC,2026-05-16 06:53:11 UTC,2026-05-16 06:52:58 UTC,2026-05-16 06:59:13 UTC,2026-05-16 06:59:07 UTC,2026-05-16 06:59:05 UTC,2026-05-16 06:58:53 UTC,NA,2026-05-16 06:58:19 UTC,2026-05-16 06:58:12 UTC,2026-05-16 06:58:04 UTC,2026-05-16 06:57:56 UTC,2026-05-16 06:57:54 UTC,2026-05-16 06:57:10 UTC,2026-05-16 06:56:33 UTC,2026-05-16 06:55:57 UTC,2026-05-16 06:55:28 UTC,2026-05-16 06:54:35 UTC,2026-05-16 06:53:28 UTC,2026-05-16 06:53:12 UTC,2026-05-16 06:52:50 UTC,2026-05-16 06:52:24 UTC,2026-05-16 06:51:37 UTC,2026-05-16 06:51:17 UTC,2026-05-16 06:59:18 UTC,2026-05-16 06:59:19 UTC,2026-05-16 06:58:21 UTC,2026-05-16 06:57:21 UTC,end_normal
714f286f4835048438a4f3c8361c7f88,2026-05-23 09:55:31 UTC,2026-05-23 10:00:46 UTC,2026-05-23 09:55:42 UTC,1,2,3,4,3,NA,4,5,4,4,4,NA,option_1,option_1,option_2,option_1,option_1,5,sf,NA,3,NA,3,midtjylland,lang_videre,1947,Kvinde,630,NA,2026-05-23 09:56:22 UTC,NA,2026-05-23 09:56:29 UTC,2026-05-23 09:55:53 UTC,2026-05-23 09:55:51 UTC,2026-05-23 09:55:48 UTC,NA,2026-05-23 09:58:50 UTC,2026-05-23 09:58:39 UTC,2026-05-23 09:58:11 UTC,2026-05-23 09:57:28 UTC,2026-05-23 09:57:05 UTC,2026-05-23 09:56:41 UTC,2026-05-23 09:56:36 UTC,2026-05-23 10:00:08 UTC,2026-05-23 09:59:56 UTC,2026-05-23 10:00:04 UTC,2026-05-23 09:59:51 UTC,NA,2026-05-23 09:59:31 UTC,2026-05-23 09:59:23 UTC,2026-05-23 09:59:20 UTC,2026-05-23 09:59:16 UTC,2026-05-23 09:59:13 UTC,2026-05-23 09:58:51 UTC,2026-05-23 09:58:40 UTC,2026-05-23 09:58:14 UTC,2026-05-23 09:57:30 UTC,2026-05-23 09:57:07 UTC,2026-05-23 09:56:47 UTC,2026-05-23 09:56:42 UTC,2026-05-23 09:56:30 UTC,2026-05-23 09:55:54 UTC,2026-05-23 09:55:37 UTC,2026-05-23 09:55:31 UTC,2026-05-23 10:00:15 UTC,2026-05-23 10:00:16 UTC,2026-05-23 09:59:32 UTC,2026-05-23 09:58:55 UTC,end_normal
724cd82f247dd9ac8bf96b0bfaaad2ff,2026-05-24 08:11:20 UTC,2026-05-24 08:12:48 UTC,2026-05-24 08:11:36 UTC,NA,NA,NA,NA,NA,NA,NA,NA,NA,NA,NA,NA,NA,NA,NA,NA,NA,7,venstre,NA,1,NA,1,midtjylland,mellemlang_videre,1976,Mand,1660,NA,2026-05-24 08:12:04 UTC,NA,2026-05-24 08:12:01 UTC,2026-05-24 08:11:49 UTC,2026-05-24 08:11:45 UTC,2026-05-24 08:11:41 UTC,NA,NA,NA,NA,NA,NA,2026-05-24 08:12:20 UTC,2026-05-24 08:12:16 UTC,NA,NA,NA,NA,NA,NA,NA,NA,NA,NA,NA,NA,NA,NA,NA,2026-05-24 08:12:29 UTC,2026-05-24 08:12:22 UTC,2026-05-24 08:12:08 UTC,2026-05-24 08:11:50 UTC,2026-05-24 08:11:30 UTC,2026-05-24 08:11:20 UTC,NA,NA,NA,NA,cbc_q1_page
724f43d2536bb799e1ef008344ba04a7,2026-06-20 13:57:42 UTC,2026-06-20 14:03:45 UTC,2026-06-20 13:58:25 UTC,NA,NA,NA,NA,NA,NA,NA,NA,NA,NA,NA,NA,NA,NA,NA,option_1,option_2,9,socialdemokratiet,3,2,3,2,sjaelland,kort_videre,1974,Kvinde,614,2026-06-20 13:59:51 UTC,2026-06-20 13:59:39 UTC,2026-06-20 13:59:27 UTC,2026-06-20 13:59:19 UTC,2026-06-20 13:58:59 UTC,2026-06-20 13:58:54 UTC,2026-06-20 13:58:34 UTC,NA,NA,NA,NA,2026-06-20 14:01:34 UTC,2026-06-20 14:01:01 UTC,2026-06-20 14:00:12 UTC,2026-06-20 14:00:02 UTC,NA,NA,NA,NA,NA,NA,NA,NA,NA,NA,NA,NA,NA,2026-06-20 14:01:35 UTC,2026-06-20 14:01:05 UTC,2026-06-20 14:00:19 UTC,2026-06-20 14:00:13 UTC,2026-06-20 13:59:52 UTC,2026-06-20 13:59:01 UTC,2026-06-20 13:58:21 UTC,2026-06-20 13:57:42 UTC,NA,NA,NA,NA,cbc_q3_page
7250c375851773bc56ef974939c002c2,2026-06-20 11:50:03 UTC,2026-06-20 11:52:30 UTC,2026-06-20 11:50:23 UTC,NA,NA,NA,NA,NA,NA,NA,NA,NA,NA,NA,NA,NA,NA,NA,NA,NA,NA,NA,NA,2,NA,1,syddanmark,lang_videre,1975,Kvinde,1228,NA,2026-06-20 11:51:11 UTC,NA,2026-06-20 11:50:50 UTC,2026-06-20 11:50:40 UTC,2026-06-20 11:50:36 UTC,2026-06-20 11:50:31 UTC,NA,NA,NA,NA,NA,NA,NA,NA,NA,NA,NA,NA,NA,NA,NA,NA,NA,NA,NA,NA,NA,NA,NA,NA,NA,NA,2026-06-20 11:50:44 UTC,2026-06-20 11:50:20 UTC,2026-06-20 11:50:03 UTC,NA,NA,NA,NA,issue_positions
725f6d8cecb449fb925ad29e25d26465,2026-06-02 13:31:24 UTC,2026-06-02 13:34:53 UTC,2026-06-02 13:31:36 UTC,NA,NA,NA,NA,NA,NA,NA,NA,NA,NA,NA,NA,NA,option_1,option_1,option_2,option_1,2,liberal_alliance,3,2,NA,1,midtjylland,erhvervsuddannelse,1987,Kvinde,1776,2026-06-02 13:32:17 UTC,2026-06-02 13:32:09 UTC,NA,2026-06-02 13:31:59 UTC,2026-06-02 13:31:48 UTC,2026-06-02 13:31:45 UTC,2026-06-02 13:31:41 UTC,NA,NA,2026-06-02 13:34:31 UTC,2026-06-02 13:34:09 UTC,2026-06-02 13:33:46 UTC,2026-06-02 13:32:57 UTC,2026-06-02 13:32:31 UTC,2026-06-02 13:32:26 UTC,NA,NA,NA,NA,NA,NA,NA,NA,NA,NA,NA,2026-06-02 13:34:31 UTC,2026-06-02 13:34:09 UTC,2026-06-02 13:33:47 UTC,2026-06-02 13:32:57 UTC,2026-06-02 13:32:37 UTC,2026-06-02 13:32:33 UTC,2026-06-02 13:32:18 UTC,2026-06-02 13:31:48 UTC,2026-06-02 13:31:31 UTC,2026-06-02 13:31:24 UTC,NA,NA,NA,NA,cbc_q5_page
72efe089cb1aacd5edd14bc7a9f626be,2026-05-17 16:13:41 UTC,2026-05-17 16:18:17 UTC,2026-05-17 16:14:15 UTC,NA,NA,NA,NA,NA,NA,NA,NA,NA,NA,NA,NA,option_1,option_1,option_1,option_2,option_2,2,liberal_alliance,3,2,NA,1,syddanmark,mellemlang_videre,1964,Kvinde,1374,2026-05-17 16:15:39 UTC,2026-05-17 16:15:29 UTC,NA,2026-05-17 16:15:17 UTC,2026-05-17 16:14:40 UTC,2026-05-17 16:14:35 UTC,2026-05-17 16:14:27 UTC,NA,2026-05-17 16:17:37 UTC,2026-05-17 16:17:24 UTC,2026-05-17 16:17:13 UTC,2026-05-17 16:16:58 UTC,2026-05-17 16:16:32 UTC,2026-05-17 16:15:56 UTC,2026-05-17 16:15:49 UTC,NA,NA,NA,NA,NA,NA,NA,NA,NA,NA,2026-05-17 16:17:38 UTC,2026-05-17 16:17:25 UTC,2026-05-17 16:17:14 UTC,2026-05-17 16:17:00 UTC,2026-05-17 16:16:33 UTC,2026-05-17 16:16:13 UTC,2026-05-17 16:15:58 UTC,2026-05-17 16:15:41 UTC,2026-05-17 16:14:42 UTC,2026-05-17 16:14:07 UTC,2026-05-17 16:13:41 UTC,NA,NA,NA,2026-05-17 16:17:48 UTC,single_profile_1
730beaa4774a4014d8723f6be92a7409,2026-06-20 03:28:46 UTC,2026-06-20 03:38:14 UTC,2026-06-20 03:29:01 UTC,1,1,1,1,1,NA,1,1,1,1,1,NA,option_1,option_1,option_1,option_1,option_1,4,danmarksdemokraterne,1,2,NA,1,midtjylland,mellemlang_videre,1963,Kvinde,5,2026-06-20 03:30:11 UTC,2026-06-20 03:29:44 UTC,NA,2026-06-20 03:29:34 UTC,2026-06-20 03:29:23 UTC,2026-06-20 03:29:20 UTC,2026-06-20 03:29:08 UTC,NA,2026-06-20 03:33:14 UTC,2026-06-20 03:32:46 UTC,2026-06-20 03:32:29 UTC,2026-06-20 03:32:04 UTC,2026-06-20 03:31:33 UTC,2026-06-20 03:30:28 UTC,2026-06-20 03:30:23 UTC,2026-06-20 03:34:40 UTC,2026-06-20 03:34:40 UTC,2026-06-20 03:34:39 UTC,2026-06-20 03:34:37 UTC,NA,2026-06-20 03:34:07 UTC,2026-06-20 03:34:21 UTC,2026-06-20 03:34:20 UTC,2026-06-20 03:34:18 UTC,2026-06-20 03:34:16 UTC,2026-06-20 03:33:18 UTC,2026-06-20 03:32:50 UTC,2026-06-20 03:32:30 UTC,2026-06-20 03:32:05 UTC,2026-06-20 03:31:36 UTC,2026-06-20 03:30:41 UTC,2026-06-20 03:30:31 UTC,2026-06-20 03:30:12 UTC,2026-06-20 03:29:24 UTC,2026-06-20 03:28:55 UTC,2026-06-20 03:28:46 UTC,2026-06-20 03:34:41 UTC,2026-06-20 03:34:42 UTC,2026-06-20 03:34:23 UTC,2026-06-20 03:33:29 UTC,end_normal
733e9a76455d7ac56fe4a0f39b5763ed,2026-05-19 15:11:45 UTC,2026-05-19 16:16:48 UTC,2026-05-19 15:11:59 UTC,3,3,3,3,4,NA,1,1,1,3,1,NA,option_1,option_1,option_2,option_2,option_1,4,liberal_alliance,NA,1,NA,3,sjaelland,mellemlang_videre,1977,Kvinde,728,NA,2026-05-19 15:13:03 UTC,NA,2026-05-19 15:12:45 UTC,2026-05-19 15:12:32 UTC,2026-05-19 15:12:26 UTC,2026-05-19 15:12:15 UTC,NA,2026-05-19 15:15:34 UTC,2026-05-19 15:15:00 UTC,2026-05-19 15:14:22 UTC,2026-05-19 15:14:03 UTC,2026-05-19 15:13:43 UTC,2026-05-19 15:13:15 UTC,2026-05-19 15:13:10 UTC,2026-05-19 15:16:50 UTC,2026-05-19 15:16:46 UTC,2026-05-19 15:16:44 UTC,2026-05-19 15:16:37 UTC,NA,2026-05-19 15:16:09 UTC,2026-05-19 15:16:06 UTC,2026-05-19 15:16:11 UTC,2026-05-19 15:16:20 UTC,2026-05-19 15:16:04 UTC,2026-05-19 15:15:34 UTC,2026-05-19 15:15:03 UTC,2026-05-19 15:14:24 UTC,2026-05-19 15:14:04 UTC,2026-05-19 15:13:44 UTC,2026-05-19 15:13:24 UTC,2026-05-19 15:13:17 UTC,2026-05-19 15:13:04 UTC,2026-05-19 15:12:34 UTC,2026-05-19 15:11:54 UTC,2026-05-19 15:11:45 UTC,2026-05-19 15:17:08 UTC,2026-05-19 15:17:09 UTC,2026-05-19 15:16:22 UTC,2026-05-19 15:15:38 UTC,end_normal
7374bbf14b0a323f9081bfc30f91d433,2026-06-20 14:08:37 UTC,2026-06-20 14:11:37 UTC,2026-06-20 14:09:00 UTC,NA,NA,NA,NA,NA,NA,NA,NA,NA,NA,NA,NA,NA,NA,NA,NA,NA,6,danmarksdemokraterne,3,2,NA,1,sjaelland,kort_videre,1960,Kvinde,1993,2026-06-20 14:10:12 UTC,2026-06-20 14:09:56 UTC,NA,2026-06-20 14:09:43 UTC,2026-06-20 14:09:31 UTC,2026-06-20 14:09:23 UTC,2026-06-20 14:09:11 UTC,NA,NA,NA,NA,NA,NA,2026-06-20 14:10:36 UTC,2026-06-20 14:10:26 UTC,NA,NA,NA,NA,NA,NA,NA,NA,NA,NA,NA,NA,NA,NA,NA,NA,2026-06-20 14:10:41 UTC,2026-06-20 14:10:15 UTC,2026-06-20 14:09:34 UTC,2026-06-20 14:08:57 UTC,2026-06-20 14:08:37 UTC,NA,NA,NA,NA,cbc_intro
73c6e237b9df320497612142a40ee620,2026-06-20 06:43:38 UTC,2026-06-20 06:46:29 UTC,2026-06-20 06:43:54 UTC,NA,NA,NA,NA,NA,NA,NA,NA,NA,NA,NA,NA,NA,NA,NA,NA,NA,NA,NA,3,2,NA,2,syddanmark,mellemlang_videre,1981,Mand,619,2026-06-20 06:45:20 UTC,2026-06-20 06:44:53 UTC,NA,2026-06-20 06:44:37 UTC,2026-06-20 06:44:11 UTC,2026-06-20 06:44:07 UTC,2026-06-20 06:44:01 UTC,NA,NA,NA,NA,NA,NA,NA,NA,NA,NA,NA,NA,NA,NA,NA,NA,NA,NA,NA,NA,NA,NA,NA,NA,NA,NA,2026-06-20 06:44:12 UTC,2026-06-20 06:43:49 UTC,2026-06-20 06:43:38 UTC,NA,NA,NA,NA,issue_positions
73c7395467e45dcbdec46b7171d4ae4a,2026-05-23 20:26:50 UTC,2026-05-23 20:36:58 UTC,2026-05-23 20:27:28 UTC,1,2,3,3,2,NA,1,2,3,3,2,NA,option_2,option_2,option_1,option_2,option_2,7,alternativet,NA,3,NA,3,midtjylland,lang_videre,1972,Kvinde,1722,NA,2026-05-23 20:28:33 UTC,NA,2026-05-23 20:28:01 UTC,2026-05-23 20:27:46 UTC,2026-05-23 20:27:42 UTC,2026-05-23 20:27:36 UTC,NA,2026-05-23 20:32:51 UTC,2026-05-23 20:32:19 UTC,2026-05-23 20:31:52 UTC,2026-05-23 20:31:23 UTC,2026-05-23 20:30:35 UTC,2026-05-23 20:28:50 UTC,2026-05-23 20:28:43 UTC,2026-05-23 20:36:11 UTC,2026-05-23 20:36:07 UTC,2026-05-23 20:36:01 UTC,2026-05-23 20:35:38 UTC,NA,2026-05-23 20:34:58 UTC,2026-05-23 20:34:53 UTC,2026-05-23 20:34:47 UTC,2026-05-23 20:34:33 UTC,2026-05-23 20:34:25 UTC,2026-05-23 20:32:51 UTC,2026-05-23 20:32:21 UTC,2026-05-23 20:31:54 UTC,2026-05-23 20:31:24 UTC,2026-05-23 20:30:36 UTC,2026-05-23 20:29:13 UTC,2026-05-23 20:28:54 UTC,2026-05-23 20:28:34 UTC,2026-05-23 20:27:48 UTC,2026-05-23 20:27:23 UTC,2026-05-23 20:26:50 UTC,2026-05-23 20:36:18 UTC,2026-05-23 20:36:19 UTC,2026-05-23 20:35:07 UTC,2026-05-23 20:33:03 UTC,end_normal
73e15e238002a068a301b194a289a103,2026-06-21 08:14:10 UTC,2026-06-21 08:21:32 UTC,2026-06-21 08:14:22 UTC,2,3,3,3,3,NA,1,3,3,3,1,NA,option_2,option_1,option_1,option_2,option_2,7,liberal_alliance,NA,1,NA,1,midtjylland,gymnasial,2005,Mand,300,NA,2026-06-21 08:14:57 UTC,NA,2026-06-21 08:14:53 UTC,2026-06-21 08:14:33 UTC,2026-06-21 08:14:29 UTC,2026-06-21 08:14:25 UTC,NA,2026-06-21 08:17:13 UTC,2026-06-21 08:16:59 UTC,2026-06-21 08:16:34 UTC,2026-06-21 08:16:13 UTC,2026-06-21 08:15:49 UTC,2026-06-21 08:15:12 UTC,2026-06-21 08:15:06 UTC,2026-06-21 08:18:22 UTC,2026-06-21 08:18:20 UTC,2026-06-21 08:18:17 UTC,2026-06-21 08:18:16 UTC,NA,2026-06-21 08:17:59 UTC,2026-06-21 08:17:57 UTC,2026-06-21 08:17:52 UTC,2026-06-21 08:17:51 UTC,2026-06-21 08:17:40 UTC,2026-06-21 08:17:14 UTC,2026-06-21 08:16:59 UTC,2026-06-21 08:16:36 UTC,2026-06-21 08:16:15 UTC,2026-06-21 08:15:52 UTC,2026-06-21 08:15:17 UTC,2026-06-21 08:15:13 UTC,2026-06-21 08:15:00 UTC,2026-06-21 08:14:34 UTC,2026-06-21 08:14:16 UTC,2026-06-21 08:14:10 UTC,2026-06-21 08:18:23 UTC,2026-06-21 08:18:24 UTC,2026-06-21 08:18:00 UTC,2026-06-21 08:17:26 UTC,end_normal
742f51122096d4dc70d820ec8f36f55b,2026-06-01 08:50:04 UTC,2026-06-01 08:51:39 UTC,2026-06-01 08:50:26 UTC,NA,NA,NA,NA,NA,NA,NA,NA,NA,NA,NA,NA,NA,NA,NA,NA,NA,NA,NA,NA,NA,NA,NA,midtjylland,mellemlang_videre,1955,Kvinde,1360,NA,NA,NA,NA,2026-06-01 08:51:02 UTC,2026-06-01 08:50:59 UTC,2026-06-01 08:50:37 UTC,NA,NA,NA,NA,NA,NA,NA,NA,NA,NA,NA,NA,NA,NA,NA,NA,NA,NA,NA,NA,NA,NA,NA,NA,NA,NA,2026-06-01 08:51:06 UTC,2026-06-01 08:50:20 UTC,2026-06-01 08:50:04 UTC,NA,NA,NA,NA,issue_positions
747c802f5b912566f12c7327f35eb078,2026-05-17 13:46:23 UTC,2026-05-17 13:50:47 UTC,2026-05-17 13:46:41 UTC,4,4,4,4,4,NA,4,4,4,4,4,NA,option_2,option_2,option_1,option_2,option_2,4,socialdemokratiet,3,2,NA,1,midtjylland,mellemlang_videre,1982,Kvinde,1918,2026-05-17 13:47:30 UTC,2026-05-17 13:47:07 UTC,NA,2026-05-17 13:46:59 UTC,2026-05-17 13:46:52 UTC,2026-05-17 13:46:49 UTC,2026-05-17 13:46:47 UTC,NA,2026-05-17 13:49:31 UTC,2026-05-17 13:49:16 UTC,2026-05-17 13:49:05 UTC,2026-05-17 13:48:35 UTC,2026-05-17 13:48:22 UTC,2026-05-17 13:47:42 UTC,2026-05-17 13:47:37 UTC,2026-05-17 13:50:24 UTC,2026-05-17 13:50:23 UTC,2026-05-17 13:50:23 UTC,2026-05-17 13:50:23 UTC,NA,2026-05-17 13:50:11 UTC,2026-05-17 13:50:11 UTC,2026-05-17 13:50:09 UTC,2026-05-17 13:50:04 UTC,2026-05-17 13:49:49 UTC,2026-05-17 13:49:31 UTC,2026-05-17 13:49:17 UTC,2026-05-17 13:49:06 UTC,2026-05-17 13:48:39 UTC,2026-05-17 13:48:22 UTC,2026-05-17 13:47:51 UTC,2026-05-17 13:47:43 UTC,2026-05-17 13:47:31 UTC,2026-05-17 13:46:52 UTC,2026-05-17 13:46:37 UTC,2026-05-17 13:46:23 UTC,2026-05-17 13:50:24 UTC,2026-05-17 13:50:25 UTC,2026-05-17 13:50:12 UTC,2026-05-17 13:49:35 UTC,end_normal
7480bdfda1e80aaa3c1beb29b8a35dcd,2026-05-15 06:14:05 UTC,2026-05-15 06:20:33 UTC,2026-05-15 06:14:15 UTC,2,4,4,4,4,NA,1,1,1,3,1,NA,option_1,option_1,option_2,option_2,option_2,3,socialdemokratiet,NA,3,1,2,hovedstaden,mellemlang_videre,1986,Mand,264,NA,2026-05-15 06:14:43 UTC,2026-05-15 06:14:32 UTC,2026-05-15 06:14:30 UTC,2026-05-15 06:14:24 UTC,2026-05-15 06:14:22 UTC,2026-05-15 06:14:19 UTC,NA,2026-05-15 06:17:31 UTC,2026-05-15 06:17:11 UTC,2026-05-15 06:16:50 UTC,2026-05-15 06:16:16 UTC,2026-05-15 06:15:43 UTC,2026-05-15 06:14:55 UTC,2026-05-15 06:14:48 UTC,2026-05-15 06:19:36 UTC,2026-05-15 06:19:54 UTC,2026-05-15 06:19:18 UTC,2026-05-15 06:19:12 UTC,NA,2026-05-15 06:18:16 UTC,2026-05-15 06:18:09 UTC,2026-05-15 06:18:06 UTC,2026-05-15 06:18:03 UTC,2026-05-15 06:17:57 UTC,2026-05-15 06:17:33 UTC,2026-05-15 06:17:14 UTC,2026-05-15 06:16:54 UTC,2026-05-15 06:16:26 UTC,2026-05-15 06:15:46 UTC,2026-05-15 06:15:05 UTC,2026-05-15 06:14:57 UTC,2026-05-15 06:14:43 UTC,2026-05-15 06:14:27 UTC,2026-05-15 06:14:11 UTC,2026-05-15 06:14:05 UTC,2026-05-15 06:19:47 UTC,2026-05-15 06:19:54 UTC,2026-05-15 06:18:17 UTC,2026-05-15 06:17:38 UTC,end_normal
7511e6d3f20e32a9392218a7ee5bfdc3,2026-06-19 20:45:56 UTC,2026-06-19 20:54:02 UTC,2026-06-19 20:46:16 UTC,3,3,3,3,3,NA,4,4,4,3,3,NA,option_1,option_2,option_2,option_1,option_2,5,venstre,1,2,1,2,sjaelland,mellemlang_videre,1968,Kvinde,1655,2026-06-19 20:47:34 UTC,2026-06-19 20:47:19 UTC,2026-06-19 20:47:06 UTC,2026-06-19 20:46:56 UTC,2026-06-19 20:46:41 UTC,2026-06-19 20:46:35 UTC,2026-06-19 20:46:25 UTC,NA,2026-06-19 20:51:21 UTC,2026-06-19 20:50:55 UTC,2026-06-19 20:50:25 UTC,2026-06-19 20:49:55 UTC,2026-06-19 20:49:18 UTC,2026-06-19 20:47:52 UTC,2026-06-19 20:47:45 UTC,2026-06-19 20:53:27 UTC,2026-06-19 20:53:09 UTC,2026-06-19 20:53:03 UTC,2026-06-19 20:53:00 UTC,NA,2026-06-19 20:52:38 UTC,2026-06-19 20:52:17 UTC,2026-06-19 20:52:31 UTC,2026-06-19 20:52:05 UTC,2026-06-19 20:51:56 UTC,2026-06-19 20:51:25 UTC,2026-06-19 20:50:56 UTC,2026-06-19 20:50:27 UTC,2026-06-19 20:50:00 UTC,2026-06-19 20:49:19 UTC,2026-06-19 20:48:08 UTC,2026-06-19 20:47:55 UTC,2026-06-19 20:47:34 UTC,2026-06-19 20:46:43 UTC,2026-06-19 20:46:09 UTC,2026-06-19 20:45:56 UTC,2026-06-19 20:53:26 UTC,2026-06-19 20:53:29 UTC,2026-06-19 20:52:39 UTC,2026-06-19 20:51:35 UTC,end_normal
75532ad7d533e94393e173537764acbd,2026-06-19 18:23:57 UTC,2026-06-19 18:34:37 UTC,2026-06-19 18:24:57 UTC,1,1,2,3,1,NA,3,3,3,3,3,NA,option_1,option_1,option_2,option_1,option_1,9,socialdemokratiet,NA,3,3,2,midtjylland,mellemlang_videre,1960,Kvinde,847,NA,2026-06-19 18:26:29 UTC,2026-06-19 18:26:15 UTC,2026-06-19 18:25:59 UTC,2026-06-19 18:25:28 UTC,2026-06-19 18:25:25 UTC,2026-06-19 18:25:10 UTC,NA,2026-06-19 18:30:46 UTC,2026-06-19 18:30:11 UTC,2026-06-19 18:29:23 UTC,2026-06-19 18:28:17 UTC,2026-06-19 18:28:02 UTC,2026-06-19 18:26:51 UTC,2026-06-19 18:26:39 UTC,2026-06-19 18:33:17 UTC,2026-06-19 18:33:13 UTC,2026-06-19 18:33:07 UTC,2026-06-19 18:32:50 UTC,NA,2026-06-19 18:32:15 UTC,2026-06-19 18:32:12 UTC,2026-06-19 18:32:06 UTC,2026-06-19 18:32:01 UTC,2026-06-19 18:31:58 UTC,2026-06-19 18:30:48 UTC,2026-06-19 18:30:13 UTC,2026-06-19 18:29:23 UTC,2026-06-19 18:28:42 UTC,2026-06-19 18:28:09 UTC,2026-06-19 18:27:15 UTC,2026-06-19 18:26:53 UTC,2026-06-19 18:26:32 UTC,2026-06-19 18:25:30 UTC,2026-06-19 18:24:52 UTC,2026-06-19 18:23:57 UTC,2026-06-19 18:33:22 UTC,2026-06-19 18:33:23 UTC,2026-06-19 18:32:18 UTC,2026-06-19 18:31:01 UTC,end_normal
755e7c52f37d7bba875ee40aa8682873,2026-05-13 19:22:33 UTC,2026-05-13 19:27:43 UTC,2026-05-13 19:22:44 UTC,3,4,4,4,3,NA,1,2,2,3,1,NA,option_1,option_1,option_1,option_2,option_1,9,sf,3,2,NA,3,hovedstaden,lang_videre,1999,Mand,1013,2026-05-13 19:23:28 UTC,2026-05-13 19:23:18 UTC,NA,2026-05-13 19:23:04 UTC,2026-05-13 19:22:55 UTC,2026-05-13 19:22:52 UTC,2026-05-13 19:22:49 UTC,NA,2026-05-13 19:26:07 UTC,2026-05-13 19:25:40 UTC,2026-05-13 19:25:17 UTC,2026-05-13 19:24:42 UTC,2026-05-13 19:24:29 UTC,2026-05-13 19:23:39 UTC,2026-05-13 19:23:35 UTC,2026-05-13 19:27:18 UTC,2026-05-13 19:27:16 UTC,2026-05-13 19:27:09 UTC,2026-05-13 19:27:05 UTC,NA,2026-05-13 19:26:50 UTC,2026-05-13 19:26:49 UTC,2026-05-13 19:26:46 UTC,2026-05-13 19:26:41 UTC,2026-05-13 19:26:34 UTC,2026-05-13 19:26:09 UTC,2026-05-13 19:25:46 UTC,2026-05-13 19:25:18 UTC,2026-05-13 19:24:50 UTC,2026-05-13 19:24:29 UTC,2026-05-13 19:23:50 UTC,2026-05-13 19:23:40 UTC,2026-05-13 19:23:28 UTC,2026-05-13 19:22:56 UTC,2026-05-13 19:22:40 UTC,2026-05-13 19:22:33 UTC,2026-05-13 19:27:20 UTC,2026-05-13 19:27:21 UTC,2026-05-13 19:26:55 UTC,2026-05-13 19:26:16 UTC,end_normal
7572a8f880dbc7af7fe3c06dd006f854,2026-05-17 14:02:30 UTC,2026-05-17 14:12:15 UTC,2026-05-17 14:02:45 UTC,1,2,1,2,1,NA,3,3,3,4,3,NA,option_2,option_1,option_1,option_2,option_1,6,socialdemokratiet,3,2,3,2,sjaelland,kort_videre,1972,Kvinde,161,2026-05-17 14:03:40 UTC,2026-05-17 14:03:32 UTC,2026-05-17 14:03:23 UTC,2026-05-17 14:03:12 UTC,2026-05-17 14:03:00 UTC,2026-05-17 14:02:55 UTC,2026-05-17 14:02:52 UTC,NA,2026-05-17 14:07:20 UTC,2026-05-17 14:07:00 UTC,2026-05-17 14:06:37 UTC,2026-05-17 14:06:12 UTC,2026-05-17 14:05:31 UTC,2026-05-17 14:04:00 UTC,2026-05-17 14:03:46 UTC,2026-05-17 14:09:53 UTC,2026-05-17 14:09:14 UTC,2026-05-17 14:09:44 UTC,2026-05-17 14:09:41 UTC,NA,2026-05-17 14:08:34 UTC,2026-05-17 14:08:34 UTC,2026-05-17 14:08:28 UTC,2026-05-17 14:08:14 UTC,2026-05-17 14:08:09 UTC,2026-05-17 14:07:22 UTC,2026-05-17 14:07:06 UTC,2026-05-17 14:06:42 UTC,2026-05-17 14:06:14 UTC,2026-05-17 14:05:34 UTC,2026-05-17 14:04:10 UTC,2026-05-17 14:04:03 UTC,2026-05-17 14:03:43 UTC,2026-05-17 14:03:03 UTC,2026-05-17 14:02:40 UTC,2026-05-17 14:02:30 UTC,2026-05-17 14:10:03 UTC,2026-05-17 14:10:05 UTC,2026-05-17 14:08:38 UTC,2026-05-17 14:07:24 UTC,end_normal
757badd7594d8d4babfd1a5d67f32b64,2026-06-19 20:03:20 UTC,2026-06-19 20:10:09 UTC,2026-06-19 20:03:34 UTC,1,1,1,1,1,NA,4,4,5,4,3,NA,option_2,option_1,option_1,option_1,option_2,7,socialdemokratiet,3,2,NA,1,midtjylland,erhvervsuddannelse,1964,Kvinde,127,2026-06-19 20:04:44 UTC,2026-06-19 20:04:28 UTC,NA,2026-06-19 20:04:14 UTC,2026-06-19 20:03:52 UTC,2026-06-19 20:03:48 UTC,2026-06-19 20:03:43 UTC,NA,2026-06-19 20:07:34 UTC,2026-06-19 20:07:18 UTC,2026-06-19 20:06:52 UTC,2026-06-19 20:06:19 UTC,2026-06-19 20:05:52 UTC,2026-06-19 20:05:21 UTC,2026-06-19 20:05:08 UTC,2026-06-19 20:09:29 UTC,2026-06-19 20:09:19 UTC,2026-06-19 20:09:19 UTC,2026-06-19 20:09:15 UTC,NA,2026-06-19 20:08:37 UTC,2026-06-19 20:08:31 UTC,2026-06-19 20:08:25 UTC,2026-06-19 20:08:20 UTC,2026-06-19 20:08:14 UTC,2026-06-19 20:07:34 UTC,2026-06-19 20:07:18 UTC,NA,2026-06-19 20:06:20 UTC,2026-06-19 20:05:52 UTC,2026-06-19 20:05:28 UTC,2026-06-19 20:05:21 UTC,2026-06-19 20:04:45 UTC,2026-06-19 20:03:53 UTC,2026-06-19 20:03:29 UTC,2026-06-19 20:03:20 UTC,2026-06-19 20:09:32 UTC,2026-06-19 20:09:38 UTC,2026-06-19 20:08:37 UTC,2026-06-19 20:07:41 UTC,end_normal
75b6e3275f5ef5cbb23b8f783ff33158,2026-05-18 15:30:46 UTC,2026-05-18 15:38:26 UTC,2026-05-18 15:31:10 UTC,1,1,2,2,2,NA,1,1,2,2,2,NA,option_2,option_1,option_2,option_2,option_1,3,dansk_folkeparti,1,2,NA,1,sjaelland,erhvervsuddannelse,1971,Kvinde,851,2026-05-18 15:32:01 UTC,2026-05-18 15:31:43 UTC,NA,2026-05-18 15:31:35 UTC,2026-05-18 15:31:25 UTC,2026-05-18 15:31:20 UTC,2026-05-18 15:31:15 UTC,NA,2026-05-18 15:36:20 UTC,2026-05-18 15:35:58 UTC,2026-05-18 15:35:21 UTC,2026-05-18 15:34:25 UTC,2026-05-18 15:34:02 UTC,2026-05-18 15:32:57 UTC,2026-05-18 15:32:51 UTC,2026-05-18 15:37:54 UTC,2026-05-18 15:37:53 UTC,2026-05-18 15:37:50 UTC,2026-05-18 15:37:44 UTC,NA,2026-05-18 15:37:17 UTC,2026-05-18 15:37:10 UTC,2026-05-18 15:37:07 UTC,2026-05-18 15:37:03 UTC,2026-05-18 15:36:54 UTC,2026-05-18 15:36:23 UTC,2026-05-18 15:35:59 UTC,2026-05-18 15:35:22 UTC,2026-05-18 15:34:32 UTC,2026-05-18 15:34:05 UTC,2026-05-18 15:33:10 UTC,2026-05-18 15:32:59 UTC,2026-05-18 15:32:02 UTC,2026-05-18 15:31:26 UTC,2026-05-18 15:31:06 UTC,2026-05-18 15:30:46 UTC,2026-05-18 15:37:58 UTC,2026-05-18 15:38:00 UTC,2026-05-18 15:37:18 UTC,2026-05-18 15:36:31 UTC,end_normal
765a7140e78d121e57506e0d33c08ac0,2026-05-12 16:30:10 UTC,2026-05-12 17:04:34 UTC,2026-05-12 16:30:34 UTC,1,2,1,2,1,NA,2,2,2,3,1,NA,option_1,option_1,option_1,option_2,option_1,6,socialdemokratiet,3,2,NA,1,midtjylland,gymnasial,1963,Kvinde,385,2026-05-12 16:31:16 UTC,2026-05-12 16:31:05 UTC,NA,2026-05-12 16:30:54 UTC,2026-05-12 16:30:46 UTC,2026-05-12 16:30:43 UTC,2026-05-12 16:30:41 UTC,NA,2026-05-12 16:33:45 UTC,2026-05-12 16:33:20 UTC,2026-05-12 16:33:04 UTC,2026-05-12 16:32:32 UTC,2026-05-12 16:32:14 UTC,2026-05-12 16:31:31 UTC,2026-05-12 16:31:22 UTC,2026-05-12 16:35:00 UTC,2026-05-12 16:34:57 UTC,2026-05-12 16:34:55 UTC,2026-05-12 16:34:51 UTC,NA,2026-05-12 16:34:36 UTC,2026-05-12 16:34:29 UTC,2026-05-12 16:34:24 UTC,2026-05-12 16:34:20 UTC,2026-05-12 16:34:16 UTC,2026-05-12 16:33:50 UTC,2026-05-12 16:33:25 UTC,2026-05-12 16:33:05 UTC,2026-05-12 16:32:36 UTC,2026-05-12 16:32:15 UTC,2026-05-12 16:31:47 UTC,2026-05-12 16:31:34 UTC,2026-05-12 16:31:18 UTC,2026-05-12 16:30:47 UTC,2026-05-12 16:30:31 UTC,2026-05-12 16:30:10 UTC,2026-05-12 16:35:03 UTC,2026-05-12 16:35:03 UTC,2026-05-12 16:34:37 UTC,2026-05-12 16:33:57 UTC,end_normal
76aa1a53af2a7fdeea36699ee9bf4f03,2026-05-19 13:52:49 UTC,2026-05-19 14:03:05 UTC,2026-05-19 13:53:55 UTC,1,1,3,3,1,NA,1,1,2,3,1,NA,option_1,option_2,option_1,option_2,option_1,4,sf,NA,3,NA,3,sjaelland,mellemlang_videre,1949,Kvinde,971,NA,2026-05-19 13:54:54 UTC,NA,2026-05-19 13:54:40 UTC,2026-05-19 13:54:26 UTC,2026-05-19 13:54:15 UTC,2026-05-19 13:54:04 UTC,NA,2026-05-19 13:59:16 UTC,2026-05-19 13:58:29 UTC,2026-05-19 13:57:51 UTC,2026-05-19 13:57:01 UTC,2026-05-19 13:56:22 UTC,2026-05-19 13:55:13 UTC,2026-05-19 13:55:05 UTC,2026-05-19 14:01:56 UTC,2026-05-19 14:01:48 UTC,2026-05-19 14:01:44 UTC,2026-05-19 14:01:41 UTC,NA,2026-05-19 14:01:10 UTC,2026-05-19 14:00:41 UTC,2026-05-19 14:00:47 UTC,2026-05-19 14:00:16 UTC,2026-05-19 14:00:11 UTC,2026-05-19 13:59:21 UTC,2026-05-19 13:58:31 UTC,2026-05-19 13:57:52 UTC,2026-05-19 13:57:05 UTC,2026-05-19 13:56:24 UTC,2026-05-19 13:55:42 UTC,2026-05-19 13:55:16 UTC,2026-05-19 13:54:55 UTC,2026-05-19 13:54:27 UTC,2026-05-19 13:53:52 UTC,2026-05-19 13:52:49 UTC,2026-05-19 14:02:00 UTC,2026-05-19 14:02:00 UTC,2026-05-19 14:01:11 UTC,2026-05-19 13:59:36 UTC,end_normal
7733b57cdbf01e5c75b4711bd86b75d1,2026-05-14 17:09:01 UTC,2026-05-14 17:15:07 UTC,2026-05-14 17:09:19 UTC,1,2,3,2,2,NA,1,2,3,2,2,NA,option_2,option_1,option_1,option_2,option_1,7,sf,NA,3,3,2,sjaelland,mellemlang_videre,1967,Kvinde,1727,NA,2026-05-14 17:10:21 UTC,2026-05-14 17:10:10 UTC,2026-05-14 17:10:03 UTC,2026-05-14 17:09:40 UTC,2026-05-14 17:09:36 UTC,2026-05-14 17:09:31 UTC,NA,2026-05-14 17:12:49 UTC,2026-05-14 17:12:30 UTC,2026-05-14 17:12:09 UTC,2026-05-14 17:11:40 UTC,2026-05-14 17:11:16 UTC,2026-05-14 17:10:34 UTC,2026-05-14 17:10:29 UTC,2026-05-14 17:14:09 UTC,2026-05-14 17:14:07 UTC,2026-05-14 17:14:05 UTC,2026-05-14 17:14:03 UTC,NA,2026-05-14 17:13:39 UTC,2026-05-14 17:13:34 UTC,2026-05-14 17:13:32 UTC,2026-05-14 17:13:27 UTC,2026-05-14 17:13:21 UTC,2026-05-14 17:12:51 UTC,2026-05-14 17:12:32 UTC,2026-05-14 17:12:10 UTC,2026-05-14 17:11:41 UTC,2026-05-14 17:11:18 UTC,2026-05-14 17:10:53 UTC,2026-05-14 17:10:36 UTC,2026-05-14 17:10:22 UTC,2026-05-14 17:09:41 UTC,2026-05-14 17:09:15 UTC,2026-05-14 17:09:01 UTC,2026-05-14 17:14:11 UTC,2026-05-14 17:14:12 UTC,2026-05-14 17:13:40 UTC,2026-05-14 17:13:01 UTC,end_normal
775621ff4f2a182b325842800b77cba7,2026-06-15 15:00:35 UTC,2026-06-15 15:10:08 UTC,2026-06-15 15:00:48 UTC,NA,NA,NA,NA,NA,NA,NA,NA,NA,NA,NA,NA,NA,NA,NA,NA,NA,NA,NA,NA,NA,NA,2,syddanmark,mellemlang_videre,1952,Kvinde,196,NA,NA,NA,2026-06-15 15:01:22 UTC,2026-06-15 15:01:09 UTC,2026-06-15 15:01:05 UTC,2026-06-15 15:00:58 UTC,NA,NA,NA,NA,NA,NA,NA,NA,NA,NA,NA,NA,NA,NA,NA,NA,NA,NA,NA,NA,NA,NA,NA,NA,NA,NA,2026-06-15 15:01:10 UTC,2026-06-15 15:00:45 UTC,2026-06-15 15:00:35 UTC,NA,NA,NA,NA,issue_positions
775d16a4e505aa175c43a7f8bc154ab2,2026-05-13 17:19:36 UTC,2026-05-13 17:25:47 UTC,2026-05-13 17:19:49 UTC,1,4,5,4,4,NA,1,4,5,5,3,NA,option_1,option_1,option_1,option_2,option_1,7,venstre,NA,1,NA,1,syddanmark,lang_videre,1979,Kvinde,928,NA,2026-05-13 17:20:20 UTC,NA,2026-05-13 17:20:11 UTC,2026-05-13 17:20:04 UTC,2026-05-13 17:19:58 UTC,2026-05-13 17:19:55 UTC,NA,2026-05-13 17:23:52 UTC,2026-05-13 17:23:23 UTC,2026-05-13 17:22:37 UTC,2026-05-13 17:22:12 UTC,2026-05-13 17:21:23 UTC,2026-05-13 17:20:49 UTC,2026-05-13 17:20:44 UTC,2026-05-13 17:25:13 UTC,2026-05-13 17:25:10 UTC,2026-05-13 17:25:08 UTC,2026-05-13 17:25:04 UTC,NA,2026-05-13 17:24:46 UTC,2026-05-13 17:24:43 UTC,2026-05-13 17:24:35 UTC,2026-05-13 17:24:24 UTC,2026-05-13 17:24:14 UTC,2026-05-13 17:23:54 UTC,2026-05-13 17:23:31 UTC,2026-05-13 17:22:40 UTC,2026-05-13 17:22:16 UTC,2026-05-13 17:21:27 UTC,2026-05-13 17:20:54 UTC,2026-05-13 17:20:52 UTC,2026-05-13 17:20:28 UTC,2026-05-13 17:20:05 UTC,2026-05-13 17:19:45 UTC,2026-05-13 17:19:36 UTC,2026-05-13 17:25:26 UTC,2026-05-13 17:25:26 UTC,2026-05-13 17:24:48 UTC,2026-05-13 17:23:58 UTC,end_normal
779965b4bffd72324771007223002538,2026-06-20 17:59:08 UTC,2026-06-20 18:03:51 UTC,2026-06-20 17:59:19 UTC,1,1,1,1,1,NA,1,1,1,1,1,NA,option_2,option_1,option_2,option_1,option_1,0,stemte_ikke,NA,1,NA,1,midtjylland,lang_videre,1996,Mand,1510,NA,2026-06-20 17:59:57 UTC,NA,2026-06-20 17:59:45 UTC,2026-06-20 17:59:34 UTC,2026-06-20 17:59:29 UTC,2026-06-20 17:59:23 UTC,NA,2026-06-20 18:01:43 UTC,2026-06-20 18:01:31 UTC,2026-06-20 18:01:25 UTC,2026-06-20 18:01:08 UTC,2026-06-20 18:00:51 UTC,2026-06-20 18:00:13 UTC,2026-06-20 18:00:09 UTC,2026-06-20 18:02:42 UTC,2026-06-20 18:02:42 UTC,2026-06-20 18:02:41 UTC,2026-06-20 18:02:41 UTC,NA,2026-06-20 18:02:22 UTC,2026-06-20 18:02:19 UTC,2026-06-20 18:02:17 UTC,2026-06-20 18:02:16 UTC,2026-06-20 18:02:10 UTC,2026-06-20 18:01:44 UTC,2026-06-20 18:01:36 UTC,2026-06-20 18:01:26 UTC,2026-06-20 18:01:09 UTC,2026-06-20 18:00:51 UTC,2026-06-20 18:00:23 UTC,2026-06-20 18:00:16 UTC,2026-06-20 17:59:59 UTC,2026-06-20 17:59:35 UTC,2026-06-20 17:59:16 UTC,2026-06-20 17:59:08 UTC,2026-06-20 18:02:43 UTC,2026-06-20 18:02:45 UTC,2026-06-20 18:02:28 UTC,2026-06-20 18:01:49 UTC,end_normal
77d462c2fbec5b7a59b2336b1d8a8be4,2026-06-18 18:18:57 UTC,2026-06-18 18:29:13 UTC,2026-06-18 18:19:25 UTC,4,4,4,4,3,NA,1,1,1,3,1,NA,option_1,option_2,option_1,option_1,option_2,8,socialdemokratiet,3,2,1,2,sjaelland,mellemlang_videre,1948,Mand,282,2026-06-18 18:21:07 UTC,2026-06-18 18:21:01 UTC,2026-06-18 18:20:49 UTC,2026-06-18 18:20:35 UTC,2026-06-18 18:19:46 UTC,2026-06-18 18:19:41 UTC,2026-06-18 18:19:33 UTC,NA,2026-06-18 18:25:40 UTC,2026-06-18 18:25:01 UTC,2026-06-18 18:24:26 UTC,2026-06-18 18:23:40 UTC,2026-06-18 18:23:02 UTC,2026-06-18 18:21:29 UTC,2026-06-18 18:21:19 UTC,2026-06-18 18:28:35 UTC,2026-06-18 18:28:21 UTC,2026-06-18 18:28:07 UTC,2026-06-18 18:27:49 UTC,NA,2026-06-18 18:26:55 UTC,2026-06-18 18:26:52 UTC,2026-06-18 18:27:09 UTC,2026-06-18 18:27:06 UTC,2026-06-18 18:26:33 UTC,2026-06-18 18:25:41 UTC,2026-06-18 18:25:09 UTC,2026-06-18 18:24:27 UTC,2026-06-18 18:23:41 UTC,2026-06-18 18:23:03 UTC,2026-06-18 18:21:54 UTC,2026-06-18 18:21:30 UTC,2026-06-18 18:21:08 UTC,2026-06-18 18:19:47 UTC,2026-06-18 18:19:20 UTC,2026-06-18 18:18:57 UTC,2026-06-18 18:28:38 UTC,2026-06-18 18:28:41 UTC,2026-06-18 18:27:13 UTC,2026-06-18 18:25:53 UTC,end_normal
77d51016f81623566fa01bbc9217ad7c,2026-05-20 11:19:13 UTC,2026-05-20 11:24:44 UTC,2026-05-20 11:19:34 UTC,1,1,2,1,1,NA,2,1,2,2,1,NA,option_2,option_2,option_2,option_1,option_1,3,venstre,3,2,NA,1,sjaelland,kort_videre,2006,Kvinde,1666,2026-05-20 11:20:35 UTC,2026-05-20 11:20:22 UTC,NA,2026-05-20 11:20:10 UTC,2026-05-20 11:19:57 UTC,2026-05-20 11:19:47 UTC,2026-05-20 11:19:37 UTC,NA,2026-05-20 11:23:02 UTC,2026-05-20 11:22:43 UTC,2026-05-20 11:22:20 UTC,2026-05-20 11:22:02 UTC,2026-05-20 11:21:28 UTC,2026-05-20 11:20:52 UTC,2026-05-20 11:20:48 UTC,2026-05-20 11:24:18 UTC,2026-05-20 11:24:16 UTC,2026-05-20 11:24:12 UTC,2026-05-20 11:24:11 UTC,NA,2026-05-20 11:23:47 UTC,2026-05-20 11:23:43 UTC,2026-05-20 11:23:38 UTC,2026-05-20 11:23:39 UTC,2026-05-20 11:23:33 UTC,2026-05-20 11:23:03 UTC,2026-05-20 11:22:44 UTC,2026-05-20 11:22:20 UTC,2026-05-20 11:22:02 UTC,2026-05-20 11:21:31 UTC,2026-05-20 11:21:00 UTC,2026-05-20 11:20:52 UTC,2026-05-20 11:20:39 UTC,2026-05-20 11:19:57 UTC,2026-05-20 11:19:27 UTC,2026-05-20 11:19:13 UTC,2026-05-20 11:24:19 UTC,2026-05-20 11:24:20 UTC,2026-05-20 11:23:58 UTC,2026-05-20 11:23:15 UTC,end_normal
7852c65453d96ecc5a93afb0f4b70187,2026-05-13 17:04:52 UTC,2026-05-13 17:10:21 UTC,2026-05-13 17:05:04 UTC,3,3,3,3,3,NA,1,3,3,3,3,NA,option_1,option_1,option_2,option_1,option_2,2,borgernes_parti,NA,1,NA,1,midtjylland,kort_videre,1959,Mand,1221,NA,2026-05-13 17:05:45 UTC,NA,2026-05-13 17:05:32 UTC,2026-05-13 17:05:19 UTC,2026-05-13 17:05:15 UTC,2026-05-13 17:05:11 UTC,NA,2026-05-13 17:08:34 UTC,2026-05-13 17:08:16 UTC,2026-05-13 17:07:56 UTC,2026-05-13 17:07:27 UTC,2026-05-13 17:06:57 UTC,2026-05-13 17:06:02 UTC,2026-05-13 17:05:56 UTC,2026-05-13 17:09:52 UTC,2026-05-13 17:09:49 UTC,2026-05-13 17:09:46 UTC,2026-05-13 17:09:45 UTC,NA,2026-05-13 17:09:27 UTC,2026-05-13 17:09:16 UTC,2026-05-13 17:09:13 UTC,2026-05-13 17:09:10 UTC,2026-05-13 17:09:07 UTC,2026-05-13 17:08:35 UTC,2026-05-13 17:08:17 UTC,2026-05-13 17:07:57 UTC,2026-05-13 17:07:28 UTC,2026-05-13 17:06:58 UTC,2026-05-13 17:06:14 UTC,2026-05-13 17:06:05 UTC,2026-05-13 17:05:46 UTC,2026-05-13 17:05:21 UTC,2026-05-13 17:04:59 UTC,2026-05-13 17:04:52 UTC,2026-05-13 17:09:56 UTC,2026-05-13 17:09:59 UTC,2026-05-13 17:09:30 UTC,2026-05-13 17:08:42 UTC,end_normal
78cd588aca3edb942bbd3ebe414c1b9f,2026-05-23 16:35:51 UTC,2026-05-23 16:38:40 UTC,2026-05-23 16:36:01 UTC,NA,NA,NA,NA,NA,NA,NA,NA,NA,NA,NA,NA,NA,NA,NA,NA,option_1,2,konservative,1,2,NA,1,midtjylland,lang_videre,1962,Kvinde,1370,2026-05-23 16:36:58 UTC,2026-05-23 16:36:41 UTC,NA,2026-05-23 16:36:36 UTC,2026-05-23 16:36:17 UTC,2026-05-23 16:36:15 UTC,2026-05-23 16:36:09 UTC,NA,NA,NA,NA,NA,2026-05-23 16:37:49 UTC,2026-05-23 16:37:11 UTC,2026-05-23 16:37:06 UTC,NA,NA,NA,NA,NA,NA,NA,NA,NA,NA,NA,NA,NA,NA,2026-05-23 16:37:50 UTC,2026-05-23 16:37:22 UTC,2026-05-23 16:37:12 UTC,2026-05-23 16:37:01 UTC,2026-05-23 16:36:21 UTC,2026-05-23 16:35:57 UTC,2026-05-23 16:35:51 UTC,NA,NA,NA,NA,cbc_q2_page
7961076bd824bcf5245ac939471ec12c,2026-05-18 07:25:03 UTC,2026-05-18 07:25:32 UTC,NA,NA,NA,NA,NA,NA,NA,NA,NA,NA,NA,NA,NA,NA,NA,NA,NA,NA,NA,NA,NA,NA,NA,NA,NA,NA,NA,NA,688,NA,NA,NA,NA,NA,NA,NA,NA,NA,NA,NA,NA,NA,NA,NA,NA,NA,NA,NA,NA,NA,NA,NA,NA,NA,NA,NA,NA,NA,NA,NA,NA,NA,NA,2026-05-18 07:25:11 UTC,2026-05-18 07:25:03 UTC,NA,NA,NA,NA,Background
797d0c9bf2af097d7aa5314ee368f36f,2026-05-20 15:12:41 UTC,2026-05-20 15:23:13 UTC,2026-05-20 15:12:58 UTC,3,4,3,3,4,NA,3,4,3,3,4,NA,option_2,option_1,option_1,option_1,option_2,4,socialdemokratiet,NA,1,1,2,sjaelland,erhvervsuddannelse,1962,Mand,824,NA,2026-05-20 15:14:28 UTC,2026-05-20 15:14:17 UTC,2026-05-20 15:14:03 UTC,2026-05-20 15:13:21 UTC,2026-05-20 15:13:16 UTC,2026-05-20 15:13:13 UTC,NA,2026-05-20 15:18:56 UTC,2026-05-20 15:18:31 UTC,2026-05-20 15:18:07 UTC,2026-05-20 15:16:45 UTC,2026-05-20 15:16:06 UTC,2026-05-20 15:14:48 UTC,2026-05-20 15:14:40 UTC,2026-05-20 15:22:33 UTC,2026-05-20 15:22:29 UTC,2026-05-20 15:22:25 UTC,2026-05-20 15:22:21 UTC,NA,2026-05-20 15:22:06 UTC,2026-05-20 15:21:58 UTC,2026-05-20 15:21:08 UTC,2026-05-20 15:21:08 UTC,2026-05-20 15:20:32 UTC,2026-05-20 15:18:58 UTC,2026-05-20 15:18:35 UTC,2026-05-20 15:18:09 UTC,2026-05-20 15:16:48 UTC,2026-05-20 15:16:10 UTC,2026-05-20 15:15:05 UTC,2026-05-20 15:14:50 UTC,2026-05-20 15:14:29 UTC,2026-05-20 15:13:22 UTC,2026-05-20 15:12:51 UTC,2026-05-20 15:12:41 UTC,2026-05-20 15:22:37 UTC,2026-05-20 15:22:38 UTC,2026-05-20 15:22:07 UTC,2026-05-20 15:19:09 UTC,end_normal
798d114fc93457bf213aaeb5c76b4174,2026-05-17 18:30:37 UTC,2026-05-17 18:36:49 UTC,2026-05-17 18:30:49 UTC,1,1,1,1,1,NA,1,3,3,3,3,NA,option_1,option_1,option_1,option_1,option_2,0,alternativet,NA,3,NA,3,sjaelland,mellemlang_videre,1981,Kvinde,707,NA,2026-05-17 18:31:23 UTC,NA,2026-05-17 18:31:11 UTC,2026-05-17 18:31:00 UTC,2026-05-17 18:30:56 UTC,2026-05-17 18:30:53 UTC,NA,2026-05-17 18:35:02 UTC,2026-05-17 18:34:43 UTC,2026-05-17 18:34:26 UTC,2026-05-17 18:34:09 UTC,2026-05-17 18:33:53 UTC,2026-05-17 18:31:45 UTC,2026-05-17 18:31:35 UTC,2026-05-17 18:36:14 UTC,2026-05-17 18:36:14 UTC,2026-05-17 18:36:13 UTC,2026-05-17 18:36:12 UTC,NA,2026-05-17 18:35:42 UTC,2026-05-17 18:35:38 UTC,2026-05-17 18:35:36 UTC,2026-05-17 18:35:31 UTC,2026-05-17 18:35:34 UTC,2026-05-17 18:35:04 UTC,2026-05-17 18:34:43 UTC,2026-05-17 18:34:28 UTC,2026-05-17 18:34:11 UTC,2026-05-17 18:33:53 UTC,2026-05-17 18:31:49 UTC,2026-05-17 18:31:45 UTC,2026-05-17 18:31:23 UTC,2026-05-17 18:31:00 UTC,NA,2026-05-17 18:30:37 UTC,2026-05-17 18:36:17 UTC,2026-05-17 18:36:17 UTC,2026-05-17 18:35:56 UTC,2026-05-17 18:35:07 UTC,end_normal
7ab0cee8cf1bd074f7207176d87fd8ae,2026-05-20 18:35:35 UTC,2026-05-20 18:42:21 UTC,2026-05-20 18:36:10 UTC,2,3,4,4,4,NA,2,4,4,3,4,NA,option_2,option_2,option_1,option_2,option_2,8,socialdemokratiet,3,2,1,2,sjaelland,mellemlang_videre,1967,Kvinde,1307,2026-05-20 18:37:19 UTC,2026-05-20 18:37:15 UTC,2026-05-20 18:37:03 UTC,2026-05-20 18:36:36 UTC,2026-05-20 18:36:26 UTC,2026-05-20 18:36:23 UTC,2026-05-20 18:36:16 UTC,NA,2026-05-20 18:39:45 UTC,2026-05-20 18:39:30 UTC,2026-05-20 18:39:00 UTC,2026-05-20 18:38:42 UTC,2026-05-20 18:38:13 UTC,2026-05-20 18:37:32 UTC,2026-05-20 18:37:25 UTC,2026-05-20 18:41:48 UTC,2026-05-20 18:41:43 UTC,2026-05-20 18:41:39 UTC,2026-05-20 18:41:37 UTC,NA,2026-05-20 18:41:04 UTC,2026-05-20 18:40:56 UTC,2026-05-20 18:40:57 UTC,2026-05-20 18:40:48 UTC,2026-05-20 18:40:43 UTC,2026-05-20 18:39:47 UTC,2026-05-20 18:39:33 UTC,2026-05-20 18:39:03 UTC,2026-05-20 18:38:46 UTC,2026-05-20 18:38:15 UTC,2026-05-20 18:37:44 UTC,2026-05-20 18:37:34 UTC,2026-05-20 18:37:21 UTC,2026-05-20 18:36:28 UTC,2026-05-20 18:36:06 UTC,2026-05-20 18:35:35 UTC,2026-05-20 18:41:50 UTC,2026-05-20 18:41:50 UTC,2026-05-20 18:41:07 UTC,2026-05-20 18:40:06 UTC,end_normal
7b2c503f11705609f72767de04268e42,2026-05-23 18:32:48 UTC,2026-05-23 18:42:32 UTC,2026-05-23 18:33:10 UTC,1,1,1,2,1,NA,4,3,3,4,4,NA,option_2,option_1,option_2,option_1,option_1,4,enhedslisten,NA,3,NA,3,midtjylland,mellemlang_videre,2004,Mand,1488,NA,2026-05-23 18:33:41 UTC,NA,2026-05-23 18:33:31 UTC,2026-05-23 18:33:25 UTC,2026-05-23 18:33:18 UTC,2026-05-23 18:33:12 UTC,NA,2026-05-23 18:40:17 UTC,2026-05-23 18:39:56 UTC,2026-05-23 18:39:37 UTC,2026-05-23 18:39:20 UTC,2026-05-23 18:38:42 UTC,2026-05-23 18:35:07 UTC,2026-05-23 18:35:03 UTC,2026-05-23 18:41:58 UTC,2026-05-23 18:41:55 UTC,2026-05-23 18:41:56 UTC,2026-05-23 18:41:47 UTC,NA,2026-05-23 18:40:56 UTC,2026-05-23 18:40:54 UTC,2026-05-23 18:40:47 UTC,2026-05-23 18:40:44 UTC,2026-05-23 18:40:38 UTC,2026-05-23 18:40:19 UTC,2026-05-23 18:39:59 UTC,2026-05-23 18:39:39 UTC,2026-05-23 18:39:21 UTC,2026-05-23 18:38:45 UTC,2026-05-23 18:35:16 UTC,2026-05-23 18:35:08 UTC,2026-05-23 18:34:34 UTC,2026-05-23 18:33:26 UTC,2026-05-23 18:33:06 UTC,2026-05-23 18:32:48 UTC,2026-05-23 18:42:01 UTC,2026-05-23 18:42:03 UTC,2026-05-23 18:40:58 UTC,2026-05-23 18:40:26 UTC,end_normal
7b470d8cc51d4a26bb8782980e17b832,2026-05-23 11:35:40 UTC,2026-05-23 11:38:18 UTC,2026-05-23 11:35:58 UTC,NA,NA,NA,NA,NA,NA,NA,NA,NA,NA,NA,NA,NA,NA,NA,NA,NA,NA,NA,NA,NA,NA,NA,NA,NA,1999,Kvinde,1271,NA,NA,NA,NA,NA,NA,2026-05-23 11:36:04 UTC,NA,NA,NA,NA,NA,NA,NA,NA,NA,NA,NA,NA,NA,NA,NA,NA,NA,NA,NA,NA,NA,NA,NA,NA,NA,NA,NA,2026-05-23 11:35:48 UTC,2026-05-23 11:35:40 UTC,NA,NA,NA,NA,Background
7b6f69c69d5ee993e4ba6f89b44b93d1,2026-06-19 19:25:15 UTC,2026-06-19 19:31:11 UTC,2026-06-19 19:25:35 UTC,2,3,3,3,3,NA,2,4,3,3,3,NA,option_2,NA,option_1,option_1,option_1,4,liberal_alliance,NA,1,NA,1,midtjylland,lang_videre,1976,Mand,1108,NA,2026-06-19 19:26:10 UTC,NA,2026-06-19 19:26:00 UTC,2026-06-19 19:25:50 UTC,2026-06-19 19:25:46 UTC,2026-06-19 19:25:39 UTC,NA,2026-06-19 19:29:07 UTC,NA,2026-06-19 19:28:06 UTC,2026-06-19 19:27:42 UTC,2026-06-19 19:27:22 UTC,2026-06-19 19:26:31 UTC,2026-06-19 19:26:21 UTC,2026-06-19 19:30:27 UTC,2026-06-19 19:30:26 UTC,2026-06-19 19:30:25 UTC,2026-06-19 19:30:24 UTC,NA,2026-06-19 19:30:08 UTC,2026-06-19 19:30:03 UTC,2026-06-19 19:29:55 UTC,2026-06-19 19:29:54 UTC,2026-06-19 19:29:54 UTC,2026-06-19 19:29:08 UTC,2026-06-19 19:28:23 UTC,2026-06-19 19:28:07 UTC,2026-06-19 19:27:42 UTC,2026-06-19 19:27:24 UTC,2026-06-19 19:26:40 UTC,2026-06-19 19:26:33 UTC,2026-06-19 19:26:12 UTC,2026-06-19 19:25:52 UTC,2026-06-19 19:25:27 UTC,2026-06-19 19:25:15 UTC,2026-06-19 19:30:32 UTC,2026-06-19 19:30:32 UTC,2026-06-19 19:30:08 UTC,NA,end_normal
7b8d4bd64e31031e167e4dbff9419b28,2026-06-21 06:59:38 UTC,2026-06-21 07:01:46 UTC,2026-06-21 06:59:49 UTC,NA,NA,NA,NA,NA,NA,NA,NA,NA,NA,NA,NA,NA,NA,NA,option_2,option_2,9,enhedslisten,NA,3,3,2,sjaelland,mellemlang_videre,2002,Kvinde,1041,NA,2026-06-21 07:00:34 UTC,2026-06-21 07:00:27 UTC,2026-06-21 07:00:20 UTC,2026-06-21 07:00:06 UTC,2026-06-21 07:00:02 UTC,2026-06-21 06:59:52 UTC,NA,NA,NA,NA,2026-06-21 07:01:20 UTC,2026-06-21 07:01:13 UTC,2026-06-21 07:00:48 UTC,2026-06-21 07:00:42 UTC,NA,NA,NA,NA,NA,NA,NA,NA,NA,NA,NA,NA,NA,2026-06-21 07:01:27 UTC,2026-06-21 07:01:17 UTC,2026-06-21 07:00:52 UTC,2026-06-21 07:00:50 UTC,2026-06-21 07:00:36 UTC,2026-06-21 07:00:09 UTC,2026-06-21 06:59:45 UTC,2026-06-21 06:59:38 UTC,NA,NA,NA,NA,cbc_q3_page
7b9b474539d15027fe83c97fc824f49c,2026-05-19 16:47:15 UTC,2026-05-19 16:54:05 UTC,2026-05-19 16:47:27 UTC,3,3,3,3,2,NA,3,2,3,3,2,NA,option_1,option_2,option_2,option_2,option_2,8,enhedslisten,NA,3,NA,3,hovedstaden,lang_videre,1989,Mand,1395,NA,2026-05-19 16:47:57 UTC,NA,2026-05-19 16:47:49 UTC,2026-05-19 16:47:37 UTC,2026-05-19 16:47:35 UTC,2026-05-19 16:47:31 UTC,NA,2026-05-19 16:49:51 UTC,2026-05-19 16:49:41 UTC,2026-05-19 16:49:21 UTC,2026-05-19 16:49:03 UTC,2026-05-19 16:48:40 UTC,2026-05-19 16:48:09 UTC,2026-05-19 16:48:05 UTC,2026-05-19 16:51:18 UTC,2026-05-19 16:51:15 UTC,2026-05-19 16:51:14 UTC,2026-05-19 16:51:11 UTC,NA,2026-05-19 16:50:50 UTC,2026-05-19 16:50:49 UTC,2026-05-19 16:50:42 UTC,2026-05-19 16:50:47 UTC,2026-05-19 16:50:24 UTC,2026-05-19 16:49:56 UTC,2026-05-19 16:49:45 UTC,2026-05-19 16:49:30 UTC,2026-05-19 16:49:06 UTC,2026-05-19 16:48:42 UTC,2026-05-19 16:48:22 UTC,2026-05-19 16:48:15 UTC,2026-05-19 16:48:01 UTC,2026-05-19 16:47:44 UTC,2026-05-19 16:47:23 UTC,2026-05-19 16:47:15 UTC,2026-05-19 16:51:23 UTC,2026-05-19 16:51:25 UTC,2026-05-19 16:50:54 UTC,2026-05-19 16:49:57 UTC,end_normal
7bae2ed87caacbbb119d5ce593c58e0b,2026-05-13 10:26:37 UTC,2026-05-13 10:32:49 UTC,2026-05-13 10:26:59 UTC,1,1,1,1,2,NA,1,1,2,3,2,NA,option_2,option_2,option_2,option_1,option_2,4,socialdemokratiet,1,2,1,2,nordjylland,anden,1977,Mand,758,2026-05-13 10:28:12 UTC,2026-05-13 10:28:08 UTC,2026-05-13 10:27:50 UTC,2026-05-13 10:27:41 UTC,2026-05-13 10:27:29 UTC,2026-05-13 10:27:25 UTC,2026-05-13 10:27:07 UTC,NA,2026-05-13 10:30:41 UTC,2026-05-13 10:30:12 UTC,2026-05-13 10:29:52 UTC,2026-05-13 10:29:38 UTC,2026-05-13 10:29:12 UTC,2026-05-13 10:28:28 UTC,2026-05-13 10:28:20 UTC,2026-05-13 10:32:24 UTC,2026-05-13 10:32:22 UTC,2026-05-13 10:32:18 UTC,2026-05-13 10:32:15 UTC,NA,2026-05-13 10:31:56 UTC,2026-05-13 10:31:55 UTC,2026-05-13 10:31:51 UTC,2026-05-13 10:31:46 UTC,2026-05-13 10:31:35 UTC,2026-05-13 10:30:42 UTC,2026-05-13 10:30:13 UTC,2026-05-13 10:29:53 UTC,2026-05-13 10:29:38 UTC,2026-05-13 10:29:14 UTC,2026-05-13 10:28:42 UTC,2026-05-13 10:28:30 UTC,2026-05-13 10:28:13 UTC,2026-05-13 10:27:31 UTC,2026-05-13 10:26:55 UTC,2026-05-13 10:26:37 UTC,2026-05-13 10:32:26 UTC,2026-05-13 10:32:28 UTC,2026-05-13 10:31:58 UTC,2026-05-13 10:30:52 UTC,end_normal
7beefd3347107ccc41d919d79daa42b3,2026-06-02 16:52:21 UTC,2026-06-02 16:56:06 UTC,2026-06-02 16:52:35 UTC,NA,NA,NA,NA,NA,NA,NA,NA,NA,NA,NA,NA,NA,NA,NA,NA,NA,6,socialdemokratiet,NA,3,NA,1,syddanmark,mellemlang_videre,1961,Mand,643,NA,2026-06-02 16:54:00 UTC,NA,2026-06-02 16:53:45 UTC,2026-06-02 16:53:18 UTC,2026-06-02 16:52:54 UTC,2026-06-02 16:52:42 UTC,NA,NA,NA,NA,NA,NA,2026-06-02 16:54:28 UTC,2026-06-02 16:54:23 UTC,NA,NA,NA,NA,NA,NA,NA,NA,NA,NA,NA,NA,NA,NA,NA,2026-06-02 16:54:51 UTC,2026-06-02 16:54:47 UTC,2026-06-02 16:54:03 UTC,2026-06-02 16:53:29 UTC,2026-06-02 16:52:30 UTC,2026-06-02 16:52:21 UTC,NA,NA,NA,NA,cbc_q1_page
7bf48ee983d1cda4faa240df0fcd24e3,2026-05-23 15:11:41 UTC,2026-05-23 15:14:05 UTC,2026-05-23 15:12:07 UTC,NA,NA,NA,NA,NA,NA,NA,NA,NA,NA,NA,NA,NA,NA,NA,NA,NA,NA,NA,NA,NA,NA,NA,midtjylland,erhvervsuddannelse,1954,Kvinde,836,NA,NA,NA,NA,2026-05-23 15:12:37 UTC,2026-05-23 15:12:25 UTC,2026-05-23 15:12:19 UTC,NA,NA,NA,NA,NA,NA,NA,NA,NA,NA,NA,NA,NA,NA,NA,NA,NA,NA,NA,NA,NA,NA,NA,NA,NA,NA,NA,2026-05-23 15:12:01 UTC,2026-05-23 15:11:41 UTC,NA,NA,NA,NA,Background
7c314223d5f8a906318f90347e5d6fad,2026-05-25 16:17:19 UTC,2026-05-25 16:27:26 UTC,2026-05-25 16:17:30 UTC,1,4,3,3,3,NA,1,2,2,3,2,NA,option_1,option_2,option_2,option_2,option_2,5,enhedslisten,3,2,NA,3,midtjylland,mellemlang_videre,1976,Onsker_ikke,1284,2026-05-25 16:18:31 UTC,2026-05-25 16:18:08 UTC,NA,2026-05-25 16:18:00 UTC,2026-05-25 16:17:49 UTC,2026-05-25 16:17:46 UTC,2026-05-25 16:17:36 UTC,NA,2026-05-25 16:21:00 UTC,2026-05-25 16:20:40 UTC,2026-05-25 16:20:06 UTC,2026-05-25 16:19:45 UTC,2026-05-25 16:19:23 UTC,2026-05-25 16:18:45 UTC,2026-05-25 16:18:39 UTC,2026-05-25 16:22:17 UTC,2026-05-25 16:22:11 UTC,2026-05-25 16:22:09 UTC,2026-05-25 16:22:06 UTC,NA,2026-05-25 16:21:46 UTC,2026-05-25 16:21:43 UTC,2026-05-25 16:21:41 UTC,2026-05-25 16:21:36 UTC,2026-05-25 16:21:35 UTC,2026-05-25 16:21:02 UTC,2026-05-25 16:20:44 UTC,2026-05-25 16:20:07 UTC,2026-05-25 16:19:47 UTC,2026-05-25 16:19:24 UTC,2026-05-25 16:18:52 UTC,2026-05-25 16:18:45 UTC,2026-05-25 16:18:33 UTC,2026-05-25 16:17:50 UTC,2026-05-25 16:17:26 UTC,2026-05-25 16:17:19 UTC,2026-05-25 16:22:19 UTC,2026-05-25 16:22:20 UTC,2026-05-25 16:21:48 UTC,2026-05-25 16:21:11 UTC,end_normal
7c64c533ceaf457c426ec974751e20aa,2026-05-14 09:25:37 UTC,2026-05-14 09:33:47 UTC,2026-05-14 09:25:55 UTC,1,1,1,2,1,NA,4,4,4,5,4,NA,option_1,option_1,option_1,option_1,option_1,5,liberal_alliance,1,2,NA,1,nordjylland,mellemlang_videre,1946,Mand,670,2026-05-14 09:27:19 UTC,2026-05-14 09:27:05 UTC,NA,2026-05-14 09:26:48 UTC,2026-05-14 09:26:15 UTC,2026-05-14 09:26:11 UTC,2026-05-14 09:26:31 UTC,NA,2026-05-14 09:30:54 UTC,2026-05-14 09:30:13 UTC,2026-05-14 09:29:40 UTC,2026-05-14 09:29:00 UTC,2026-05-14 09:28:27 UTC,2026-05-14 09:27:43 UTC,2026-05-14 09:27:30 UTC,2026-05-14 09:33:19 UTC,2026-05-14 09:33:14 UTC,2026-05-14 09:33:08 UTC,2026-05-14 09:32:58 UTC,NA,2026-05-14 09:32:33 UTC,2026-05-14 09:32:18 UTC,2026-05-14 09:32:06 UTC,2026-05-14 09:32:01 UTC,2026-05-14 09:31:42 UTC,2026-05-14 09:30:55 UTC,2026-05-14 09:30:20 UTC,2026-05-14 09:29:42 UTC,2026-05-14 09:29:05 UTC,2026-05-14 09:28:30 UTC,2026-05-14 09:28:05 UTC,2026-05-14 09:27:45 UTC,2026-05-14 09:27:20 UTC,2026-05-14 09:26:35 UTC,2026-05-14 09:25:51 UTC,2026-05-14 09:25:37 UTC,2026-05-14 09:33:23 UTC,2026-05-14 09:33:24 UTC,2026-05-14 09:32:35 UTC,2026-05-14 09:31:10 UTC,end_normal
7c6f5657f2b8ce96eac2aee3eda458fb,2026-05-14 14:48:23 UTC,2026-05-14 14:51:23 UTC,2026-05-14 14:48:36 UTC,NA,NA,NA,NA,NA,NA,NA,NA,NA,NA,NA,NA,NA,NA,NA,NA,NA,4,konservative,3,2,1,2,midtjylland,kort_videre,1961,Kvinde,1585,2026-05-14 14:49:56 UTC,2026-05-14 14:49:42 UTC,2026-05-14 14:49:24 UTC,2026-05-14 14:49:12 UTC,2026-05-14 14:48:59 UTC,2026-05-14 14:48:55 UTC,2026-05-14 14:48:48 UTC,NA,NA,NA,NA,NA,NA,2026-05-14 14:50:10 UTC,2026-05-14 14:50:03 UTC,NA,NA,NA,NA,NA,NA,NA,NA,NA,NA,NA,NA,NA,NA,NA,2026-05-14 14:50:19 UTC,2026-05-14 14:50:12 UTC,2026-05-14 14:49:57 UTC,2026-05-14 14:49:00 UTC,2026-05-14 14:48:32 UTC,2026-05-14 14:48:23 UTC,NA,NA,NA,NA,cbc_q1_page
7cbcd8e943f52768e602b42c080312ef,2026-06-19 21:36:03 UTC,2026-06-19 21:47:10 UTC,2026-06-19 21:36:36 UTC,1,1,1,1,1,NA,3,4,3,3,3,NA,option_1,option_1,option_1,option_2,option_1,2,venstre,1,2,1,2,syddanmark,kort_videre,1958,Kvinde,900,2026-06-19 21:38:10 UTC,2026-06-19 21:38:02 UTC,2026-06-19 21:37:44 UTC,2026-06-19 21:37:31 UTC,2026-06-19 21:37:00 UTC,2026-06-19 21:36:50 UTC,2026-06-19 21:36:44 UTC,NA,2026-06-19 21:40:58 UTC,2026-06-19 21:40:34 UTC,2026-06-19 21:40:14 UTC,2026-06-19 21:39:48 UTC,2026-06-19 21:39:24 UTC,2026-06-19 21:38:26 UTC,2026-06-19 21:38:19 UTC,2026-06-19 21:42:30 UTC,2026-06-19 21:42:27 UTC,2026-06-19 21:42:24 UTC,2026-06-19 21:42:18 UTC,NA,2026-06-19 21:41:50 UTC,2026-06-19 21:41:48 UTC,2026-06-19 21:41:43 UTC,2026-06-19 21:41:41 UTC,2026-06-19 21:41:37 UTC,2026-06-19 21:40:59 UTC,2026-06-19 21:40:35 UTC,2026-06-19 21:40:15 UTC,2026-06-19 21:39:49 UTC,2026-06-19 21:39:25 UTC,2026-06-19 21:38:43 UTC,2026-06-19 21:38:27 UTC,2026-06-19 21:38:10 UTC,2026-06-19 21:37:01 UTC,2026-06-19 21:36:30 UTC,2026-06-19 21:36:03 UTC,2026-06-19 21:42:31 UTC,2026-06-19 21:42:33 UTC,2026-06-19 21:41:52 UTC,2026-06-19 21:41:11 UTC,end_normal
7cfbf23bea4f32430891e009bb7b01f6,2026-05-18 15:34:54 UTC,2026-05-18 15:40:08 UTC,2026-05-18 15:35:17 UTC,NA,NA,NA,NA,NA,NA,NA,NA,NA,NA,NA,NA,NA,NA,NA,option_1,option_1,8,sf,3,2,1,2,sjaelland,anden,1968,Kvinde,1898,2026-05-18 15:36:40 UTC,2026-05-18 15:36:33 UTC,2026-05-18 15:36:23 UTC,2026-05-18 15:36:11 UTC,2026-05-18 15:35:48 UTC,2026-05-18 15:35:39 UTC,2026-05-18 15:35:25 UTC,NA,NA,NA,NA,2026-05-18 15:39:35 UTC,2026-05-18 15:38:19 UTC,2026-05-18 15:37:03 UTC,2026-05-18 15:36:49 UTC,NA,NA,NA,NA,NA,NA,NA,NA,NA,NA,NA,NA,NA,2026-05-18 15:39:39 UTC,2026-05-18 15:38:22 UTC,2026-05-18 15:37:20 UTC,2026-05-18 15:37:05 UTC,2026-05-18 15:36:41 UTC,2026-05-18 15:35:49 UTC,2026-05-18 15:35:13 UTC,2026-05-18 15:34:54 UTC,NA,NA,NA,NA,cbc_q3_page
7d592e7e76331ecceb936472d2693a62,2026-06-20 05:07:27 UTC,2026-06-20 05:12:48 UTC,2026-06-20 05:08:05 UTC,NA,NA,NA,NA,NA,NA,NA,NA,NA,NA,NA,NA,option_1,option_2,option_1,option_1,option_2,7,alternativet,3,2,NA,1,midtjylland,gymnasial,2002,Kvinde,1243,2026-06-20 05:09:08 UTC,2026-06-20 05:08:53 UTC,NA,2026-06-20 05:08:41 UTC,2026-06-20 05:08:30 UTC,2026-06-20 05:08:14 UTC,2026-06-20 05:08:09 UTC,NA,2026-06-20 05:11:53 UTC,2026-06-20 05:11:36 UTC,2026-06-20 05:11:17 UTC,2026-06-20 05:10:59 UTC,2026-06-20 05:10:30 UTC,2026-06-20 05:09:42 UTC,2026-06-20 05:09:35 UTC,NA,NA,NA,NA,NA,NA,NA,NA,NA,NA,2026-06-20 05:11:57 UTC,2026-06-20 05:11:39 UTC,2026-06-20 05:11:18 UTC,2026-06-20 05:11:01 UTC,2026-06-20 05:10:31 UTC,2026-06-20 05:10:02 UTC,2026-06-20 05:09:44 UTC,2026-06-20 05:09:10 UTC,2026-06-20 05:08:31 UTC,2026-06-20 05:08:00 UTC,2026-06-20 05:07:27 UTC,NA,NA,NA,NA,single_profile_intro
7d5ff22d456917a99e8f156acf512958,2026-05-15 21:11:57 UTC,2026-05-15 21:23:16 UTC,2026-05-15 21:12:29 UTC,NA,NA,NA,NA,NA,NA,3,3,3,3,3,NA,option_2,option_2,option_1,option_1,option_2,5,liberal_alliance,3,2,NA,1,sjaelland,erhvervsuddannelse,1970,Kvinde,207,2026-05-15 21:14:26 UTC,2026-05-15 21:14:10 UTC,NA,2026-05-15 21:13:46 UTC,2026-05-15 21:13:27 UTC,2026-05-15 21:13:13 UTC,2026-05-15 21:12:55 UTC,NA,2026-05-15 21:19:43 UTC,2026-05-15 21:18:38 UTC,2026-05-15 21:17:50 UTC,2026-05-15 21:17:10 UTC,2026-05-15 21:16:29 UTC,2026-05-15 21:14:48 UTC,2026-05-15 21:14:37 UTC,NA,NA,NA,NA,NA,2026-05-15 21:21:52 UTC,2026-05-15 21:21:48 UTC,2026-05-15 21:22:26 UTC,2026-05-15 21:21:42 UTC,2026-05-15 21:22:18 UTC,2026-05-15 21:19:44 UTC,2026-05-15 21:18:38 UTC,2026-05-15 21:17:54 UTC,2026-05-15 21:17:13 UTC,2026-05-15 21:16:32 UTC,2026-05-15 21:15:15 UTC,2026-05-15 21:14:49 UTC,2026-05-15 21:14:27 UTC,2026-05-15 21:13:29 UTC,2026-05-15 21:12:23 UTC,2026-05-15 21:11:57 UTC,NA,NA,2026-05-15 21:22:33 UTC,2026-05-15 21:19:55 UTC,single_profile_2
7da27463212448c7796ea519a99bc6bc,2026-05-20 07:14:28 UTC,2026-05-20 07:16:40 UTC,2026-05-20 07:14:39 UTC,NA,NA,NA,NA,NA,NA,NA,NA,NA,NA,NA,NA,NA,NA,NA,NA,NA,NA,NA,NA,NA,NA,3,sjaelland,lang_videre,1976,Mand,142,NA,NA,2026-05-20 07:15:34 UTC,2026-05-20 07:15:42 UTC,2026-05-20 07:15:01 UTC,2026-05-20 07:14:56 UTC,2026-05-20 07:14:43 UTC,NA,NA,NA,NA,NA,NA,NA,NA,NA,NA,NA,NA,NA,NA,NA,NA,NA,NA,NA,NA,NA,NA,NA,NA,NA,NA,2026-05-20 07:15:03 UTC,2026-05-20 07:14:35 UTC,2026-05-20 07:14:28 UTC,NA,NA,NA,NA,issue_positions
7dce28d0cf7ebcc21c86ca929378fe42,2026-06-21 16:23:54 UTC,2026-06-21 16:30:26 UTC,2026-06-21 16:24:34 UTC,3,5,4,5,4,NA,5,5,4,4,4,NA,option_1,option_2,option_2,option_1,option_2,8,sf,NA,3,NA,3,sjaelland,mellemlang_videre,1969,Kvinde,1543,NA,2026-06-21 16:25:20 UTC,NA,2026-06-21 16:25:11 UTC,2026-06-21 16:25:02 UTC,2026-06-21 16:24:53 UTC,2026-06-21 16:24:45 UTC,NA,2026-06-21 16:28:27 UTC,2026-06-21 16:28:03 UTC,2026-06-21 16:27:33 UTC,2026-06-21 16:26:58 UTC,2026-06-21 16:26:33 UTC,2026-06-21 16:25:34 UTC,2026-06-21 16:25:52 UTC,2026-06-21 16:29:46 UTC,2026-06-21 16:29:37 UTC,2026-06-21 16:29:48 UTC,2026-06-21 16:29:33 UTC,NA,2026-06-21 16:29:18 UTC,2026-06-21 16:29:15 UTC,2026-06-21 16:29:08 UTC,2026-06-21 16:29:05 UTC,2026-06-21 16:29:04 UTC,2026-06-21 16:28:29 UTC,2026-06-21 16:28:05 UTC,2026-06-21 16:27:37 UTC,2026-06-21 16:26:58 UTC,2026-06-21 16:26:33 UTC,2026-06-21 16:26:05 UTC,2026-06-21 16:25:54 UTC,2026-06-21 16:25:22 UTC,2026-06-21 16:25:03 UTC,2026-06-21 16:24:28 UTC,2026-06-21 16:23:54 UTC,2026-06-21 16:29:50 UTC,2026-06-21 16:29:51 UTC,2026-06-21 16:29:19 UTC,2026-06-21 16:28:36 UTC,end_normal
7e2d407344bc15269d0bf7c6b2d9cb14,2026-05-15 10:26:34 UTC,2026-05-15 10:35:35 UTC,2026-05-15 10:27:05 UTC,1,1,3,1,2,NA,1,2,4,3,2,NA,option_1,option_1,option_2,option_1,option_2,6,socialdemokratiet,NA,3,3,2,syddanmark,mellemlang_videre,1968,Mand,1362,NA,2026-05-15 10:28:37 UTC,2026-05-15 10:28:05 UTC,2026-05-15 10:27:53 UTC,2026-05-15 10:27:33 UTC,2026-05-15 10:27:29 UTC,2026-05-15 10:27:20 UTC,NA,2026-05-15 10:32:50 UTC,2026-05-15 10:32:23 UTC,2026-05-15 10:31:29 UTC,2026-05-15 10:30:44 UTC,2026-05-15 10:30:01 UTC,2026-05-15 10:28:57 UTC,2026-05-15 10:28:45 UTC,2026-05-15 10:35:07 UTC,2026-05-15 10:35:00 UTC,2026-05-15 10:34:55 UTC,2026-05-15 10:34:53 UTC,NA,2026-05-15 10:34:32 UTC,2026-05-15 10:34:28 UTC,2026-05-15 10:34:22 UTC,2026-05-15 10:34:09 UTC,2026-05-15 10:34:04 UTC,2026-05-15 10:32:51 UTC,2026-05-15 10:32:23 UTC,2026-05-15 10:31:34 UTC,2026-05-15 10:30:53 UTC,2026-05-15 10:30:02 UTC,2026-05-15 10:29:20 UTC,2026-05-15 10:29:01 UTC,2026-05-15 10:28:38 UTC,2026-05-15 10:27:35 UTC,2026-05-15 10:27:01 UTC,2026-05-15 10:26:34 UTC,2026-05-15 10:35:10 UTC,2026-05-15 10:35:11 UTC,2026-05-15 10:34:35 UTC,2026-05-15 10:33:06 UTC,end_normal
7e8f8b9b57373a536aa73514793afc73,2026-05-23 17:35:57 UTC,2026-05-23 17:42:03 UTC,2026-05-23 17:37:13 UTC,NA,NA,NA,NA,NA,NA,NA,NA,NA,NA,NA,NA,option_1,option_1,option_2,option_1,option_2,8,sf,3,2,1,2,midtjylland,mellemlang_videre,1962,Kvinde,884,2026-05-23 17:38:29 UTC,2026-05-23 17:38:22 UTC,2026-05-23 17:38:10 UTC,2026-05-23 17:38:00 UTC,2026-05-23 17:37:48 UTC,2026-05-23 17:37:40 UTC,2026-05-23 17:37:27 UTC,NA,2026-05-23 17:41:08 UTC,2026-05-23 17:40:49 UTC,2026-05-23 17:40:16 UTC,2026-05-23 17:39:54 UTC,2026-05-23 17:39:27 UTC,2026-05-23 17:38:41 UTC,2026-05-23 17:38:37 UTC,NA,NA,NA,NA,NA,NA,NA,NA,NA,NA,2026-05-23 17:41:13 UTC,2026-05-23 17:40:51 UTC,2026-05-23 17:40:22 UTC,2026-05-23 17:39:55 UTC,2026-05-23 17:39:28 UTC,2026-05-23 17:38:57 UTC,2026-05-23 17:38:42 UTC,2026-05-23 17:38:30 UTC,2026-05-23 17:37:48 UTC,2026-05-23 17:37:09 UTC,2026-05-23 17:35:57 UTC,NA,NA,NA,2026-05-23 17:41:23 UTC,single_profile_1
7ea757fc51cdbb9a3ed3187f96a89bbc,2026-05-12 17:00:47 UTC,2026-05-12 17:06:16 UTC,2026-05-12 17:01:09 UTC,2,2,2,3,2,NA,2,2,2,3,2,NA,option_1,option_2,option_2,option_2,option_2,5,sf,1,2,NA,3,midtjylland,mellemlang_videre,1996,Kvinde,1643,2026-05-12 17:02:05 UTC,2026-05-12 17:01:48 UTC,NA,2026-05-12 17:01:33 UTC,2026-05-12 17:01:22 UTC,2026-05-12 17:01:19 UTC,2026-05-12 17:01:13 UTC,NA,2026-05-12 17:04:39 UTC,2026-05-12 17:04:14 UTC,2026-05-12 17:03:55 UTC,2026-05-12 17:03:19 UTC,2026-05-12 17:02:57 UTC,2026-05-12 17:02:17 UTC,2026-05-12 17:02:12 UTC,2026-05-12 17:05:51 UTC,2026-05-12 17:05:51 UTC,2026-05-12 17:05:49 UTC,2026-05-12 17:05:47 UTC,NA,2026-05-12 17:05:31 UTC,2026-05-12 17:05:28 UTC,2026-05-12 17:05:25 UTC,2026-05-12 17:05:19 UTC,2026-05-12 17:05:12 UTC,2026-05-12 17:04:43 UTC,2026-05-12 17:04:14 UTC,2026-05-12 17:03:55 UTC,2026-05-12 17:03:21 UTC,2026-05-12 17:03:00 UTC,2026-05-12 17:02:33 UTC,2026-05-12 17:02:18 UTC,2026-05-12 17:02:07 UTC,2026-05-12 17:01:22 UTC,2026-05-12 17:01:04 UTC,2026-05-12 17:00:47 UTC,2026-05-12 17:05:54 UTC,2026-05-12 17:05:58 UTC,2026-05-12 17:05:34 UTC,2026-05-12 17:04:49 UTC,end_normal
7eabec6fd99cf61d6f8f0d274b89f275,2026-05-19 17:09:22 UTC,2026-05-19 17:16:08 UTC,2026-05-19 17:09:39 UTC,2,4,4,4,4,NA,1,2,2,3,2,NA,option_2,option_1,option_1,option_2,option_2,3,socialdemokratiet,3,2,NA,1,sjaelland,erhvervsuddannelse,1968,Kvinde,1768,2026-05-19 17:10:13 UTC,2026-05-19 17:10:07 UTC,NA,2026-05-19 17:10:00 UTC,2026-05-19 17:09:53 UTC,2026-05-19 17:09:50 UTC,2026-05-19 17:09:46 UTC,NA,2026-05-19 17:12:24 UTC,2026-05-19 17:12:07 UTC,2026-05-19 17:11:42 UTC,2026-05-19 17:11:29 UTC,2026-05-19 17:11:08 UTC,2026-05-19 17:10:37 UTC,2026-05-19 17:10:31 UTC,2026-05-19 17:13:21 UTC,2026-05-19 17:13:20 UTC,2026-05-19 17:13:19 UTC,2026-05-19 17:13:13 UTC,NA,2026-05-19 17:13:03 UTC,2026-05-19 17:13:01 UTC,2026-05-19 17:12:58 UTC,2026-05-19 17:12:56 UTC,2026-05-19 17:12:48 UTC,2026-05-19 17:12:24 UTC,2026-05-19 17:12:08 UTC,2026-05-19 17:11:47 UTC,2026-05-19 17:11:29 UTC,2026-05-19 17:11:08 UTC,2026-05-19 17:10:46 UTC,2026-05-19 17:10:37 UTC,2026-05-19 17:10:19 UTC,2026-05-19 17:09:53 UTC,2026-05-19 17:09:35 UTC,2026-05-19 17:09:22 UTC,2026-05-19 17:13:27 UTC,2026-05-19 17:13:27 UTC,2026-05-19 17:13:05 UTC,2026-05-19 17:12:32 UTC,end_normal
7f11e1de8abda9b0a25f170af7cb378c,2026-05-13 15:49:10 UTC,2026-05-13 15:52:36 UTC,2026-05-13 15:49:40 UTC,NA,NA,NA,NA,NA,NA,NA,NA,NA,NA,NA,NA,NA,NA,NA,NA,option_2,7,radikale,NA,3,3,2,hovedstaden,mellemlang_videre,2001,Kvinde,1839,NA,2026-05-13 15:50:30 UTC,2026-05-13 15:50:22 UTC,2026-05-13 15:49:59 UTC,2026-05-13 15:49:50 UTC,2026-05-13 15:49:45 UTC,2026-05-13 15:49:42 UTC,NA,NA,NA,NA,NA,2026-05-13 15:51:39 UTC,2026-05-13 15:51:15 UTC,2026-05-13 15:51:10 UTC,NA,NA,NA,NA,NA,NA,NA,NA,NA,NA,NA,NA,NA,NA,2026-05-13 15:51:41 UTC,2026-05-13 15:51:21 UTC,2026-05-13 15:51:16 UTC,2026-05-13 15:51:05 UTC,2026-05-13 15:49:50 UTC,2026-05-13 15:49:36 UTC,2026-05-13 15:49:10 UTC,NA,NA,NA,NA,cbc_q2_page
7f12adc07e0c003b9ee5b31c22964bda,2026-05-17 20:41:50 UTC,2026-05-17 20:50:06 UTC,2026-05-17 20:42:13 UTC,2,4,3,3,4,NA,4,3,3,3,2,NA,option_1,option_1,option_2,option_1,option_2,6,socialdemokratiet,1,2,NA,3,sjaelland,kort_videre,1966,Kvinde,1843,2026-05-17 20:43:39 UTC,2026-05-17 20:43:18 UTC,NA,2026-05-17 20:42:56 UTC,2026-05-17 20:42:38 UTC,2026-05-17 20:42:30 UTC,2026-05-17 20:42:23 UTC,NA,2026-05-17 20:47:23 UTC,2026-05-17 20:46:32 UTC,2026-05-17 20:46:02 UTC,2026-05-17 20:45:32 UTC,2026-05-17 20:45:00 UTC,2026-05-17 20:43:56 UTC,2026-05-17 20:43:47 UTC,2026-05-17 20:49:26 UTC,2026-05-17 20:49:21 UTC,2026-05-17 20:49:20 UTC,2026-05-17 20:49:13 UTC,NA,2026-05-17 20:48:50 UTC,2026-05-17 20:48:42 UTC,2026-05-17 20:48:38 UTC,2026-05-17 20:48:23 UTC,2026-05-17 20:48:11 UTC,2026-05-17 20:47:25 UTC,2026-05-17 20:46:32 UTC,2026-05-17 20:46:05 UTC,2026-05-17 20:45:34 UTC,2026-05-17 20:45:02 UTC,2026-05-17 20:44:14 UTC,2026-05-17 20:43:59 UTC,2026-05-17 20:43:40 UTC,2026-05-17 20:42:39 UTC,2026-05-17 20:42:06 UTC,2026-05-17 20:41:50 UTC,2026-05-17 20:49:31 UTC,2026-05-17 20:49:34 UTC,2026-05-17 20:48:52 UTC,2026-05-17 20:47:36 UTC,end_normal
7fb31cdef0eff2f5135f280d8429d22c,2026-05-23 20:24:28 UTC,2026-05-23 20:32:28 UTC,2026-05-23 20:24:43 UTC,NA,NA,NA,NA,NA,NA,NA,NA,NA,3,2,NA,option_1,option_2,option_2,option_2,option_1,6,socialdemokratiet,3,2,3,2,midtjylland,mellemlang_videre,1961,Mand,1864,2026-05-23 20:26:29 UTC,2026-05-23 20:26:17 UTC,2026-05-23 20:26:01 UTC,2026-05-23 20:25:33 UTC,2026-05-23 20:25:18 UTC,2026-05-23 20:25:11 UTC,2026-05-23 20:24:59 UTC,NA,2026-05-23 20:30:46 UTC,2026-05-23 20:30:09 UTC,2026-05-23 20:29:31 UTC,2026-05-23 20:28:55 UTC,2026-05-23 20:28:08 UTC,2026-05-23 20:26:56 UTC,2026-05-23 20:26:47 UTC,NA,NA,NA,NA,NA,NA,NA,NA,2026-05-23 20:31:35 UTC,2026-05-23 20:31:32 UTC,2026-05-23 20:30:50 UTC,2026-05-23 20:30:10 UTC,2026-05-23 20:29:32 UTC,NA,2026-05-23 20:28:09 UTC,2026-05-23 20:27:26 UTC,2026-05-23 20:26:58 UTC,2026-05-23 20:26:31 UTC,2026-05-23 20:25:19 UTC,2026-05-23 20:24:39 UTC,2026-05-23 20:24:28 UTC,NA,NA,NA,2026-05-23 20:31:03 UTC,single_profile_1
808b17eb0b25462d8a0b5dd0c6e60221,2026-06-20 16:11:37 UTC,2026-06-20 16:22:24 UTC,2026-06-20 16:11:50 UTC,1,2,2,2,2,NA,1,2,2,2,2,NA,option_2,option_2,option_2,option_2,option_2,8,radikale,3,2,3,2,midtjylland,lang_videre,1978,Kvinde,1542,2026-06-20 16:12:55 UTC,2026-06-20 16:12:51 UTC,2026-06-20 16:12:44 UTC,2026-06-20 16:12:11 UTC,2026-06-20 16:12:03 UTC,2026-06-20 16:12:00 UTC,2026-06-20 16:11:56 UTC,NA,2026-06-20 16:16:31 UTC,2026-06-20 16:16:13 UTC,2026-06-20 16:15:18 UTC,2026-06-20 16:14:37 UTC,2026-06-20 16:14:11 UTC,2026-06-20 16:13:06 UTC,2026-06-20 16:13:01 UTC,2026-06-20 16:19:01 UTC,2026-06-20 16:18:59 UTC,2026-06-20 16:18:56 UTC,2026-06-20 16:18:54 UTC,NA,2026-06-20 16:18:22 UTC,2026-06-20 16:17:59 UTC,2026-06-20 16:17:52 UTC,2026-06-20 16:17:49 UTC,2026-06-20 16:17:45 UTC,2026-06-20 16:16:33 UTC,2026-06-20 16:16:16 UTC,2026-06-20 16:15:21 UTC,2026-06-20 16:14:40 UTC,2026-06-20 16:14:12 UTC,2026-06-20 16:13:16 UTC,2026-06-20 16:13:11 UTC,2026-06-20 16:12:56 UTC,2026-06-20 16:12:04 UTC,2026-06-20 16:11:46 UTC,2026-06-20 16:11:37 UTC,2026-06-20 16:19:01 UTC,2026-06-20 16:19:03 UTC,2026-06-20 16:18:24 UTC,2026-06-20 16:16:42 UTC,end_normal
8142636353c8a4fbb5b254c3ba64e722,2026-05-22 12:03:42 UTC,2026-05-22 12:09:12 UTC,2026-05-22 12:03:55 UTC,2,4,4,4,4,NA,2,4,4,5,4,NA,option_1,option_1,option_2,option_2,option_2,6,radikale,NA,3,NA,3,hovedstaden,mellemlang_videre,1999,Mand,1170,NA,2026-05-22 12:04:33 UTC,NA,2026-05-22 12:04:19 UTC,2026-05-22 12:04:09 UTC,2026-05-22 12:04:04 UTC,2026-05-22 12:03:58 UTC,NA,2026-05-22 12:07:13 UTC,2026-05-22 12:06:57 UTC,2026-05-22 12:06:39 UTC,2026-05-22 12:06:05 UTC,2026-05-22 12:05:34 UTC,2026-05-22 12:04:59 UTC,2026-05-22 12:04:53 UTC,2026-05-22 12:08:43 UTC,2026-05-22 12:08:38 UTC,2026-05-22 12:08:33 UTC,2026-05-22 12:08:32 UTC,NA,2026-05-22 12:08:06 UTC,2026-05-22 12:08:02 UTC,2026-05-22 12:08:00 UTC,2026-05-22 12:07:56 UTC,2026-05-22 12:07:56 UTC,2026-05-22 12:07:17 UTC,2026-05-22 12:06:59 UTC,2026-05-22 12:06:41 UTC,2026-05-22 12:06:07 UTC,2026-05-22 12:05:36 UTC,2026-05-22 12:05:08 UTC,2026-05-22 12:05:01 UTC,2026-05-22 12:04:34 UTC,2026-05-22 12:04:10 UTC,2026-05-22 12:03:50 UTC,2026-05-22 12:03:42 UTC,2026-05-22 12:08:47 UTC,2026-05-22 12:08:48 UTC,2026-05-22 12:08:10 UTC,2026-05-22 12:07:24 UTC,end_normal
815a8d7fa7002d50ed884ecae5e332d5,2026-06-19 18:23:41 UTC,2026-06-19 18:25:08 UTC,2026-06-19 18:23:53 UTC,NA,NA,NA,NA,NA,NA,NA,NA,NA,NA,NA,NA,NA,NA,NA,NA,NA,0,enhedslisten,NA,3,NA,1,sjaelland,kort_videre,1973,Mand,943,NA,2026-06-19 18:24:22 UTC,NA,2026-06-19 18:24:15 UTC,2026-06-19 18:24:07 UTC,2026-06-19 18:24:07 UTC,2026-06-19 18:24:00 UTC,NA,NA,NA,NA,NA,NA,2026-06-19 18:24:36 UTC,2026-06-19 18:24:31 UTC,NA,NA,NA,NA,NA,NA,NA,NA,NA,NA,NA,NA,NA,NA,NA,NA,2026-06-19 18:24:39 UTC,2026-06-19 18:24:26 UTC,2026-06-19 18:24:10 UTC,2026-06-19 18:23:50 UTC,2026-06-19 18:23:41 UTC,NA,NA,NA,NA,cbc_intro
818993c7dd6197bf455af66511c9f0bd,2026-05-13 14:59:02 UTC,2026-05-13 15:00:17 UTC,2026-05-13 14:59:31 UTC,NA,NA,NA,NA,NA,NA,NA,NA,NA,NA,NA,NA,NA,NA,NA,NA,NA,NA,NA,NA,NA,NA,NA,hovedstaden,lang_videre,1999,Mand,836,NA,NA,NA,NA,2026-05-13 14:59:56 UTC,2026-05-13 14:59:51 UTC,2026-05-13 14:59:47 UTC,NA,NA,NA,NA,NA,NA,NA,NA,NA,NA,NA,NA,NA,NA,NA,NA,NA,NA,NA,NA,NA,NA,NA,NA,NA,NA,2026-05-13 14:59:57 UTC,2026-05-13 14:59:21 UTC,2026-05-13 14:59:02 UTC,NA,NA,NA,NA,issue_positions
818fe840efaf47aba6c6cd35719509e6,2026-05-23 18:33:37 UTC,2026-05-23 18:43:45 UTC,2026-05-23 18:33:49 UTC,3,5,3,3,4,NA,3,3,3,5,3,NA,option_2,option_1,option_1,option_2,option_2,7,socialdemokratiet,3,2,1,2,midtjylland,lang_videre,1971,Kvinde,871,2026-05-23 18:34:43 UTC,2026-05-23 18:34:36 UTC,2026-05-23 18:34:23 UTC,2026-05-23 18:34:15 UTC,2026-05-23 18:34:04 UTC,2026-05-23 18:34:00 UTC,2026-05-23 18:33:55 UTC,NA,2026-05-23 18:36:49 UTC,2026-05-23 18:36:21 UTC,2026-05-23 18:36:07 UTC,2026-05-23 18:35:51 UTC,2026-05-23 18:35:32 UTC,2026-05-23 18:34:58 UTC,2026-05-23 18:34:53 UTC,2026-05-23 18:38:05 UTC,2026-05-23 18:38:00 UTC,2026-05-23 18:37:56 UTC,2026-05-23 18:37:52 UTC,NA,2026-05-23 18:37:32 UTC,2026-05-23 18:37:31 UTC,2026-05-23 18:37:34 UTC,2026-05-23 18:37:18 UTC,2026-05-23 18:37:12 UTC,2026-05-23 18:36:51 UTC,2026-05-23 18:36:21 UTC,2026-05-23 18:36:08 UTC,2026-05-23 18:35:51 UTC,2026-05-23 18:35:32 UTC,2026-05-23 18:35:04 UTC,2026-05-23 18:34:59 UTC,2026-05-23 18:34:45 UTC,2026-05-23 18:34:05 UTC,2026-05-23 18:33:45 UTC,2026-05-23 18:33:37 UTC,2026-05-23 18:38:07 UTC,2026-05-23 18:38:08 UTC,2026-05-23 18:37:36 UTC,2026-05-23 18:36:54 UTC,end_normal
81b1706e674ca0ce2dd98e45767ce9b8,2026-06-20 05:31:57 UTC,2026-06-20 05:40:40 UTC,2026-06-20 05:32:12 UTC,2,3,3,3,3,NA,3,2,5,5,3,NA,option_2,option_1,option_2,option_2,option_1,8,socialdemokratiet,NA,3,NA,1,midtjylland,gymnasial,1976,Kvinde,1942,NA,2026-06-20 05:34:18 UTC,NA,2026-06-20 05:34:09 UTC,2026-06-20 05:33:48 UTC,2026-06-20 05:33:43 UTC,2026-06-20 05:33:32 UTC,NA,2026-06-20 05:37:56 UTC,2026-06-20 05:36:56 UTC,2026-06-20 05:36:35 UTC,2026-06-20 05:35:50 UTC,2026-06-20 05:35:23 UTC,2026-06-20 05:34:34 UTC,2026-06-20 05:34:25 UTC,2026-06-20 05:40:08 UTC,2026-06-20 05:40:00 UTC,2026-06-20 05:39:56 UTC,2026-06-20 05:39:40 UTC,NA,2026-06-20 05:39:26 UTC,2026-06-20 05:39:23 UTC,2026-06-20 05:39:19 UTC,2026-06-20 05:39:13 UTC,2026-06-20 05:38:41 UTC,2026-06-20 05:37:58 UTC,2026-06-20 05:36:58 UTC,2026-06-20 05:36:36 UTC,2026-06-20 05:35:50 UTC,2026-06-20 05:35:24 UTC,2026-06-20 05:34:49 UTC,2026-06-20 05:34:35 UTC,2026-06-20 05:34:20 UTC,2026-06-20 05:33:49 UTC,2026-06-20 05:32:08 UTC,2026-06-20 05:31:57 UTC,2026-06-20 05:40:09 UTC,2026-06-20 05:40:10 UTC,2026-06-20 05:39:26 UTC,2026-06-20 05:38:07 UTC,end_normal
81bc22409f921c59566a70ae1725f7c6,2026-05-15 16:45:25 UTC,2026-05-15 16:59:32 UTC,2026-05-15 16:45:50 UTC,5,5,5,5,5,NA,4,5,5,5,5,NA,option_2,option_1,option_2,option_1,option_2,8,sf,3,2,3,2,nordjylland,lang_videre,1993,Kvinde,6,2026-05-15 16:51:45 UTC,2026-05-15 16:51:42 UTC,2026-05-15 16:46:33 UTC,2026-05-15 16:46:24 UTC,2026-05-15 16:46:09 UTC,2026-05-15 16:46:06 UTC,2026-05-15 16:45:56 UTC,NA,2026-05-15 16:55:16 UTC,2026-05-15 16:54:55 UTC,2026-05-15 16:54:14 UTC,2026-05-15 16:53:50 UTC,2026-05-15 16:53:19 UTC,2026-05-15 16:52:08 UTC,2026-05-15 16:51:57 UTC,2026-05-15 16:56:41 UTC,2026-05-15 16:56:39 UTC,2026-05-15 16:56:37 UTC,2026-05-15 16:56:37 UTC,NA,2026-05-15 16:56:20 UTC,2026-05-15 16:56:04 UTC,2026-05-15 16:56:00 UTC,2026-05-15 16:55:54 UTC,2026-05-15 16:55:50 UTC,2026-05-15 16:55:17 UTC,2026-05-15 16:54:56 UTC,2026-05-15 16:54:17 UTC,2026-05-15 16:53:53 UTC,2026-05-15 16:53:20 UTC,2026-05-15 16:52:29 UTC,2026-05-15 16:52:11 UTC,2026-05-15 16:51:50 UTC,2026-05-15 16:46:11 UTC,2026-05-15 16:45:44 UTC,2026-05-15 16:45:25 UTC,2026-05-15 16:56:42 UTC,2026-05-15 16:56:43 UTC,2026-05-15 16:56:22 UTC,2026-05-15 16:55:29 UTC,end_normal
81cc98e6f517322967634755da2a87dd,2026-05-24 04:26:01 UTC,2026-05-24 04:29:10 UTC,2026-05-24 04:26:12 UTC,3,3,4,4,4,NA,3,3,5,4,5,NA,option_2,option_2,option_2,option_2,option_1,5,liberal_alliance,NA,1,NA,1,midtjylland,mellemlang_videre,1986,Mand,277,NA,2026-05-24 04:26:31 UTC,NA,2026-05-24 04:26:29 UTC,2026-05-24 04:26:24 UTC,2026-05-24 04:26:21 UTC,2026-05-24 04:26:18 UTC,NA,2026-05-24 04:28:03 UTC,2026-05-24 04:27:48 UTC,2026-05-24 04:27:39 UTC,2026-05-24 04:27:21 UTC,2026-05-24 04:27:06 UTC,2026-05-24 04:26:42 UTC,2026-05-24 04:26:39 UTC,2026-05-24 04:28:43 UTC,2026-05-24 04:28:41 UTC,2026-05-24 04:28:40 UTC,2026-05-24 04:28:33 UTC,NA,2026-05-24 04:28:26 UTC,2026-05-24 04:28:24 UTC,2026-05-24 04:28:22 UTC,2026-05-24 04:28:21 UTC,2026-05-24 04:28:18 UTC,2026-05-24 04:28:04 UTC,2026-05-24 04:27:54 UTC,2026-05-24 04:27:40 UTC,2026-05-24 04:27:26 UTC,2026-05-24 04:27:09 UTC,2026-05-24 04:26:50 UTC,2026-05-24 04:26:43 UTC,2026-05-24 04:26:33 UTC,2026-05-24 04:26:24 UTC,2026-05-24 04:26:08 UTC,2026-05-24 04:26:01 UTC,2026-05-24 04:28:46 UTC,2026-05-24 04:28:47 UTC,2026-05-24 04:28:26 UTC,2026-05-24 04:28:10 UTC,end_normal
81f5bdc27eb7d0190cb3a93cda7624c3,2026-06-19 19:20:16 UTC,2026-06-19 19:21:51 UTC,2026-06-19 19:20:27 UTC,NA,NA,NA,NA,NA,NA,NA,NA,NA,NA,NA,NA,NA,NA,NA,NA,NA,7,moderaterne,NA,1,NA,3,midtjylland,erhvervsuddannelse,1980,Mand,597,NA,2026-06-19 19:21:06 UTC,NA,2026-06-19 19:20:54 UTC,2026-06-19 19:20:42 UTC,2026-06-19 19:20:38 UTC,2026-06-19 19:20:33 UTC,NA,NA,NA,NA,NA,NA,2026-06-19 19:21:20 UTC,2026-06-19 19:21:14 UTC,NA,NA,NA,NA,NA,NA,NA,NA,NA,NA,NA,NA,NA,NA,NA,2026-06-19 19:21:26 UTC,2026-06-19 19:21:20 UTC,2026-06-19 19:21:06 UTC,2026-06-19 19:20:43 UTC,2026-06-19 19:20:23 UTC,2026-06-19 19:20:16 UTC,NA,NA,NA,NA,cbc_q1_page
81ff4ca97b6b5e9348ed508b6e917e38,2026-06-20 07:35:34 UTC,2026-06-20 07:45:46 UTC,2026-06-20 07:35:50 UTC,3,4,4,4,4,NA,3,4,3,3,3,NA,option_1,option_2,option_2,option_2,option_1,1,venstre,3,2,1,2,syddanmark,gymnasial,1977,Kvinde,795,2026-06-20 07:36:45 UTC,2026-06-20 07:36:39 UTC,2026-06-20 07:36:24 UTC,2026-06-20 07:36:13 UTC,2026-06-20 07:36:02 UTC,2026-06-20 07:35:59 UTC,2026-06-20 07:35:52 UTC,NA,2026-06-20 07:39:49 UTC,2026-06-20 07:39:15 UTC,2026-06-20 07:38:50 UTC,2026-06-20 07:38:21 UTC,2026-06-20 07:37:45 UTC,2026-06-20 07:37:00 UTC,2026-06-20 07:36:56 UTC,2026-06-20 07:41:22 UTC,2026-06-20 07:41:20 UTC,2026-06-20 07:41:20 UTC,2026-06-20 07:41:15 UTC,NA,2026-06-20 07:40:55 UTC,2026-06-20 07:40:52 UTC,2026-06-20 07:40:41 UTC,2026-06-20 07:40:41 UTC,2026-06-20 07:40:40 UTC,2026-06-20 07:39:50 UTC,2026-06-20 07:39:22 UTC,2026-06-20 07:38:54 UTC,2026-06-20 07:38:22 UTC,2026-06-20 07:37:50 UTC,2026-06-20 07:37:17 UTC,2026-06-20 07:37:04 UTC,2026-06-20 07:36:51 UTC,2026-06-20 07:36:05 UTC,2026-06-20 07:35:42 UTC,2026-06-20 07:35:34 UTC,2026-06-20 07:41:25 UTC,2026-06-20 07:41:27 UTC,2026-06-20 07:40:58 UTC,2026-06-20 07:40:00 UTC,end_normal
82adc51f70d26d5c4e442259c5200375,2026-06-20 12:43:29 UTC,2026-06-20 12:48:57 UTC,2026-06-20 12:43:43 UTC,NA,NA,NA,NA,NA,NA,NA,NA,NA,NA,NA,NA,option_1,option_1,option_1,option_2,option_2,6,stemte_ikke,3,2,1,2,syddanmark,anden,1961,Mand,1209,2026-06-20 12:45:11 UTC,2026-06-20 12:45:05 UTC,2026-06-20 12:44:50 UTC,2026-06-20 12:44:23 UTC,2026-06-20 12:44:10 UTC,2026-06-20 12:44:07 UTC,2026-06-20 12:43:53 UTC,NA,2026-06-20 12:48:20 UTC,2026-06-20 12:47:47 UTC,2026-06-20 12:47:24 UTC,2026-06-20 12:46:46 UTC,2026-06-20 12:46:13 UTC,2026-06-20 12:45:40 UTC,2026-06-20 12:45:27 UTC,NA,NA,NA,NA,NA,NA,NA,NA,NA,NA,2026-06-20 12:48:23 UTC,2026-06-20 12:47:51 UTC,2026-06-20 12:47:25 UTC,2026-06-20 12:46:47 UTC,2026-06-20 12:46:14 UTC,2026-06-20 12:45:51 UTC,2026-06-20 12:45:41 UTC,2026-06-20 12:45:12 UTC,2026-06-20 12:44:11 UTC,2026-06-20 12:43:37 UTC,2026-06-20 12:43:29 UTC,NA,NA,NA,2026-06-20 12:48:31 UTC,single_profile_1
8396daf8275426852ecb20b80c2f08a9,2026-06-19 18:29:37 UTC,2026-06-19 18:31:38 UTC,2026-06-19 18:30:00 UTC,NA,NA,NA,NA,NA,NA,NA,NA,NA,NA,NA,NA,NA,NA,NA,NA,NA,NA,NA,NA,1,NA,1,midtjylland,grundskole,2006,Kvinde,1497,NA,2026-06-19 18:31:01 UTC,NA,2026-06-19 18:30:43 UTC,2026-06-19 18:30:16 UTC,2026-06-19 18:30:12 UTC,2026-06-19 18:30:03 UTC,NA,NA,NA,NA,NA,NA,NA,NA,NA,NA,NA,NA,NA,NA,NA,NA,NA,NA,NA,NA,NA,NA,NA,NA,NA,2026-06-19 18:31:05 UTC,2026-06-19 18:30:34 UTC,2026-06-19 18:29:57 UTC,2026-06-19 18:29:37 UTC,NA,NA,NA,NA,party_and_trust
83a98fcce623b48c68cb9a7a04eaab5c,2026-06-20 08:56:18 UTC,2026-06-20 09:04:04 UTC,2026-06-20 08:56:36 UTC,1,3,3,4,4,NA,1,3,2,4,4,NA,option_2,NA,option_1,option_1,option_1,2,venstre,3,2,NA,1,syddanmark,erhvervsuddannelse,1978,Kvinde,1837,2026-06-20 08:57:48 UTC,2026-06-20 08:57:34 UTC,NA,2026-06-20 08:57:17 UTC,2026-06-20 08:57:04 UTC,2026-06-20 08:57:01 UTC,2026-06-20 08:56:42 UTC,NA,2026-06-20 09:01:00 UTC,NA,2026-06-20 09:00:21 UTC,2026-06-20 08:59:56 UTC,2026-06-20 08:59:23 UTC,2026-06-20 08:58:46 UTC,2026-06-20 08:58:41 UTC,2026-06-20 09:03:00 UTC,2026-06-20 09:02:48 UTC,2026-06-20 09:02:43 UTC,2026-06-20 09:02:41 UTC,NA,2026-06-20 09:02:20 UTC,2026-06-20 09:02:16 UTC,2026-06-20 09:02:11 UTC,2026-06-20 09:02:01 UTC,2026-06-20 09:01:54 UTC,2026-06-20 09:01:15 UTC,2026-06-20 09:00:51 UTC,2026-06-20 09:00:22 UTC,2026-06-20 08:59:58 UTC,2026-06-20 08:59:24 UTC,2026-06-20 08:58:52 UTC,2026-06-20 08:58:48 UTC,2026-06-20 08:57:50 UTC,2026-06-20 08:57:05 UTC,2026-06-20 08:56:32 UTC,2026-06-20 08:56:18 UTC,2026-06-20 09:03:04 UTC,2026-06-20 09:03:04 UTC,2026-06-20 09:02:21 UTC,2026-06-20 09:01:19 UTC,end_normal
83f0d0ea4169518d0e91f827303b4209,2026-05-15 15:18:18 UTC,2026-05-15 15:19:04 UTC,NA,NA,NA,NA,NA,NA,NA,NA,NA,NA,NA,NA,NA,NA,NA,NA,NA,NA,NA,NA,NA,NA,NA,NA,NA,NA,NA,NA,55,NA,NA,NA,NA,NA,NA,NA,NA,NA,NA,NA,NA,NA,NA,NA,NA,NA,NA,NA,NA,NA,NA,NA,NA,NA,NA,NA,NA,NA,NA,NA,NA,NA,NA,2026-05-15 15:18:46 UTC,2026-05-15 15:18:18 UTC,NA,NA,NA,NA,Background
845a681b0b6272e0da14cc9431ac0a86,2026-06-02 20:10:31 UTC,2026-06-02 20:17:50 UTC,2026-06-02 20:10:50 UTC,4,2,4,2,2,NA,1,2,4,2,2,NA,option_1,option_2,option_2,option_2,option_2,8,sf,3,2,NA,3,midtjylland,lang_videre,1995,Kvinde,345,2026-06-02 20:12:06 UTC,2026-06-02 20:11:33 UTC,NA,2026-06-02 20:11:22 UTC,2026-06-02 20:11:06 UTC,2026-06-02 20:11:03 UTC,2026-06-02 20:10:58 UTC,NA,2026-06-02 20:14:57 UTC,2026-06-02 20:14:38 UTC,2026-06-02 20:14:18 UTC,2026-06-02 20:13:56 UTC,2026-06-02 20:13:19 UTC,2026-06-02 20:12:21 UTC,2026-06-02 20:12:13 UTC,2026-06-02 20:16:59 UTC,2026-06-02 20:17:01 UTC,2026-06-02 20:17:09 UTC,2026-06-02 20:17:09 UTC,NA,2026-06-02 20:16:14 UTC,2026-06-02 20:16:08 UTC,2026-06-02 20:16:03 UTC,2026-06-02 20:15:57 UTC,2026-06-02 20:15:52 UTC,2026-06-02 20:15:00 UTC,2026-06-02 20:14:39 UTC,2026-06-02 20:14:18 UTC,2026-06-02 20:13:57 UTC,2026-06-02 20:13:19 UTC,2026-06-02 20:12:42 UTC,2026-06-02 20:12:23 UTC,2026-06-02 20:12:06 UTC,2026-06-02 20:11:07 UTC,2026-06-02 20:10:46 UTC,2026-06-02 20:10:31 UTC,2026-06-02 20:16:53 UTC,2026-06-02 20:17:12 UTC,2026-06-02 20:16:30 UTC,2026-06-02 20:15:13 UTC,end_normal
848b75efe21856c6869d644a457241ac,2026-05-20 06:17:32 UTC,2026-05-20 06:25:40 UTC,2026-05-20 06:17:49 UTC,4,4,4,4,4,NA,1,2,2,3,2,NA,option_2,option_1,option_2,option_2,option_1,8,danmarksdemokraterne,3,2,NA,1,sjaelland,lang_videre,1966,Kvinde,585,2026-05-20 06:19:21 UTC,2026-05-20 06:19:01 UTC,NA,2026-05-20 06:18:34 UTC,2026-05-20 06:18:17 UTC,2026-05-20 06:18:13 UTC,2026-05-20 06:17:58 UTC,NA,2026-05-20 06:23:13 UTC,2026-05-20 06:22:36 UTC,2026-05-20 06:22:08 UTC,2026-05-20 06:21:43 UTC,2026-05-20 06:21:01 UTC,2026-05-20 06:19:52 UTC,2026-05-20 06:19:41 UTC,2026-05-20 06:24:46 UTC,2026-05-20 06:24:42 UTC,2026-05-20 06:24:41 UTC,2026-05-20 06:24:38 UTC,NA,2026-05-20 06:24:16 UTC,2026-05-20 06:24:11 UTC,2026-05-20 06:24:08 UTC,2026-05-20 06:24:01 UTC,2026-05-20 06:23:54 UTC,2026-05-20 06:23:16 UTC,2026-05-20 06:22:40 UTC,2026-05-20 06:22:10 UTC,2026-05-20 06:21:46 UTC,2026-05-20 06:21:06 UTC,2026-05-20 06:20:13 UTC,2026-05-20 06:19:53 UTC,2026-05-20 06:19:22 UTC,2026-05-20 06:18:20 UTC,2026-05-20 06:17:45 UTC,2026-05-20 06:17:32 UTC,2026-05-20 06:24:48 UTC,2026-05-20 06:24:50 UTC,2026-05-20 06:24:17 UTC,2026-05-20 06:23:26 UTC,end_normal
85596fe7099688eceaefb866c285d010,2026-05-15 15:13:11 UTC,2026-05-15 15:17:31 UTC,2026-05-15 15:13:31 UTC,NA,NA,NA,NA,NA,NA,NA,NA,NA,NA,NA,NA,NA,NA,NA,option_1,option_1,7,radikale,3,2,NA,3,nordjylland,gymnasial,2004,Kvinde,712,2026-05-15 15:14:34 UTC,2026-05-15 15:14:15 UTC,NA,2026-05-15 15:14:05 UTC,2026-05-15 15:13:55 UTC,2026-05-15 15:13:37 UTC,2026-05-15 15:13:34 UTC,NA,NA,NA,NA,2026-05-15 15:16:31 UTC,2026-05-15 15:15:50 UTC,2026-05-15 15:14:58 UTC,2026-05-15 15:14:53 UTC,NA,NA,NA,NA,NA,NA,NA,NA,NA,NA,NA,NA,NA,2026-05-15 15:16:35 UTC,2026-05-15 15:15:56 UTC,2026-05-15 15:15:09 UTC,2026-05-15 15:15:00 UTC,2026-05-15 15:14:37 UTC,2026-05-15 15:13:56 UTC,2026-05-15 15:13:24 UTC,2026-05-15 15:13:11 UTC,NA,NA,NA,NA,cbc_q3_page
8570fdba23ddd9f0bba093fcaf258358,2026-05-18 16:56:14 UTC,2026-05-18 16:59:49 UTC,2026-05-18 16:56:28 UTC,NA,NA,NA,NA,NA,NA,NA,NA,NA,NA,NA,NA,NA,NA,NA,option_2,option_2,6,radikale,NA,3,NA,3,midtjylland,gymnasial,1959,Mand,1197,NA,2026-05-18 16:57:00 UTC,NA,2026-05-18 16:56:50 UTC,2026-05-18 16:56:42 UTC,2026-05-18 16:56:40 UTC,2026-05-18 16:56:38 UTC,NA,NA,NA,NA,2026-05-18 16:58:59 UTC,2026-05-18 16:58:24 UTC,2026-05-18 16:57:19 UTC,2026-05-18 16:57:07 UTC,NA,NA,NA,NA,NA,NA,NA,NA,NA,NA,NA,NA,NA,2026-05-18 16:59:00 UTC,2026-05-18 16:58:27 UTC,2026-05-18 16:57:27 UTC,2026-05-18 16:57:22 UTC,2026-05-18 16:57:01 UTC,2026-05-18 16:56:43 UTC,2026-05-18 16:56:23 UTC,2026-05-18 16:56:14 UTC,NA,NA,NA,NA,cbc_q3_page
857293686e23e0278db409b4e4c80c56,2026-05-15 10:45:33 UTC,2026-05-15 10:56:17 UTC,2026-05-15 10:46:03 UTC,4,4,3,3,4,NA,1,2,1,4,2,NA,option_1,option_1,option_2,option_1,option_1,8,konservative,1,2,1,2,hovedstaden,mellemlang_videre,1947,Kvinde,1125,2026-05-15 10:47:22 UTC,2026-05-15 10:47:01 UTC,2026-05-15 10:46:47 UTC,2026-05-15 10:46:36 UTC,2026-05-15 10:46:25 UTC,2026-05-15 10:46:17 UTC,2026-05-15 10:46:13 UTC,NA,2026-05-15 10:50:43 UTC,2026-05-15 10:50:22 UTC,2026-05-15 10:49:58 UTC,2026-05-15 10:49:08 UTC,2026-05-15 10:48:42 UTC,2026-05-15 10:47:47 UTC,2026-05-15 10:47:36 UTC,2026-05-15 10:52:31 UTC,2026-05-15 10:52:26 UTC,2026-05-15 10:52:27 UTC,2026-05-15 10:52:19 UTC,NA,2026-05-15 10:51:55 UTC,2026-05-15 10:51:52 UTC,2026-05-15 10:51:48 UTC,2026-05-15 10:51:42 UTC,2026-05-15 10:51:38 UTC,2026-05-15 10:50:45 UTC,2026-05-15 10:50:23 UTC,2026-05-15 10:50:01 UTC,2026-05-15 10:49:13 UTC,2026-05-15 10:48:44 UTC,2026-05-15 10:48:05 UTC,2026-05-15 10:47:49 UTC,2026-05-15 10:47:23 UTC,2026-05-15 10:46:26 UTC,2026-05-15 10:45:54 UTC,2026-05-15 10:45:33 UTC,2026-05-15 10:52:35 UTC,2026-05-15 10:52:36 UTC,2026-05-15 10:51:57 UTC,2026-05-15 10:50:56 UTC,end_normal
8579cb0dccf6aca63e7ce9273552d034,2026-06-19 19:06:11 UTC,2026-06-19 19:30:34 UTC,2026-06-19 19:06:20 UTC,1,1,1,1,1,NA,1,1,1,1,1,NA,option_2,option_1,option_2,option_2,option_2,2,liberal_alliance,NA,1,NA,3,syddanmark,lang_videre,1983,Mand,1347,NA,2026-06-19 19:06:56 UTC,NA,2026-06-19 19:06:43 UTC,2026-06-19 19:06:34 UTC,2026-06-19 19:06:31 UTC,2026-06-19 19:06:24 UTC,NA,2026-06-19 19:09:17 UTC,2026-06-19 19:09:05 UTC,2026-06-19 19:08:48 UTC,2026-06-19 19:08:25 UTC,2026-06-19 19:08:06 UTC,2026-06-19 19:07:08 UTC,2026-06-19 19:07:04 UTC,2026-06-19 19:10:58 UTC,2026-06-19 19:10:59 UTC,2026-06-19 19:11:01 UTC,2026-06-19 19:11:03 UTC,NA,2026-06-19 19:10:01 UTC,2026-06-19 19:10:33 UTC,2026-06-19 19:10:31 UTC,2026-06-19 19:10:29 UTC,2026-06-19 19:10:28 UTC,2026-06-19 19:09:18 UTC,2026-06-19 19:09:06 UTC,NA,2026-06-19 19:08:27 UTC,NA,2026-06-19 19:07:16 UTC,2026-06-19 19:07:10 UTC,2026-06-19 19:06:58 UTC,2026-06-19 19:06:35 UTC,2026-06-19 19:06:17 UTC,2026-06-19 19:06:11 UTC,2026-06-19 19:10:56 UTC,2026-06-19 19:11:03 UTC,2026-06-19 19:10:35 UTC,2026-06-19 19:09:25 UTC,end_normal
85da45e99d3c5d1b6f8e3f3c690d7083,2026-05-23 12:18:12 UTC,2026-05-23 12:24:55 UTC,2026-05-23 12:18:41 UTC,3,2,4,4,3,NA,3,2,4,4,3,NA,option_1,option_1,option_1,option_1,option_1,8,socialdemokratiet,NA,3,NA,1,midtjylland,kort_videre,1976,Kvinde,981,NA,2026-05-23 12:19:32 UTC,NA,2026-05-23 12:19:22 UTC,2026-05-23 12:19:04 UTC,2026-05-23 12:18:59 UTC,2026-05-23 12:18:47 UTC,NA,2026-05-23 12:22:51 UTC,2026-05-23 12:22:06 UTC,2026-05-23 12:21:34 UTC,2026-05-23 12:21:10 UTC,2026-05-23 12:20:42 UTC,2026-05-23 12:19:45 UTC,2026-05-23 12:19:39 UTC,2026-05-23 12:24:27 UTC,2026-05-23 12:24:23 UTC,2026-05-23 12:24:20 UTC,2026-05-23 12:24:09 UTC,NA,2026-05-23 12:23:55 UTC,2026-05-23 12:23:50 UTC,2026-05-23 12:23:40 UTC,2026-05-23 12:23:41 UTC,2026-05-23 12:23:29 UTC,2026-05-23 12:22:55 UTC,2026-05-23 12:22:11 UTC,2026-05-23 12:21:34 UTC,2026-05-23 12:21:10 UTC,2026-05-23 12:20:42 UTC,2026-05-23 12:20:01 UTC,2026-05-23 12:19:48 UTC,2026-05-23 12:19:33 UTC,2026-05-23 12:19:07 UTC,2026-05-23 12:18:36 UTC,2026-05-23 12:18:12 UTC,2026-05-23 12:24:31 UTC,2026-05-23 12:24:31 UTC,2026-05-23 12:23:55 UTC,2026-05-23 12:23:03 UTC,end_normal
863b57be7f5611822829405618d3b17e,2026-05-23 13:59:28 UTC,2026-05-23 14:02:21 UTC,2026-05-23 13:59:41 UTC,NA,NA,NA,NA,NA,NA,NA,NA,NA,NA,NA,NA,NA,NA,NA,NA,option_1,0,borgernes_parti,NA,1,NA,1,sjaelland,kort_videre,1964,Kvinde,247,NA,2026-05-23 14:00:33 UTC,NA,2026-05-23 14:00:20 UTC,2026-05-23 14:00:09 UTC,2026-05-23 14:00:04 UTC,2026-05-23 13:59:53 UTC,NA,NA,NA,NA,NA,2026-05-23 14:01:52 UTC,2026-05-23 14:00:59 UTC,2026-05-23 14:00:53 UTC,NA,NA,NA,NA,NA,NA,NA,NA,NA,NA,NA,NA,NA,NA,2026-05-23 14:01:53 UTC,2026-05-23 14:01:05 UTC,2026-05-23 14:01:01 UTC,2026-05-23 14:00:34 UTC,2026-05-23 14:00:10 UTC,2026-05-23 13:59:37 UTC,2026-05-23 13:59:28 UTC,NA,NA,NA,NA,cbc_q2_page
8662277eb5840bb2879fb1ad19f4bf3c,2026-06-19 23:20:16 UTC,2026-06-19 23:25:13 UTC,2026-06-19 23:20:36 UTC,1,1,1,1,1,NA,1,2,2,2,2,NA,option_2,option_2,option_2,option_1,option_2,0,dansk_folkeparti,NA,1,NA,1,sjaelland,erhvervsuddannelse,1969,Kvinde,914,NA,2026-06-19 23:21:15 UTC,NA,2026-06-19 23:21:07 UTC,2026-06-19 23:20:56 UTC,2026-06-19 23:20:53 UTC,2026-06-19 23:20:42 UTC,NA,2026-06-19 23:23:39 UTC,2026-06-19 23:23:19 UTC,2026-06-19 23:22:59 UTC,2026-06-19 23:22:36 UTC,2026-06-19 23:22:13 UTC,2026-06-19 23:21:31 UTC,2026-06-19 23:21:29 UTC,2026-06-19 23:24:42 UTC,2026-06-19 23:24:41 UTC,2026-06-19 23:24:40 UTC,2026-06-19 23:24:40 UTC,NA,2026-06-19 23:24:27 UTC,2026-06-19 23:24:24 UTC,2026-06-19 23:24:18 UTC,2026-06-19 23:24:26 UTC,2026-06-19 23:24:14 UTC,2026-06-19 23:23:40 UTC,2026-06-19 23:23:19 UTC,2026-06-19 23:23:00 UTC,2026-06-19 23:22:37 UTC,2026-06-19 23:22:14 UTC,2026-06-19 23:21:52 UTC,2026-06-19 23:21:33 UTC,2026-06-19 23:21:17 UTC,2026-06-19 23:20:58 UTC,2026-06-19 23:20:31 UTC,2026-06-19 23:20:16 UTC,2026-06-19 23:24:42 UTC,2026-06-19 23:24:43 UTC,2026-06-19 23:24:28 UTC,2026-06-19 23:23:47 UTC,end_normal
869376cfe5ff94ce78fdd1b268fecb4c,2026-06-19 19:03:23 UTC,2026-06-19 19:04:54 UTC,2026-06-19 19:03:34 UTC,NA,NA,NA,NA,NA,NA,NA,NA,NA,NA,NA,NA,NA,NA,NA,NA,NA,NA,NA,NA,2,NA,2,nordjylland,mellemlang_videre,1971,Kvinde,1468,NA,2026-06-19 19:04:17 UTC,NA,2026-06-19 19:03:56 UTC,2026-06-19 19:03:48 UTC,2026-06-19 19:03:44 UTC,2026-06-19 19:03:39 UTC,NA,NA,NA,NA,NA,NA,NA,NA,NA,NA,NA,NA,NA,NA,NA,NA,NA,NA,NA,NA,NA,NA,NA,NA,NA,NA,2026-06-19 19:03:48 UTC,2026-06-19 19:03:30 UTC,2026-06-19 19:03:23 UTC,NA,NA,NA,NA,issue_positions
86d32e5c9d8e901a1d28459888bce9aa,2026-05-17 07:02:07 UTC,2026-05-17 07:09:02 UTC,2026-05-17 07:02:19 UTC,2,3,5,3,3,NA,2,3,5,3,3,NA,option_1,option_2,option_2,option_1,option_1,1,liberal_alliance,NA,1,NA,1,sjaelland,lang_videre,1977,Mand,1994,NA,2026-05-17 07:03:41 UTC,NA,2026-05-17 07:03:24 UTC,2026-05-17 07:02:35 UTC,2026-05-17 07:02:30 UTC,2026-05-17 07:02:26 UTC,NA,2026-05-17 07:06:04 UTC,2026-05-17 07:05:42 UTC,2026-05-17 07:05:12 UTC,2026-05-17 07:04:58 UTC,2026-05-17 07:04:32 UTC,2026-05-17 07:03:57 UTC,2026-05-17 07:03:48 UTC,2026-05-17 07:07:50 UTC,2026-05-17 07:07:48 UTC,2026-05-17 07:07:46 UTC,2026-05-17 07:07:33 UTC,NA,2026-05-17 07:07:13 UTC,2026-05-17 07:06:58 UTC,2026-05-17 07:06:51 UTC,2026-05-17 07:06:42 UTC,2026-05-17 07:06:34 UTC,2026-05-17 07:06:04 UTC,2026-05-17 07:05:43 UTC,2026-05-17 07:05:15 UTC,2026-05-17 07:05:00 UTC,2026-05-17 07:04:33 UTC,2026-05-17 07:04:05 UTC,2026-05-17 07:03:58 UTC,2026-05-17 07:03:42 UTC,2026-05-17 07:02:40 UTC,2026-05-17 07:02:15 UTC,2026-05-17 07:02:07 UTC,2026-05-17 07:08:02 UTC,2026-05-17 07:08:04 UTC,2026-05-17 07:07:14 UTC,2026-05-17 07:06:14 UTC,end_normal
86e6de56c374d8fb5857872fd8a4ea61,2026-05-16 13:29:11 UTC,2026-05-16 13:34:08 UTC,2026-05-16 13:29:27 UTC,NA,NA,NA,NA,NA,NA,NA,NA,NA,NA,NA,NA,NA,NA,NA,NA,NA,NA,NA,NA,NA,NA,NA,syddanmark,mellemlang_videre,1959,Kvinde,1397,NA,NA,NA,NA,2026-05-16 13:29:52 UTC,2026-05-16 13:29:47 UTC,2026-05-16 13:29:36 UTC,NA,NA,NA,NA,NA,NA,NA,NA,NA,NA,NA,NA,NA,NA,NA,NA,NA,NA,NA,NA,NA,NA,NA,NA,NA,NA,2026-05-16 13:29:55 UTC,2026-05-16 13:29:22 UTC,2026-05-16 13:29:11 UTC,NA,NA,NA,NA,issue_positions
86fdfda12237bc5e04138149a539232d,2026-05-17 19:57:17 UTC,2026-05-17 20:02:03 UTC,2026-05-17 19:58:15 UTC,NA,NA,NA,NA,NA,NA,NA,NA,NA,NA,NA,NA,NA,NA,NA,NA,NA,7,enhedslisten,NA,3,NA,3,sjaelland,lang_videre,1954,Kvinde,1068,NA,2026-05-17 19:59:39 UTC,NA,2026-05-17 19:59:30 UTC,2026-05-17 19:59:13 UTC,2026-05-17 19:59:05 UTC,2026-05-17 19:58:55 UTC,NA,NA,NA,NA,NA,NA,2026-05-17 19:59:55 UTC,2026-05-17 19:59:49 UTC,NA,NA,NA,NA,NA,NA,NA,NA,NA,NA,NA,NA,NA,NA,NA,2026-05-17 20:00:08 UTC,2026-05-17 19:59:57 UTC,2026-05-17 19:59:40 UTC,2026-05-17 19:59:15 UTC,2026-05-17 19:58:10 UTC,2026-05-17 19:57:17 UTC,NA,NA,NA,NA,cbc_q1_page
87621576b76c99efd22f314f1ad9dfcb,2026-06-19 19:28:43 UTC,2026-06-19 19:34:30 UTC,2026-06-19 19:28:56 UTC,3,3,3,3,3,NA,3,3,3,3,3,NA,option_1,option_2,option_2,option_1,option_1,3,liberal_alliance,NA,1,NA,1,midtjylland,mellemlang_videre,1975,Mand,183,NA,2026-06-19 19:29:38 UTC,NA,2026-06-19 19:29:26 UTC,2026-06-19 19:29:14 UTC,2026-06-19 19:29:11 UTC,2026-06-19 19:29:02 UTC,NA,2026-06-19 19:32:07 UTC,2026-06-19 19:31:52 UTC,2026-06-19 19:31:29 UTC,2026-06-19 19:31:08 UTC,2026-06-19 19:30:42 UTC,2026-06-19 19:29:52 UTC,2026-06-19 19:29:48 UTC,2026-06-19 19:33:01 UTC,2026-06-19 19:33:01 UTC,2026-06-19 19:33:00 UTC,2026-06-19 19:33:00 UTC,NA,2026-06-19 19:32:43 UTC,2026-06-19 19:32:41 UTC,2026-06-19 19:32:39 UTC,2026-06-19 19:32:37 UTC,2026-06-19 19:32:37 UTC,2026-06-19 19:32:08 UTC,2026-06-19 19:31:53 UTC,2026-06-19 19:31:29 UTC,2026-06-19 19:31:13 UTC,2026-06-19 19:30:46 UTC,2026-06-19 19:29:58 UTC,2026-06-19 19:29:53 UTC,2026-06-19 19:29:39 UTC,2026-06-19 19:29:15 UTC,2026-06-19 19:28:51 UTC,2026-06-19 19:28:43 UTC,2026-06-19 19:33:02 UTC,2026-06-19 19:33:03 UTC,2026-06-19 19:32:49 UTC,2026-06-19 19:32:13 UTC,end_normal
87637845a04a06c95a81e3c699fb5335,2026-06-20 21:26:15 UTC,2026-06-20 21:32:53 UTC,2026-06-20 21:26:26 UTC,3,3,3,3,3,NA,3,2,3,2,2,NA,option_2,option_2,option_2,option_2,option_1,4,moderaterne,3,2,1,2,sjaelland,mellemlang_videre,1989,Mand,107,2026-06-20 21:27:35 UTC,2026-06-20 21:27:22 UTC,2026-06-20 21:27:11 UTC,2026-06-20 21:26:57 UTC,2026-06-20 21:26:37 UTC,2026-06-20 21:26:34 UTC,2026-06-20 21:26:31 UTC,NA,2026-06-20 21:30:51 UTC,2026-06-20 21:29:36 UTC,2026-06-20 21:29:15 UTC,2026-06-20 21:28:59 UTC,2026-06-20 21:28:41 UTC,2026-06-20 21:28:06 UTC,2026-06-20 21:27:58 UTC,2026-06-20 21:32:18 UTC,2026-06-20 21:32:12 UTC,2026-06-20 21:32:10 UTC,2026-06-20 21:32:03 UTC,NA,2026-06-20 21:31:41 UTC,2026-06-20 21:31:36 UTC,2026-06-20 21:31:32 UTC,2026-06-20 21:31:27 UTC,2026-06-20 21:31:23 UTC,2026-06-20 21:30:57 UTC,2026-06-20 21:29:38 UTC,2026-06-20 21:29:17 UTC,2026-06-20 21:29:03 UTC,2026-06-20 21:28:43 UTC,2026-06-20 21:28:21 UTC,2026-06-20 21:28:13 UTC,2026-06-20 21:27:45 UTC,2026-06-20 21:26:38 UTC,2026-06-20 21:26:21 UTC,2026-06-20 21:26:15 UTC,2026-06-20 21:32:27 UTC,2026-06-20 21:32:28 UTC,2026-06-20 21:31:45 UTC,2026-06-20 21:31:04 UTC,end_normal
8774940084b282ed992dca6f587f50e9,2026-06-02 20:14:15 UTC,2026-06-02 20:15:20 UTC,2026-06-02 20:14:30 UTC,NA,NA,NA,NA,NA,NA,NA,NA,NA,NA,NA,NA,NA,NA,NA,NA,NA,NA,NA,NA,NA,NA,NA,hovedstaden,mellemlang_videre,2002,Mand,899,NA,NA,NA,NA,2026-06-02 20:14:50 UTC,2026-06-02 20:14:46 UTC,2026-06-02 20:14:33 UTC,NA,NA,NA,NA,NA,NA,NA,NA,NA,NA,NA,NA,NA,NA,NA,NA,NA,NA,NA,NA,NA,NA,NA,NA,NA,NA,2026-06-02 20:14:51 UTC,2026-06-02 20:14:26 UTC,2026-06-02 20:14:15 UTC,NA,NA,NA,NA,issue_positions
877887e83d8ab2abf4e5db132d1602c9,2026-05-17 13:42:43 UTC,2026-05-17 13:51:08 UTC,2026-05-17 13:42:59 UTC,4,5,5,4,4,NA,2,2,2,4,2,NA,option_1,option_2,option_1,option_1,option_2,8,venstre,NA,1,3,2,syddanmark,mellemlang_videre,2002,Kvinde,1537,NA,2026-05-17 13:44:02 UTC,2026-05-17 13:43:49 UTC,2026-05-17 13:43:30 UTC,2026-05-17 13:43:20 UTC,2026-05-17 13:43:12 UTC,2026-05-17 13:43:02 UTC,NA,2026-05-17 13:47:04 UTC,2026-05-17 13:46:43 UTC,2026-05-17 13:46:09 UTC,2026-05-17 13:45:48 UTC,2026-05-17 13:45:03 UTC,2026-05-17 13:44:13 UTC,2026-05-17 13:44:09 UTC,2026-05-17 13:48:30 UTC,2026-05-17 13:48:24 UTC,2026-05-17 13:48:16 UTC,2026-05-17 13:48:13 UTC,NA,2026-05-17 13:48:01 UTC,2026-05-17 13:47:52 UTC,2026-05-17 13:47:46 UTC,2026-05-17 13:47:38 UTC,2026-05-17 13:47:33 UTC,2026-05-17 13:47:05 UTC,2026-05-17 13:46:43 UTC,NA,2026-05-17 13:45:49 UTC,2026-05-17 13:45:03 UTC,2026-05-17 13:44:28 UTC,2026-05-17 13:44:14 UTC,2026-05-17 13:44:02 UTC,2026-05-17 13:43:21 UTC,2026-05-17 13:42:55 UTC,2026-05-17 13:42:43 UTC,2026-05-17 13:48:31 UTC,2026-05-17 13:48:32 UTC,2026-05-17 13:48:02 UTC,2026-05-17 13:47:15 UTC,end_normal
883d1195f15723b088d371b3340d6d40,2026-05-19 15:12:22 UTC,2026-05-19 15:17:24 UTC,2026-05-19 15:12:33 UTC,2,4,4,4,4,NA,3,4,4,4,4,NA,option_2,option_1,option_1,option_1,option_2,6,socialdemokratiet,3,2,3,2,sjaelland,erhvervsuddannelse,1953,Kvinde,327,2026-05-19 15:13:15 UTC,2026-05-19 15:13:11 UTC,2026-05-19 15:13:04 UTC,2026-05-19 15:13:00 UTC,2026-05-19 15:12:51 UTC,2026-05-19 15:12:48 UTC,2026-05-19 15:12:42 UTC,NA,2026-05-19 15:15:27 UTC,2026-05-19 15:15:10 UTC,2026-05-19 15:14:51 UTC,2026-05-19 15:14:26 UTC,2026-05-19 15:14:06 UTC,2026-05-19 15:13:33 UTC,2026-05-19 15:13:30 UTC,2026-05-19 15:16:53 UTC,2026-05-19 15:16:50 UTC,2026-05-19 15:16:46 UTC,2026-05-19 15:16:42 UTC,NA,2026-05-19 15:16:19 UTC,2026-05-19 15:16:15 UTC,2026-05-19 15:16:14 UTC,2026-05-19 15:16:14 UTC,2026-05-19 15:16:12 UTC,2026-05-19 15:15:28 UTC,2026-05-19 15:15:10 UTC,2026-05-19 15:14:52 UTC,2026-05-19 15:14:28 UTC,2026-05-19 15:14:06 UTC,2026-05-19 15:13:40 UTC,2026-05-19 15:13:37 UTC,2026-05-19 15:13:20 UTC,2026-05-19 15:12:53 UTC,2026-05-19 15:12:30 UTC,2026-05-19 15:12:22 UTC,2026-05-19 15:16:56 UTC,2026-05-19 15:16:59 UTC,2026-05-19 15:16:20 UTC,2026-05-19 15:15:36 UTC,end_normal
889559e70d45253e6dbc2f240263897a,2026-06-20 05:24:12 UTC,2026-06-20 05:25:15 UTC,NA,NA,NA,NA,NA,NA,NA,NA,NA,NA,NA,NA,NA,NA,NA,NA,NA,NA,NA,NA,NA,NA,NA,NA,NA,NA,NA,NA,1455,NA,NA,NA,NA,NA,NA,NA,NA,NA,NA,NA,NA,NA,NA,NA,NA,NA,NA,NA,NA,NA,NA,NA,NA,NA,NA,NA,NA,NA,NA,NA,NA,NA,NA,2026-06-20 05:24:24 UTC,2026-06-20 05:24:12 UTC,NA,NA,NA,NA,Background
88bdcb7670ab8c4664c33c748d03dc85,2026-06-19 18:34:09 UTC,2026-06-19 18:47:32 UTC,2026-06-19 18:34:25 UTC,2,2,4,3,3,NA,3,3,4,3,3,NA,option_2,option_2,option_2,option_1,option_1,0,dansk_folkeparti,NA,1,NA,1,midtjylland,kort_videre,1966,Kvinde,428,NA,2026-06-19 18:35:01 UTC,NA,2026-06-19 18:34:53 UTC,2026-06-19 18:34:42 UTC,2026-06-19 18:34:40 UTC,2026-06-19 18:34:31 UTC,NA,2026-06-19 18:37:15 UTC,2026-06-19 18:37:02 UTC,2026-06-19 18:36:45 UTC,2026-06-19 18:36:28 UTC,2026-06-19 18:36:05 UTC,2026-06-19 18:35:24 UTC,2026-06-19 18:35:20 UTC,2026-06-19 18:38:22 UTC,2026-06-19 18:38:29 UTC,2026-06-19 18:38:12 UTC,2026-06-19 18:38:11 UTC,NA,2026-06-19 18:37:49 UTC,2026-06-19 18:37:46 UTC,2026-06-19 18:37:45 UTC,2026-06-19 18:37:58 UTC,2026-06-19 18:37:39 UTC,2026-06-19 18:37:17 UTC,NA,2026-06-19 18:36:46 UTC,2026-06-19 18:36:30 UTC,2026-06-19 18:36:06 UTC,2026-06-19 18:35:35 UTC,2026-06-19 18:35:25 UTC,2026-06-19 18:35:01 UTC,2026-06-19 18:34:43 UTC,2026-06-19 18:34:21 UTC,2026-06-19 18:34:09 UTC,2026-06-19 18:38:23 UTC,2026-06-19 18:38:30 UTC,2026-06-19 18:37:58 UTC,2026-06-19 18:37:23 UTC,end_normal
88f5b7d27ec7ae57310eba8ced08a6b8,2026-05-18 06:46:13 UTC,2026-05-18 06:58:07 UTC,2026-05-18 06:46:44 UTC,1,1,1,1,1,NA,1,2,2,2,1,NA,option_1,option_2,option_1,option_2,option_1,8,sf,NA,3,NA,3,sjaelland,mellemlang_videre,1956,Kvinde,165,NA,2026-05-18 06:48:58 UTC,NA,2026-05-18 06:48:47 UTC,2026-05-18 06:47:31 UTC,2026-05-18 06:47:28 UTC,2026-05-18 06:48:32 UTC,NA,2026-05-18 06:54:19 UTC,2026-05-18 06:53:46 UTC,2026-05-18 06:52:48 UTC,2026-05-18 06:51:00 UTC,2026-05-18 06:50:28 UTC,2026-05-18 06:49:21 UTC,2026-05-18 06:49:07 UTC,2026-05-18 06:57:02 UTC,2026-05-18 06:56:59 UTC,2026-05-18 06:56:57 UTC,2026-05-18 06:56:48 UTC,NA,2026-05-18 06:56:21 UTC,2026-05-18 06:56:18 UTC,2026-05-18 06:56:14 UTC,2026-05-18 06:56:02 UTC,2026-05-18 06:55:20 UTC,2026-05-18 06:54:21 UTC,2026-05-18 06:53:48 UTC,2026-05-18 06:52:50 UTC,2026-05-18 06:51:11 UTC,2026-05-18 06:50:30 UTC,2026-05-18 06:49:42 UTC,2026-05-18 06:49:23 UTC,2026-05-18 06:48:59 UTC,2026-05-18 06:48:37 UTC,2026-05-18 06:46:40 UTC,2026-05-18 06:46:13 UTC,2026-05-18 06:57:14 UTC,2026-05-18 06:57:15 UTC,2026-05-18 06:56:24 UTC,2026-05-18 06:54:35 UTC,end_normal
89092bac2c7dbdb80e0b26b1527b6d36,2026-05-13 18:32:27 UTC,2026-05-13 18:34:37 UTC,2026-05-13 18:32:49 UTC,NA,NA,NA,NA,NA,NA,NA,NA,NA,NA,NA,NA,NA,NA,NA,NA,NA,NA,NA,NA,NA,NA,NA,NA,gymnasial,2006,Kvinde,277,NA,NA,NA,NA,NA,2026-05-13 18:32:59 UTC,2026-05-13 18:32:52 UTC,NA,NA,NA,NA,NA,NA,NA,NA,NA,NA,NA,NA,NA,NA,NA,NA,NA,NA,NA,NA,NA,NA,NA,NA,NA,NA,NA,2026-05-13 18:32:42 UTC,2026-05-13 18:32:27 UTC,NA,NA,NA,NA,Background
89c8f55844e9a0a41f16112b610bdf87,2026-05-24 07:06:45 UTC,2026-05-24 07:34:24 UTC,2026-05-24 07:07:17 UTC,5,2,3,3,4,NA,1,2,3,3,2,NA,option_2,option_1,option_2,option_1,option_1,7,socialdemokratiet,3,2,1,2,sjaelland,kort_videre,1958,Kvinde,1051,2026-05-24 07:09:35 UTC,2026-05-24 07:09:08 UTC,2026-05-24 07:08:43 UTC,2026-05-24 07:08:24 UTC,2026-05-24 07:08:02 UTC,2026-05-24 07:07:55 UTC,2026-05-24 07:07:30 UTC,NA,2026-05-24 07:14:45 UTC,2026-05-24 07:13:58 UTC,2026-05-24 07:12:59 UTC,2026-05-24 07:12:24 UTC,2026-05-24 07:11:41 UTC,2026-05-24 07:10:02 UTC,2026-05-24 07:09:47 UTC,2026-05-24 07:17:40 UTC,2026-05-24 07:17:25 UTC,2026-05-24 07:17:22 UTC,2026-05-24 07:17:18 UTC,NA,2026-05-24 07:16:49 UTC,2026-05-24 07:16:43 UTC,2026-05-24 07:16:31 UTC,2026-05-24 07:16:27 UTC,2026-05-24 07:16:24 UTC,2026-05-24 07:14:50 UTC,2026-05-24 07:14:02 UTC,2026-05-24 07:13:02 UTC,2026-05-24 07:12:28 UTC,2026-05-24 07:11:42 UTC,2026-05-24 07:10:48 UTC,2026-05-24 07:10:07 UTC,2026-05-24 07:09:39 UTC,2026-05-24 07:08:05 UTC,2026-05-24 07:07:11 UTC,2026-05-24 07:06:45 UTC,2026-05-24 07:17:43 UTC,2026-05-24 07:17:44 UTC,2026-05-24 07:16:50 UTC,2026-05-24 07:15:08 UTC,end_normal
89dfbc12db22b90ed2fae4542476e414,2026-05-18 21:07:33 UTC,2026-05-18 21:56:36 UTC,2026-05-18 21:07:46 UTC,NA,NA,NA,NA,NA,NA,NA,NA,NA,NA,NA,NA,option_1,option_1,option_2,option_2,option_2,0,alternativet,NA,3,3,2,sjaelland,mellemlang_videre,1963,Kvinde,456,NA,2026-05-18 21:08:43 UTC,2026-05-18 21:08:27 UTC,2026-05-18 21:08:19 UTC,2026-05-18 21:08:03 UTC,2026-05-18 21:07:59 UTC,2026-05-18 21:07:55 UTC,NA,2026-05-18 21:11:24 UTC,2026-05-18 21:10:56 UTC,2026-05-18 21:10:35 UTC,2026-05-18 21:10:12 UTC,2026-05-18 21:09:37 UTC,2026-05-18 21:09:03 UTC,2026-05-18 21:08:57 UTC,NA,NA,NA,NA,NA,NA,NA,NA,NA,NA,2026-05-18 21:11:25 UTC,2026-05-18 21:11:03 UTC,2026-05-18 21:10:38 UTC,2026-05-18 21:10:15 UTC,2026-05-18 21:09:40 UTC,2026-05-18 21:09:18 UTC,2026-05-18 21:09:06 UTC,2026-05-18 21:08:44 UTC,2026-05-18 21:08:05 UTC,2026-05-18 21:07:41 UTC,2026-05-18 21:07:33 UTC,NA,NA,NA,2026-05-18 21:11:30 UTC,single_profile_1
8a41bc53b536b0960f7dc2bdf2463777,2026-05-18 13:01:59 UTC,2026-05-18 13:07:56 UTC,2026-05-18 13:02:10 UTC,1,2,3,2,2,NA,1,2,3,2,2,NA,option_1,option_2,option_2,option_2,option_2,4,alternativet,3,2,NA,3,midtjylland,mellemlang_videre,1986,Kvinde,1028,2026-05-18 13:03:19 UTC,2026-05-18 13:03:03 UTC,NA,2026-05-18 13:02:47 UTC,2026-05-18 13:02:31 UTC,2026-05-18 13:02:27 UTC,2026-05-18 13:02:20 UTC,NA,2026-05-18 13:06:02 UTC,2026-05-18 13:05:39 UTC,2026-05-18 13:05:22 UTC,2026-05-18 13:04:56 UTC,2026-05-18 13:04:22 UTC,2026-05-18 13:03:38 UTC,2026-05-18 13:03:29 UTC,2026-05-18 13:07:20 UTC,2026-05-18 13:07:17 UTC,2026-05-18 13:07:14 UTC,2026-05-18 13:07:13 UTC,NA,2026-05-18 13:06:58 UTC,2026-05-18 13:06:55 UTC,2026-05-18 13:06:50 UTC,2026-05-18 13:06:42 UTC,2026-05-18 13:06:37 UTC,2026-05-18 13:06:07 UTC,2026-05-18 13:05:40 UTC,2026-05-18 13:05:23 UTC,2026-05-18 13:05:01 UTC,2026-05-18 13:04:28 UTC,2026-05-18 13:03:47 UTC,2026-05-18 13:03:41 UTC,2026-05-18 13:03:20 UTC,2026-05-18 13:02:33 UTC,2026-05-18 13:02:05 UTC,2026-05-18 13:01:59 UTC,2026-05-18 13:07:22 UTC,2026-05-18 13:07:23 UTC,2026-05-18 13:06:59 UTC,2026-05-18 13:06:11 UTC,end_normal
8aa6afa437226249a01cbc506db87501,2026-05-13 14:39:50 UTC,2026-05-13 14:46:50 UTC,2026-05-13 14:40:04 UTC,2,2,2,2,2,NA,3,3,3,3,3,NA,option_2,option_2,option_1,option_2,option_2,3,borgernes_parti,1,2,NA,1,hovedstaden,erhvervsuddannelse,1968,Mand,1731,2026-05-13 14:41:26 UTC,2026-05-13 14:41:11 UTC,NA,2026-05-13 14:40:33 UTC,2026-05-13 14:40:23 UTC,2026-05-13 14:40:16 UTC,2026-05-13 14:40:12 UTC,NA,2026-05-13 14:44:53 UTC,2026-05-13 14:44:28 UTC,2026-05-13 14:44:00 UTC,2026-05-13 14:43:19 UTC,2026-05-13 14:42:46 UTC,2026-05-13 14:41:51 UTC,2026-05-13 14:41:43 UTC,2026-05-13 14:46:27 UTC,2026-05-13 14:46:25 UTC,2026-05-13 14:46:22 UTC,2026-05-13 14:46:21 UTC,NA,2026-05-13 14:45:58 UTC,2026-05-13 14:45:57 UTC,2026-05-13 14:45:51 UTC,2026-05-13 14:45:29 UTC,2026-05-13 14:45:27 UTC,2026-05-13 14:44:54 UTC,2026-05-13 14:44:28 UTC,2026-05-13 14:44:03 UTC,2026-05-13 14:43:19 UTC,2026-05-13 14:42:47 UTC,2026-05-13 14:42:00 UTC,2026-05-13 14:41:55 UTC,2026-05-13 14:41:29 UTC,2026-05-13 14:40:24 UTC,2026-05-13 14:39:59 UTC,2026-05-13 14:39:50 UTC,2026-05-13 14:46:27 UTC,2026-05-13 14:46:28 UTC,2026-05-13 14:46:00 UTC,2026-05-13 14:45:01 UTC,end_normal
8afb726d41f528f4a8a263af79705e42,2026-05-20 07:07:48 UTC,2026-05-20 07:13:03 UTC,2026-05-20 07:08:01 UTC,4,4,4,4,4,NA,5,5,5,5,5,NA,option_1,option_2,option_1,option_2,option_1,6,enhedslisten,NA,3,NA,3,hovedstaden,lang_videre,1979,Kvinde,450,NA,2026-05-20 07:08:39 UTC,NA,2026-05-20 07:08:30 UTC,2026-05-20 07:08:16 UTC,2026-05-20 07:08:13 UTC,2026-05-20 07:08:08 UTC,NA,2026-05-20 07:11:26 UTC,2026-05-20 07:10:59 UTC,2026-05-20 07:10:45 UTC,2026-05-20 07:10:03 UTC,2026-05-20 07:09:42 UTC,2026-05-20 07:09:00 UTC,2026-05-20 07:08:49 UTC,2026-05-20 07:12:37 UTC,2026-05-20 07:12:36 UTC,2026-05-20 07:12:35 UTC,2026-05-20 07:12:34 UTC,NA,2026-05-20 07:12:02 UTC,2026-05-20 07:12:02 UTC,2026-05-20 07:11:58 UTC,2026-05-20 07:11:57 UTC,2026-05-20 07:11:53 UTC,2026-05-20 07:11:27 UTC,2026-05-20 07:11:02 UTC,2026-05-20 07:10:45 UTC,2026-05-20 07:10:06 UTC,2026-05-20 07:09:42 UTC,2026-05-20 07:09:10 UTC,2026-05-20 07:09:02 UTC,2026-05-20 07:08:41 UTC,2026-05-20 07:08:18 UTC,2026-05-20 07:07:57 UTC,2026-05-20 07:07:48 UTC,2026-05-20 07:12:38 UTC,2026-05-20 07:12:39 UTC,2026-05-20 07:12:09 UTC,2026-05-20 07:11:31 UTC,end_normal
8b73dbeec6997a2939cf3e3ce9afe74f,2026-06-20 18:34:27 UTC,2026-06-20 18:42:12 UTC,2026-06-20 18:34:43 UTC,1,2,2,2,3,NA,1,3,3,3,3,NA,option_1,option_1,option_2,option_2,option_2,5,socialdemokratiet,3,2,NA,1,syddanmark,mellemlang_videre,1955,Kvinde,155,2026-06-20 18:36:04 UTC,2026-06-20 18:35:47 UTC,NA,2026-06-20 18:35:34 UTC,2026-06-20 18:35:07 UTC,2026-06-20 18:34:58 UTC,2026-06-20 18:34:52 UTC,NA,2026-06-20 18:39:43 UTC,2026-06-20 18:39:19 UTC,2026-06-20 18:38:36 UTC,2026-06-20 18:38:05 UTC,2026-06-20 18:37:29 UTC,2026-06-20 18:36:34 UTC,2026-06-20 18:36:15 UTC,2026-06-20 18:41:33 UTC,2026-06-20 18:41:30 UTC,2026-06-20 18:41:25 UTC,2026-06-20 18:41:16 UTC,NA,2026-06-20 18:40:54 UTC,2026-06-20 18:40:48 UTC,2026-06-20 18:40:42 UTC,2026-06-20 18:40:38 UTC,2026-06-20 18:40:31 UTC,2026-06-20 18:39:48 UTC,2026-06-20 18:39:19 UTC,2026-06-20 18:38:38 UTC,2026-06-20 18:38:08 UTC,2026-06-20 18:37:29 UTC,2026-06-20 18:36:51 UTC,2026-06-20 18:36:37 UTC,2026-06-20 18:36:05 UTC,2026-06-20 18:35:11 UTC,2026-06-20 18:34:40 UTC,2026-06-20 18:34:27 UTC,2026-06-20 18:41:36 UTC,2026-06-20 18:41:40 UTC,2026-06-20 18:40:58 UTC,2026-06-20 18:39:55 UTC,end_normal
8bbb38483ee8b30e2bc9cb982f7ce8bb,2026-05-15 20:34:13 UTC,2026-05-15 20:40:48 UTC,2026-05-15 20:34:25 UTC,NA,NA,NA,NA,NA,NA,NA,NA,NA,NA,NA,NA,NA,NA,NA,NA,NA,NA,NA,NA,NA,NA,NA,NA,NA,NA,Mand,1653,NA,NA,NA,NA,NA,NA,NA,NA,NA,NA,NA,NA,NA,NA,NA,NA,NA,NA,NA,NA,NA,NA,NA,NA,NA,NA,NA,NA,NA,NA,NA,NA,NA,NA,2026-05-15 20:34:21 UTC,2026-05-15 20:34:13 UTC,NA,NA,NA,NA,Background
8be3aafcfb772ee8347e166855ec288a,2026-06-19 18:35:39 UTC,2026-06-19 18:47:29 UTC,2026-06-19 18:36:05 UTC,1,1,2,2,2,NA,2,3,3,3,3,NA,option_2,option_2,NA,option_2,option_2,9,sf,NA,3,NA,3,midtjylland,mellemlang_videre,1957,Kvinde,1865,NA,2026-06-19 18:37:10 UTC,NA,2026-06-19 18:36:47 UTC,2026-06-19 18:36:25 UTC,2026-06-19 18:36:20 UTC,2026-06-19 18:36:12 UTC,NA,2026-06-19 18:42:30 UTC,2026-06-19 18:41:03 UTC,NA,2026-06-19 18:39:07 UTC,2026-06-19 18:38:32 UTC,2026-06-19 18:37:33 UTC,2026-06-19 18:37:24 UTC,2026-06-19 18:45:21 UTC,2026-06-19 18:45:19 UTC,2026-06-19 18:45:15 UTC,2026-06-19 18:45:06 UTC,NA,2026-06-19 18:44:45 UTC,2026-06-19 18:44:37 UTC,2026-06-19 18:44:35 UTC,2026-06-19 18:44:20 UTC,2026-06-19 18:44:17 UTC,2026-06-19 18:42:32 UTC,2026-06-19 18:41:07 UTC,2026-06-19 18:40:28 UTC,2026-06-19 18:39:09 UTC,2026-06-19 18:38:33 UTC,2026-06-19 18:37:55 UTC,2026-06-19 18:37:35 UTC,2026-06-19 18:37:11 UTC,NA,2026-06-19 18:35:59 UTC,2026-06-19 18:35:39 UTC,2026-06-19 18:45:29 UTC,2026-06-19 18:45:32 UTC,2026-06-19 18:44:46 UTC,2026-06-19 18:42:52 UTC,end_normal
8c193f48d22224e0bb020d43e212568b,2026-05-17 16:09:10 UTC,2026-05-17 16:20:20 UTC,2026-05-17 16:09:24 UTC,4,4,4,4,4,NA,4,4,4,4,4,NA,option_1,option_2,option_1,option_1,option_1,7,socialdemokratiet,3,2,NA,1,sjaelland,kort_videre,1966,Kvinde,599,2026-05-17 16:10:24 UTC,2026-05-17 16:10:06 UTC,NA,2026-05-17 16:09:57 UTC,2026-05-17 16:09:44 UTC,2026-05-17 16:09:41 UTC,2026-05-17 16:09:30 UTC,NA,2026-05-17 16:13:24 UTC,2026-05-17 16:13:00 UTC,2026-05-17 16:12:28 UTC,2026-05-17 16:12:01 UTC,2026-05-17 16:11:20 UTC,2026-05-17 16:10:36 UTC,2026-05-17 16:10:31 UTC,2026-05-17 16:14:23 UTC,2026-05-17 16:14:21 UTC,2026-05-17 16:14:19 UTC,2026-05-17 16:14:18 UTC,NA,2026-05-17 16:14:04 UTC,2026-05-17 16:14:02 UTC,2026-05-17 16:13:59 UTC,2026-05-17 16:13:52 UTC,2026-05-17 16:13:51 UTC,2026-05-17 16:13:26 UTC,2026-05-17 16:13:01 UTC,2026-05-17 16:12:31 UTC,2026-05-17 16:12:01 UTC,2026-05-17 16:11:23 UTC,2026-05-17 16:10:45 UTC,2026-05-17 16:10:39 UTC,2026-05-17 16:10:27 UTC,2026-05-17 16:09:45 UTC,2026-05-17 16:09:20 UTC,2026-05-17 16:09:10 UTC,2026-05-17 16:14:24 UTC,2026-05-17 16:14:24 UTC,2026-05-17 16:14:04 UTC,2026-05-17 16:13:33 UTC,end_normal
8c196eee75eb5f5b5a6b726552e34c98,2026-05-20 05:23:59 UTC,2026-05-20 05:33:42 UTC,2026-05-20 05:24:16 UTC,5,5,5,5,5,NA,1,2,2,3,2,NA,option_2,option_2,option_1,option_1,option_1,7,sf,NA,3,3,2,sjaelland,mellemlang_videre,1976,Kvinde,178,NA,2026-05-20 05:25:28 UTC,2026-05-20 05:25:17 UTC,2026-05-20 05:24:48 UTC,2026-05-20 05:24:34 UTC,2026-05-20 05:24:26 UTC,2026-05-20 05:24:22 UTC,NA,2026-05-20 05:28:40 UTC,2026-05-20 05:27:59 UTC,2026-05-20 05:27:39 UTC,2026-05-20 05:27:08 UTC,2026-05-20 05:26:30 UTC,2026-05-20 05:25:47 UTC,2026-05-20 05:25:36 UTC,2026-05-20 05:33:16 UTC,2026-05-20 05:33:13 UTC,2026-05-20 05:33:11 UTC,2026-05-20 05:33:09 UTC,NA,2026-05-20 05:32:52 UTC,2026-05-20 05:32:41 UTC,2026-05-20 05:32:38 UTC,2026-05-20 05:32:28 UTC,2026-05-20 05:32:16 UTC,2026-05-20 05:28:41 UTC,2026-05-20 05:28:01 UTC,2026-05-20 05:27:40 UTC,2026-05-20 05:27:09 UTC,2026-05-20 05:26:30 UTC,2026-05-20 05:25:54 UTC,2026-05-20 05:25:49 UTC,2026-05-20 05:25:30 UTC,2026-05-20 05:24:35 UTC,2026-05-20 05:24:11 UTC,2026-05-20 05:23:59 UTC,2026-05-20 05:33:16 UTC,2026-05-20 05:33:17 UTC,2026-05-20 05:32:53 UTC,2026-05-20 05:28:47 UTC,end_normal
8c1bafb4706718b35824b619f418a33d,2026-05-17 09:44:56 UTC,2026-05-17 09:53:09 UTC,2026-05-17 09:45:41 UTC,1,1,1,1,1,NA,1,1,1,1,1,NA,option_1,option_1,option_2,option_1,option_1,5,sf,NA,3,3,2,midtjylland,mellemlang_videre,1948,Kvinde,1617,NA,2026-05-17 09:47:18 UTC,2026-05-17 09:47:00 UTC,2026-05-17 09:46:43 UTC,2026-05-17 09:46:15 UTC,2026-05-17 09:46:03 UTC,2026-05-17 09:45:55 UTC,NA,2026-05-17 09:50:29 UTC,2026-05-17 09:50:02 UTC,2026-05-17 09:49:39 UTC,2026-05-17 09:49:17 UTC,2026-05-17 09:48:44 UTC,2026-05-17 09:47:45 UTC,2026-05-17 09:47:27 UTC,2026-05-17 09:52:27 UTC,2026-05-17 09:52:22 UTC,2026-05-17 09:52:21 UTC,2026-05-17 09:52:17 UTC,NA,2026-05-17 09:52:01 UTC,2026-05-17 09:51:32 UTC,2026-05-17 09:51:29 UTC,2026-05-17 09:51:25 UTC,2026-05-17 09:51:23 UTC,2026-05-17 09:50:32 UTC,2026-05-17 09:50:04 UTC,2026-05-17 09:49:41 UTC,2026-05-17 09:49:18 UTC,2026-05-17 09:48:50 UTC,2026-05-17 09:48:08 UTC,2026-05-17 09:47:47 UTC,2026-05-17 09:47:19 UTC,2026-05-17 09:46:21 UTC,2026-05-17 09:45:36 UTC,2026-05-17 09:44:56 UTC,2026-05-17 09:52:28 UTC,2026-05-17 09:52:29 UTC,2026-05-17 09:52:02 UTC,2026-05-17 09:50:44 UTC,end_normal
8c68daa0c897eece132c1ffe4c85a97f,2026-06-20 09:16:36 UTC,2026-06-20 09:23:29 UTC,2026-06-20 09:17:00 UTC,5,5,5,5,5,NA,5,5,5,5,5,NA,option_1,option_1,option_1,option_1,option_1,5,dansk_folkeparti,3,2,NA,1,midtjylland,grundskole,1953,Mand,545,2026-06-20 09:18:26 UTC,2026-06-20 09:17:44 UTC,NA,2026-06-20 09:17:28 UTC,2026-06-20 09:17:16 UTC,2026-06-20 09:17:11 UTC,2026-06-20 09:17:07 UTC,NA,2026-06-20 09:21:36 UTC,2026-06-20 09:21:18 UTC,2026-06-20 09:20:48 UTC,2026-06-20 09:20:28 UTC,2026-06-20 09:19:54 UTC,2026-06-20 09:18:43 UTC,2026-06-20 09:18:32 UTC,2026-06-20 09:22:42 UTC,2026-06-20 09:22:42 UTC,2026-06-20 09:22:41 UTC,2026-06-20 09:22:40 UTC,NA,2026-06-20 09:22:22 UTC,2026-06-20 09:22:21 UTC,2026-06-20 09:22:19 UTC,2026-06-20 09:22:15 UTC,2026-06-20 09:22:12 UTC,2026-06-20 09:21:39 UTC,2026-06-20 09:21:19 UTC,2026-06-20 09:20:53 UTC,2026-06-20 09:20:29 UTC,2026-06-20 09:19:59 UTC,2026-06-20 09:19:02 UTC,2026-06-20 09:18:44 UTC,2026-06-20 09:18:24 UTC,2026-06-20 09:17:18 UTC,2026-06-20 09:16:55 UTC,2026-06-20 09:16:36 UTC,2026-06-20 09:22:42 UTC,2026-06-20 09:22:44 UTC,2026-06-20 09:22:24 UTC,2026-06-20 09:21:51 UTC,end_normal
8c79ec0c3fdbbd08374c69418b299587,2026-05-21 06:52:37 UTC,2026-05-21 06:59:22 UTC,2026-05-21 06:52:57 UTC,1,1,1,1,1,NA,3,3,3,3,3,NA,option_2,option_1,option_1,option_2,option_1,4,socialdemokratiet,3,2,NA,1,midtjylland,mellemlang_videre,1954,Kvinde,17,2026-05-21 06:53:48 UTC,2026-05-21 06:53:37 UTC,NA,2026-05-21 06:53:25 UTC,2026-05-21 06:53:15 UTC,2026-05-21 06:53:11 UTC,2026-05-21 06:53:04 UTC,NA,2026-05-21 06:57:05 UTC,2026-05-21 06:56:48 UTC,2026-05-21 06:56:25 UTC,2026-05-21 06:55:28 UTC,2026-05-21 06:54:56 UTC,2026-05-21 06:54:04 UTC,2026-05-21 06:53:56 UTC,2026-05-21 06:58:23 UTC,2026-05-21 06:58:22 UTC,2026-05-21 06:58:21 UTC,2026-05-21 06:58:20 UTC,NA,2026-05-21 06:57:57 UTC,2026-05-21 06:57:57 UTC,2026-05-21 06:57:52 UTC,2026-05-21 06:57:51 UTC,2026-05-21 06:57:49 UTC,2026-05-21 06:57:06 UTC,2026-05-21 06:56:49 UTC,2026-05-21 06:56:25 UTC,2026-05-21 06:55:29 UTC,2026-05-21 06:54:57 UTC,2026-05-21 06:54:22 UTC,2026-05-21 06:54:05 UTC,2026-05-21 06:53:49 UTC,2026-05-21 06:53:16 UTC,2026-05-21 06:52:52 UTC,2026-05-21 06:52:37 UTC,2026-05-21 06:58:27 UTC,2026-05-21 06:58:29 UTC,2026-05-21 06:57:58 UTC,2026-05-21 06:57:14 UTC,end_normal
8c7acd7248d81cbcf470fd30c2304cc1,2026-05-15 12:04:54 UTC,2026-05-15 12:08:09 UTC,2026-05-15 12:05:06 UTC,NA,NA,NA,NA,NA,NA,NA,NA,NA,NA,NA,NA,NA,NA,NA,option_2,option_2,1,enhedslisten,3,2,3,2,hovedstaden,mellemlang_videre,1984,Kvinde,1790,2026-05-15 12:06:03 UTC,2026-05-15 12:05:51 UTC,2026-05-15 12:05:40 UTC,2026-05-15 12:05:35 UTC,2026-05-15 12:05:23 UTC,2026-05-15 12:05:17 UTC,2026-05-15 12:05:12 UTC,NA,NA,NA,NA,2026-05-15 12:07:12 UTC,2026-05-15 12:07:00 UTC,2026-05-15 12:06:18 UTC,2026-05-15 12:06:14 UTC,NA,NA,NA,NA,NA,NA,NA,NA,NA,NA,NA,NA,NA,2026-05-15 12:07:13 UTC,2026-05-15 12:07:00 UTC,2026-05-15 12:06:23 UTC,2026-05-15 12:06:19 UTC,2026-05-15 12:06:04 UTC,2026-05-15 12:05:24 UTC,2026-05-15 12:05:02 UTC,2026-05-15 12:04:54 UTC,NA,NA,NA,NA,cbc_q3_page
8c805806359e34998508f4fb94873517,2026-06-20 14:22:54 UTC,2026-06-20 14:31:22 UTC,2026-06-20 14:23:05 UTC,4,5,5,5,4,NA,2,1,2,2,2,NA,option_1,option_1,option_2,option_1,option_1,5,konservative,1,2,NA,1,sjaelland,grundskole,1995,Kvinde,1958,2026-06-20 14:24:03 UTC,2026-06-20 14:23:40 UTC,NA,2026-06-20 14:23:30 UTC,2026-06-20 14:23:18 UTC,2026-06-20 14:23:13 UTC,2026-06-20 14:23:08 UTC,NA,2026-06-20 14:26:29 UTC,2026-06-20 14:26:05 UTC,2026-06-20 14:25:10 UTC,2026-06-20 14:24:57 UTC,2026-06-20 14:24:46 UTC,2026-06-20 14:24:14 UTC,2026-06-20 14:24:09 UTC,2026-06-20 14:28:07 UTC,2026-06-20 14:27:47 UTC,2026-06-20 14:27:36 UTC,2026-06-20 14:27:29 UTC,NA,2026-06-20 14:27:04 UTC,2026-06-20 14:27:01 UTC,2026-06-20 14:26:59 UTC,2026-06-20 14:26:55 UTC,2026-06-20 14:26:53 UTC,2026-06-20 14:26:32 UTC,2026-06-20 14:26:07 UTC,2026-06-20 14:25:10 UTC,2026-06-20 14:24:58 UTC,2026-06-20 14:24:47 UTC,2026-06-20 14:24:22 UTC,2026-06-20 14:24:17 UTC,2026-06-20 14:24:04 UTC,2026-06-20 14:23:18 UTC,2026-06-20 14:23:01 UTC,2026-06-20 14:22:54 UTC,2026-06-20 14:28:12 UTC,2026-06-20 14:28:12 UTC,2026-06-20 14:27:05 UTC,2026-06-20 14:26:37 UTC,end_normal
8c98d799c57dfabc68c53644c2c73c4a,2026-05-12 18:25:00 UTC,2026-05-12 18:30:23 UTC,2026-05-12 18:25:15 UTC,4,4,4,3,3,NA,4,4,3,3,4,NA,option_2,option_2,option_2,option_1,option_2,6,liberal_alliance,NA,1,NA,1,midtjylland,erhvervsuddannelse,2008,Kvinde,313,NA,2026-05-12 18:25:43 UTC,NA,2026-05-12 18:25:36 UTC,2026-05-12 18:25:28 UTC,2026-05-12 18:25:22 UTC,2026-05-12 18:25:17 UTC,NA,2026-05-12 18:28:48 UTC,2026-05-12 18:28:31 UTC,2026-05-12 18:28:02 UTC,2026-05-12 18:27:16 UTC,2026-05-12 18:26:49 UTC,2026-05-12 18:26:01 UTC,2026-05-12 18:25:55 UTC,2026-05-12 18:29:59 UTC,2026-05-12 18:29:57 UTC,2026-05-12 18:29:54 UTC,2026-05-12 18:29:49 UTC,NA,2026-05-12 18:29:31 UTC,2026-05-12 18:29:29 UTC,2026-05-12 18:29:28 UTC,2026-05-12 18:29:28 UTC,2026-05-12 18:29:13 UTC,2026-05-12 18:28:50 UTC,2026-05-12 18:28:31 UTC,2026-05-12 18:28:03 UTC,2026-05-12 18:27:17 UTC,2026-05-12 18:26:53 UTC,2026-05-12 18:26:20 UTC,2026-05-12 18:26:07 UTC,2026-05-12 18:25:47 UTC,2026-05-12 18:25:28 UTC,2026-05-12 18:25:09 UTC,2026-05-12 18:25:00 UTC,2026-05-12 18:30:01 UTC,2026-05-12 18:30:02 UTC,2026-05-12 18:29:36 UTC,2026-05-12 18:29:00 UTC,end_normal
8cabedc9f3a09892f6c75c31191c8390,2026-06-20 10:00:48 UTC,2026-06-20 10:07:32 UTC,2026-06-20 10:01:25 UTC,4,4,4,4,4,NA,3,3,3,3,3,NA,option_1,option_2,option_2,option_2,option_2,0,dansk_folkeparti,NA,3,NA,1,sjaelland,lang_videre,1983,Kvinde,1921,NA,2026-06-20 10:02:25 UTC,NA,2026-06-20 10:02:06 UTC,2026-06-20 10:01:48 UTC,2026-06-20 10:01:44 UTC,2026-06-20 10:01:31 UTC,NA,2026-06-20 10:05:37 UTC,2026-06-20 10:05:15 UTC,2026-06-20 10:04:45 UTC,2026-06-20 10:04:15 UTC,2026-06-20 10:03:47 UTC,2026-06-20 10:02:49 UTC,2026-06-20 10:02:39 UTC,2026-06-20 10:07:08 UTC,2026-06-20 10:07:01 UTC,2026-06-20 10:07:00 UTC,2026-06-20 10:07:00 UTC,NA,2026-06-20 10:06:40 UTC,2026-06-20 10:06:28 UTC,2026-06-20 10:06:23 UTC,2026-06-20 10:06:21 UTC,2026-06-20 10:06:26 UTC,2026-06-20 10:05:37 UTC,2026-06-20 10:05:15 UTC,2026-06-20 10:04:46 UTC,2026-06-20 10:04:16 UTC,2026-06-20 10:03:50 UTC,2026-06-20 10:03:09 UTC,2026-06-20 10:02:50 UTC,2026-06-20 10:02:28 UTC,2026-06-20 10:01:49 UTC,2026-06-20 10:01:21 UTC,2026-06-20 10:00:48 UTC,2026-06-20 10:07:09 UTC,2026-06-20 10:07:12 UTC,2026-06-20 10:06:41 UTC,NA,end_normal
8cd4015a3a430fc4acec3f9a9ad1bfa1,2026-06-19 18:13:46 UTC,2026-06-19 18:16:06 UTC,2026-06-19 18:13:58 UTC,NA,NA,NA,NA,NA,NA,NA,NA,NA,NA,NA,NA,NA,NA,NA,option_1,option_1,2,sf,1,2,NA,1,midtjylland,gymnasial,2006,Kvinde,306,2026-06-19 18:14:39 UTC,2026-06-19 18:14:22 UTC,NA,2026-06-19 18:14:17 UTC,2026-06-19 18:14:05 UTC,2026-06-19 18:14:02 UTC,2026-06-19 18:14:00 UTC,NA,NA,NA,NA,2026-06-19 18:15:39 UTC,2026-06-19 18:15:32 UTC,2026-06-19 18:15:06 UTC,2026-06-19 18:15:00 UTC,NA,NA,NA,NA,NA,NA,NA,NA,NA,NA,NA,NA,NA,NA,NA,2026-06-19 18:15:10 UTC,2026-06-19 18:15:07 UTC,2026-06-19 18:14:53 UTC,2026-06-19 18:14:06 UTC,2026-06-19 18:13:52 UTC,2026-06-19 18:13:46 UTC,NA,NA,NA,NA,cbc_q1_page
8d0c595ee0c778c1dd335ae178178707,2026-05-14 15:20:57 UTC,2026-05-14 15:28:28 UTC,2026-05-14 15:21:14 UTC,1,3,4,4,4,NA,1,1,3,2,1,NA,option_2,option_2,option_1,option_1,option_2,7,sf,NA,3,NA,3,nordjylland,mellemlang_videre,1964,Kvinde,767,NA,2026-05-14 15:21:57 UTC,NA,2026-05-14 15:21:47 UTC,2026-05-14 15:21:36 UTC,2026-05-14 15:21:30 UTC,2026-05-14 15:21:26 UTC,NA,2026-05-14 15:25:24 UTC,2026-05-14 15:24:51 UTC,2026-05-14 15:24:08 UTC,2026-05-14 15:23:32 UTC,2026-05-14 15:23:09 UTC,2026-05-14 15:22:12 UTC,2026-05-14 15:22:05 UTC,2026-05-14 15:27:28 UTC,2026-05-14 15:27:23 UTC,2026-05-14 15:27:17 UTC,2026-05-14 15:27:13 UTC,NA,2026-05-14 15:26:50 UTC,2026-05-14 15:26:44 UTC,2026-05-14 15:26:40 UTC,2026-05-14 15:26:27 UTC,2026-05-14 15:26:06 UTC,2026-05-14 15:25:25 UTC,2026-05-14 15:24:52 UTC,2026-05-14 15:24:09 UTC,2026-05-14 15:23:33 UTC,2026-05-14 15:23:10 UTC,2026-05-14 15:22:27 UTC,2026-05-14 15:22:13 UTC,2026-05-14 15:21:57 UTC,2026-05-14 15:21:37 UTC,2026-05-14 15:21:12 UTC,2026-05-14 15:20:57 UTC,2026-05-14 15:27:35 UTC,2026-05-14 15:27:36 UTC,2026-05-14 15:26:51 UTC,2026-05-14 15:25:39 UTC,end_normal
8d3b989c2234f2c4c60804958419b612,2026-06-19 19:11:43 UTC,2026-06-19 19:17:37 UTC,2026-06-19 19:11:54 UTC,NA,NA,NA,NA,NA,NA,NA,NA,NA,NA,NA,NA,NA,NA,NA,NA,NA,8,konservative,NA,1,NA,1,midtjylland,mellemlang_videre,1968,Kvinde,260,NA,2026-06-19 19:12:23 UTC,NA,2026-06-19 19:12:18 UTC,2026-06-19 19:12:10 UTC,2026-06-19 19:12:02 UTC,2026-06-19 19:11:59 UTC,NA,NA,NA,NA,NA,NA,2026-06-19 19:12:32 UTC,2026-06-19 19:12:29 UTC,NA,NA,NA,NA,NA,NA,NA,NA,NA,NA,NA,NA,NA,NA,NA,2026-06-19 19:12:38 UTC,2026-06-19 19:12:33 UTC,2026-06-19 19:12:23 UTC,2026-06-19 19:12:12 UTC,2026-06-19 19:11:50 UTC,2026-06-19 19:11:43 UTC,NA,NA,NA,NA,cbc_q1_page
8d61ef50eb7442ffbb3c2412007be2f9,2026-05-17 05:31:11 UTC,2026-05-17 05:39:16 UTC,2026-05-17 05:31:23 UTC,1,1,1,4,3,NA,1,1,1,1,1,NA,option_2,option_2,option_1,option_1,option_1,0,sf,3,2,NA,1,sjaelland,lang_videre,1975,Kvinde,1322,2026-05-17 05:32:49 UTC,2026-05-17 05:32:29 UTC,NA,2026-05-17 05:32:03 UTC,2026-05-17 05:31:47 UTC,2026-05-17 05:31:40 UTC,2026-05-17 05:31:29 UTC,NA,2026-05-17 05:36:09 UTC,2026-05-17 05:35:23 UTC,2026-05-17 05:34:55 UTC,2026-05-17 05:34:21 UTC,2026-05-17 05:33:49 UTC,2026-05-17 05:33:04 UTC,2026-05-17 05:32:56 UTC,2026-05-17 05:38:47 UTC,2026-05-17 05:38:44 UTC,2026-05-17 05:38:34 UTC,2026-05-17 05:38:04 UTC,NA,2026-05-17 05:37:30 UTC,2026-05-17 05:37:27 UTC,2026-05-17 05:37:13 UTC,2026-05-17 05:37:10 UTC,2026-05-17 05:37:00 UTC,2026-05-17 05:36:13 UTC,2026-05-17 05:35:26 UTC,2026-05-17 05:34:59 UTC,2026-05-17 05:34:24 UTC,2026-05-17 05:33:52 UTC,2026-05-17 05:33:18 UTC,2026-05-17 05:33:07 UTC,2026-05-17 05:32:51 UTC,2026-05-17 05:31:51 UTC,2026-05-17 05:31:20 UTC,2026-05-17 05:31:11 UTC,2026-05-17 05:38:49 UTC,2026-05-17 05:38:52 UTC,2026-05-17 05:37:31 UTC,2026-05-17 05:36:22 UTC,end_normal
8e4bfa6eb271603f83ca88e3c4b93761,2026-06-21 21:05:10 UTC,2026-06-21 21:09:14 UTC,2026-06-21 21:05:24 UTC,NA,NA,NA,NA,NA,NA,NA,NA,NA,NA,NA,NA,NA,NA,NA,NA,NA,3,dansk_folkeparti,3,2,NA,1,syddanmark,erhvervsuddannelse,1974,Kvinde,758,2026-06-21 21:07:51 UTC,2026-06-21 21:07:29 UTC,NA,2026-06-21 21:06:13 UTC,2026-06-21 21:05:56 UTC,2026-06-21 21:05:46 UTC,2026-06-21 21:05:36 UTC,NA,NA,NA,NA,NA,NA,2026-06-21 21:08:16 UTC,2026-06-21 21:08:05 UTC,NA,NA,NA,NA,NA,NA,NA,NA,NA,NA,NA,NA,NA,NA,NA,NA,2026-06-21 21:08:19 UTC,2026-06-21 21:07:54 UTC,2026-06-21 21:05:57 UTC,2026-06-21 21:05:19 UTC,2026-06-21 21:05:10 UTC,NA,NA,NA,NA,cbc_intro
8e7bd6ccdb588a94fcddcfa2dd290843,2026-05-19 15:39:22 UTC,2026-05-19 15:42:16 UTC,2026-05-19 15:39:42 UTC,NA,NA,NA,NA,NA,NA,NA,NA,NA,NA,NA,NA,NA,NA,NA,NA,option_1,4,sf,1,2,NA,3,sjaelland,erhvervsuddannelse,2006,Kvinde,55,2026-05-19 15:40:28 UTC,2026-05-19 15:40:14 UTC,NA,2026-05-19 15:40:05 UTC,2026-05-19 15:39:53 UTC,2026-05-19 15:39:49 UTC,2026-05-19 15:39:45 UTC,NA,NA,NA,NA,NA,2026-05-19 15:41:20 UTC,2026-05-19 15:40:41 UTC,2026-05-19 15:40:36 UTC,NA,NA,NA,NA,NA,NA,NA,NA,NA,NA,NA,NA,NA,NA,2026-05-19 15:41:21 UTC,2026-05-19 15:40:48 UTC,2026-05-19 15:40:44 UTC,2026-05-19 15:40:29 UTC,2026-05-19 15:39:54 UTC,2026-05-19 15:39:39 UTC,2026-05-19 15:39:22 UTC,NA,NA,NA,NA,cbc_q2_page
8eb42eabb461c0923203f611a0ab0f46,2026-05-13 21:26:30 UTC,2026-05-13 21:35:34 UTC,2026-05-13 21:27:30 UTC,2,4,5,5,5,NA,2,2,2,2,2,NA,option_2,option_1,option_1,option_1,option_1,7,sf,NA,3,NA,3,hovedstaden,lang_videre,2001,Kvinde,1468,NA,2026-05-13 21:28:23 UTC,NA,2026-05-13 21:28:08 UTC,2026-05-13 21:27:55 UTC,2026-05-13 21:27:45 UTC,2026-05-13 21:27:33 UTC,NA,2026-05-13 21:32:30 UTC,2026-05-13 21:31:55 UTC,2026-05-13 21:31:25 UTC,2026-05-13 21:30:27 UTC,2026-05-13 21:29:56 UTC,2026-05-13 21:28:41 UTC,2026-05-13 21:28:32 UTC,2026-05-13 21:34:37 UTC,2026-05-13 21:34:27 UTC,2026-05-13 21:34:26 UTC,2026-05-13 21:34:24 UTC,NA,2026-05-13 21:33:48 UTC,2026-05-13 21:33:45 UTC,2026-05-13 21:33:38 UTC,2026-05-13 21:33:34 UTC,2026-05-13 21:33:21 UTC,2026-05-13 21:32:40 UTC,2026-05-13 21:31:58 UTC,2026-05-13 21:31:25 UTC,2026-05-13 21:30:28 UTC,2026-05-13 21:29:58 UTC,2026-05-13 21:29:05 UTC,2026-05-13 21:28:48 UTC,2026-05-13 21:28:24 UTC,2026-05-13 21:27:57 UTC,2026-05-13 21:27:26 UTC,2026-05-13 21:26:30 UTC,2026-05-13 21:34:22 UTC,2026-05-13 21:34:52 UTC,2026-05-13 21:33:50 UTC,2026-05-13 21:32:51 UTC,end_normal
8eb70e3dbc1b613dbc17cc9d2a93877a,2026-06-20 19:58:07 UTC,2026-06-20 20:00:25 UTC,2026-06-20 19:59:41 UTC,NA,NA,NA,NA,NA,NA,NA,NA,NA,NA,NA,NA,NA,NA,NA,NA,NA,NA,NA,NA,NA,NA,NA,sjaelland,lang_videre,1998,Kvinde,592,NA,NA,NA,NA,2026-06-20 20:00:05 UTC,2026-06-20 20:00:00 UTC,2026-06-20 19:59:43 UTC,NA,NA,NA,NA,NA,NA,NA,NA,NA,NA,NA,NA,NA,NA,NA,NA,NA,NA,NA,NA,NA,NA,NA,NA,NA,NA,2026-06-20 20:00:05 UTC,2026-06-20 19:59:25 UTC,2026-06-20 19:58:07 UTC,NA,NA,NA,NA,issue_positions
8ef23c273f62f0aa4f466c301066a9b9,2026-05-23 16:58:18 UTC,2026-05-23 17:03:10 UTC,2026-05-23 16:58:35 UTC,1,1,2,3,2,NA,3,4,3,3,3,NA,option_1,option_1,option_2,option_2,option_2,9,radikale,NA,3,3,2,midtjylland,mellemlang_videre,1955,Mand,465,NA,2026-05-23 16:59:22 UTC,2026-05-23 16:59:14 UTC,2026-05-23 16:59:08 UTC,2026-05-23 16:58:58 UTC,2026-05-23 16:58:55 UTC,2026-05-23 16:58:48 UTC,NA,2026-05-23 17:01:31 UTC,2026-05-23 17:01:15 UTC,2026-05-23 17:00:56 UTC,2026-05-23 17:00:33 UTC,2026-05-23 17:00:06 UTC,2026-05-23 16:59:38 UTC,2026-05-23 16:59:29 UTC,2026-05-23 17:02:35 UTC,2026-05-23 17:02:34 UTC,2026-05-23 17:02:33 UTC,2026-05-23 17:02:31 UTC,NA,2026-05-23 17:02:16 UTC,2026-05-23 17:02:13 UTC,2026-05-23 17:02:07 UTC,2026-05-23 17:02:05 UTC,2026-05-23 17:02:04 UTC,2026-05-23 17:01:34 UTC,2026-05-23 17:01:16 UTC,2026-05-23 17:00:57 UTC,2026-05-23 17:00:35 UTC,2026-05-23 17:00:09 UTC,2026-05-23 16:59:46 UTC,2026-05-23 16:59:38 UTC,2026-05-23 16:59:22 UTC,2026-05-23 16:58:59 UTC,2026-05-23 16:58:29 UTC,2026-05-23 16:58:18 UTC,2026-05-23 17:02:37 UTC,2026-05-23 17:02:38 UTC,2026-05-23 17:02:18 UTC,2026-05-23 17:01:41 UTC,end_normal
8ef3fcb6ede12fd2ac51719e6b2cd73e,2026-05-14 08:04:38 UTC,2026-05-14 08:06:12 UTC,2026-05-14 08:05:00 UTC,NA,NA,NA,NA,NA,NA,NA,NA,NA,NA,NA,NA,NA,NA,NA,NA,NA,4,enhedslisten,NA,3,NA,3,hovedstaden,lang_videre,1999,Kvinde,403,NA,2026-05-14 08:05:29 UTC,NA,2026-05-14 08:05:20 UTC,2026-05-14 08:05:11 UTC,2026-05-14 08:05:09 UTC,2026-05-14 08:05:03 UTC,NA,NA,NA,NA,NA,NA,2026-05-14 08:05:48 UTC,2026-05-14 08:05:40 UTC,NA,NA,NA,NA,NA,NA,NA,NA,NA,NA,NA,NA,NA,NA,NA,NA,2026-05-14 08:05:54 UTC,2026-05-14 08:05:31 UTC,2026-05-14 08:05:12 UTC,2026-05-14 08:04:55 UTC,2026-05-14 08:04:38 UTC,NA,NA,NA,NA,cbc_intro
8ef98209832d8cdbf30e338c9064660e,2026-06-20 07:32:15 UTC,2026-06-20 07:34:07 UTC,2026-06-20 07:32:28 UTC,NA,NA,NA,NA,NA,NA,NA,NA,NA,NA,NA,NA,NA,NA,NA,NA,NA,NA,NA,NA,2,3,2,syddanmark,mellemlang_videre,1972,Kvinde,966,NA,2026-06-20 07:33:37 UTC,2026-06-20 07:33:24 UTC,2026-06-20 07:33:06 UTC,2026-06-20 07:32:49 UTC,2026-06-20 07:32:45 UTC,2026-06-20 07:32:37 UTC,NA,NA,NA,NA,NA,NA,NA,NA,NA,NA,NA,NA,NA,NA,NA,NA,NA,NA,NA,NA,NA,NA,NA,NA,NA,NA,2026-06-20 07:32:51 UTC,2026-06-20 07:32:24 UTC,2026-06-20 07:32:15 UTC,NA,NA,NA,NA,issue_positions
8efa4e75cfcbc7d865c0e084b2964a4b,2026-05-23 19:23:08 UTC,2026-05-23 19:28:43 UTC,2026-05-23 19:23:19 UTC,1,1,1,1,1,NA,1,1,1,2,1,NA,option_1,option_1,option_2,option_1,option_2,9,sf,3,2,NA,3,midtjylland,mellemlang_videre,1961,Kvinde,1157,2026-05-23 19:24:08 UTC,2026-05-23 19:23:55 UTC,NA,2026-05-23 19:23:46 UTC,2026-05-23 19:23:36 UTC,2026-05-23 19:23:33 UTC,2026-05-23 19:23:26 UTC,NA,2026-05-23 19:27:07 UTC,2026-05-23 19:26:48 UTC,2026-05-23 19:26:26 UTC,2026-05-23 19:25:44 UTC,2026-05-23 19:25:07 UTC,2026-05-23 19:24:25 UTC,2026-05-23 19:24:20 UTC,2026-05-23 19:28:14 UTC,2026-05-23 19:28:13 UTC,2026-05-23 19:28:11 UTC,2026-05-23 19:28:11 UTC,NA,2026-05-23 19:27:54 UTC,2026-05-23 19:27:51 UTC,2026-05-23 19:27:46 UTC,2026-05-23 19:27:43 UTC,2026-05-23 19:27:33 UTC,2026-05-23 19:27:08 UTC,2026-05-23 19:26:49 UTC,2026-05-23 19:26:27 UTC,2026-05-23 19:25:46 UTC,2026-05-23 19:25:09 UTC,2026-05-23 19:24:34 UTC,2026-05-23 19:24:26 UTC,2026-05-23 19:24:12 UTC,2026-05-23 19:23:36 UTC,2026-05-23 19:23:15 UTC,2026-05-23 19:23:08 UTC,2026-05-23 19:28:17 UTC,2026-05-23 19:28:20 UTC,2026-05-23 19:27:56 UTC,2026-05-23 19:27:12 UTC,end_normal
8f0c7889e8a511a13bd35564d3fb0771,2026-06-19 18:38:15 UTC,2026-06-19 18:43:50 UTC,2026-06-19 18:38:28 UTC,2,3,4,4,4,NA,3,3,3,3,3,NA,option_2,option_1,option_1,option_2,option_1,8,socialdemokratiet,NA,3,NA,3,sjaelland,lang_videre,1975,Kvinde,1424,NA,2026-06-19 18:39:17 UTC,NA,2026-06-19 18:39:03 UTC,2026-06-19 18:38:41 UTC,2026-06-19 18:38:38 UTC,2026-06-19 18:38:33 UTC,NA,2026-06-19 18:41:59 UTC,2026-06-19 18:41:32 UTC,2026-06-19 18:41:01 UTC,2026-06-19 18:40:29 UTC,2026-06-19 18:39:57 UTC,2026-06-19 18:39:28 UTC,2026-06-19 18:39:23 UTC,2026-06-19 18:43:01 UTC,2026-06-19 18:42:59 UTC,2026-06-19 18:42:57 UTC,2026-06-19 18:42:55 UTC,NA,2026-06-19 18:42:40 UTC,2026-06-19 18:42:37 UTC,2026-06-19 18:42:34 UTC,2026-06-19 18:42:30 UTC,2026-06-19 18:42:25 UTC,2026-06-19 18:42:03 UTC,2026-06-19 18:41:34 UTC,2026-06-19 18:41:03 UTC,2026-06-19 18:40:29 UTC,2026-06-19 18:39:58 UTC,2026-06-19 18:39:38 UTC,2026-06-19 18:39:29 UTC,2026-06-19 18:39:18 UTC,2026-06-19 18:38:45 UTC,2026-06-19 18:38:25 UTC,2026-06-19 18:38:15 UTC,2026-06-19 18:43:10 UTC,2026-06-19 18:43:11 UTC,2026-06-19 18:42:41 UTC,2026-06-19 18:42:10 UTC,end_normal
8f2c00e0d3ad94d99e62ebcf55734ab0,2026-05-13 19:09:11 UTC,2026-05-13 19:21:00 UTC,2026-05-13 19:09:29 UTC,4,4,4,4,4,NA,4,4,4,4,4,NA,option_2,option_1,option_1,option_2,option_2,5,dansk_folkeparti,3,2,NA,1,hovedstaden,mellemlang_videre,1972,Kvinde,1535,2026-05-13 19:11:27 UTC,2026-05-13 19:11:03 UTC,NA,2026-05-13 19:10:13 UTC,2026-05-13 19:10:00 UTC,2026-05-13 19:09:55 UTC,2026-05-13 19:09:39 UTC,NA,2026-05-13 19:18:51 UTC,2026-05-13 19:18:15 UTC,2026-05-13 19:17:28 UTC,2026-05-13 19:16:48 UTC,2026-05-13 19:13:44 UTC,2026-05-13 19:11:51 UTC,2026-05-13 19:11:38 UTC,2026-05-13 19:20:22 UTC,2026-05-13 19:20:22 UTC,2026-05-13 19:20:21 UTC,2026-05-13 19:20:20 UTC,NA,2026-05-13 19:20:01 UTC,2026-05-13 19:19:59 UTC,2026-05-13 19:19:56 UTC,2026-05-13 19:19:50 UTC,2026-05-13 19:19:41 UTC,2026-05-13 19:18:52 UTC,2026-05-13 19:18:20 UTC,2026-05-13 19:17:32 UTC,2026-05-13 19:16:50 UTC,2026-05-13 19:13:46 UTC,2026-05-13 19:12:55 UTC,2026-05-13 19:11:53 UTC,2026-05-13 19:11:27 UTC,2026-05-13 19:10:01 UTC,2026-05-13 19:09:24 UTC,2026-05-13 19:09:11 UTC,2026-05-13 19:20:23 UTC,2026-05-13 19:20:24 UTC,2026-05-13 19:20:02 UTC,2026-05-13 19:18:57 UTC,end_normal
8f2deb15fef1db72f0fb576e755125d6,2026-05-13 15:50:38 UTC,2026-05-13 15:54:53 UTC,2026-05-13 15:51:30 UTC,NA,NA,NA,NA,NA,NA,NA,NA,NA,NA,NA,NA,NA,NA,NA,NA,NA,NA,NA,NA,NA,NA,NA,syddanmark,grundskole,NA,Kvinde,640,NA,NA,NA,NA,2026-05-13 15:52:31 UTC,2026-05-13 15:52:16 UTC,NA,NA,NA,NA,NA,NA,NA,NA,NA,NA,NA,NA,NA,NA,NA,NA,NA,NA,NA,NA,NA,NA,NA,NA,NA,NA,NA,NA,2026-05-13 15:51:25 UTC,2026-05-13 15:50:38 UTC,NA,NA,NA,NA,Background
8f384bed3e9ea529dfa3539f064436bd,2026-05-13 13:56:18 UTC,2026-05-13 13:57:59 UTC,2026-05-13 13:57:05 UTC,NA,NA,NA,NA,NA,NA,NA,NA,NA,NA,NA,NA,NA,NA,NA,NA,NA,NA,NA,NA,NA,NA,NA,NA,NA,2003,Kvinde,92,NA,NA,NA,NA,NA,NA,2026-05-13 13:57:10 UTC,NA,NA,NA,NA,NA,NA,NA,NA,NA,NA,NA,NA,NA,NA,NA,NA,NA,NA,NA,NA,NA,NA,NA,NA,NA,NA,NA,2026-05-13 13:56:55 UTC,2026-05-13 13:56:18 UTC,NA,NA,NA,NA,Background
8f431f9e7059c62929bc0a9af9617031,2026-06-15 22:02:27 UTC,2026-06-15 22:07:46 UTC,2026-06-15 22:02:39 UTC,NA,NA,NA,NA,NA,NA,NA,NA,NA,NA,NA,NA,NA,NA,NA,NA,NA,NA,NA,NA,NA,NA,NA,syddanmark,erhvervsuddannelse,1967,Kvinde,1642,NA,NA,NA,NA,2026-06-15 22:03:07 UTC,2026-06-15 22:03:00 UTC,2026-06-15 22:02:46 UTC,NA,NA,NA,NA,NA,NA,NA,NA,NA,NA,NA,NA,NA,NA,NA,NA,NA,NA,NA,NA,NA,NA,NA,NA,NA,NA,2026-06-15 22:03:08 UTC,2026-06-15 22:02:35 UTC,2026-06-15 22:02:27 UTC,NA,NA,NA,NA,issue_positions
8f4bcba2f2a6d42b5af57a03971ea6a7,2026-06-03 14:58:54 UTC,2026-06-03 15:01:39 UTC,2026-06-03 14:59:12 UTC,NA,NA,NA,NA,NA,NA,NA,NA,NA,NA,NA,NA,NA,NA,NA,NA,NA,7,NA,NA,3,3,2,syddanmark,anden,1947,Mand,316,NA,2026-06-03 15:00:50 UTC,2026-06-03 15:00:38 UTC,2026-06-03 15:00:22 UTC,2026-06-03 15:00:04 UTC,2026-06-03 14:59:57 UTC,2026-06-03 14:59:27 UTC,NA,NA,NA,NA,NA,NA,2026-06-03 15:01:07 UTC,NA,NA,NA,NA,NA,NA,NA,NA,NA,NA,NA,NA,NA,NA,NA,NA,NA,NA,2026-06-03 15:00:52 UTC,2026-06-03 15:00:07 UTC,2026-06-03 14:59:06 UTC,2026-06-03 14:58:54 UTC,NA,NA,NA,NA,party_and_trust
8fe2ea41c027cc30804896ac0a91ab0c,2026-06-22 08:04:37 UTC,2026-06-22 08:09:38 UTC,2026-06-22 08:04:48 UTC,NA,NA,NA,NA,NA,NA,NA,NA,NA,NA,NA,NA,option_1,option_1,option_1,option_1,option_2,10,socialdemokratiet,3,2,NA,1,midtjylland,mellemlang_videre,1997,Kvinde,68,2026-06-22 08:05:44 UTC,2026-06-22 08:05:34 UTC,NA,2026-06-22 08:05:17 UTC,2026-06-22 08:05:01 UTC,2026-06-22 08:04:56 UTC,2026-06-22 08:04:51 UTC,NA,2026-06-22 08:09:09 UTC,2026-06-22 08:08:19 UTC,2026-06-22 08:07:51 UTC,2026-06-22 08:07:30 UTC,2026-06-22 08:06:27 UTC,2026-06-22 08:05:59 UTC,2026-06-22 08:05:53 UTC,NA,NA,NA,NA,NA,NA,NA,NA,NA,NA,2026-06-22 08:09:12 UTC,2026-06-22 08:08:23 UTC,2026-06-22 08:07:53 UTC,2026-06-22 08:07:33 UTC,2026-06-22 08:06:32 UTC,2026-06-22 08:06:04 UTC,2026-06-22 08:06:00 UTC,2026-06-22 08:05:46 UTC,2026-06-22 08:05:02 UTC,2026-06-22 08:04:43 UTC,2026-06-22 08:04:37 UTC,NA,NA,NA,2026-06-22 08:09:17 UTC,single_profile_1
8ffdac7ce3c4b23a59dd44b36317cd4e,2026-05-13 20:59:14 UTC,2026-05-13 21:12:04 UTC,2026-05-13 21:00:17 UTC,NA,NA,NA,NA,NA,NA,NA,NA,NA,NA,NA,NA,option_2,option_1,option_1,option_1,option_1,4,sf,NA,3,3,2,sjaelland,lang_videre,1955,Kvinde,1551,NA,2026-05-13 21:03:16 UTC,2026-05-13 21:02:30 UTC,2026-05-13 21:01:25 UTC,2026-05-13 21:01:06 UTC,2026-05-13 21:00:59 UTC,2026-05-13 21:00:33 UTC,NA,2026-05-13 21:09:20 UTC,2026-05-13 21:08:50 UTC,2026-05-13 21:08:31 UTC,2026-05-13 21:07:42 UTC,2026-05-13 21:05:42 UTC,2026-05-13 21:03:48 UTC,2026-05-13 21:03:33 UTC,NA,NA,NA,NA,NA,NA,NA,NA,NA,NA,2026-05-13 21:09:22 UTC,2026-05-13 21:08:53 UTC,2026-05-13 21:08:34 UTC,2026-05-13 21:07:44 UTC,2026-05-13 21:05:46 UTC,2026-05-13 21:04:06 UTC,2026-05-13 21:03:52 UTC,2026-05-13 21:03:17 UTC,2026-05-13 21:01:08 UTC,2026-05-13 21:00:10 UTC,2026-05-13 20:59:14 UTC,NA,NA,NA,2026-05-13 21:09:36 UTC,single_profile_1
90093dddfcf5035b57f1fbc323c5ff09,2026-06-19 18:08:14 UTC,2026-06-19 18:20:24 UTC,2026-06-19 18:08:28 UTC,1,2,4,4,2,NA,1,3,3,3,3,NA,option_1,option_2,option_2,option_1,option_2,1,dansk_folkeparti,3,2,NA,1,syddanmark,kort_videre,1960,Kvinde,150,2026-06-19 18:09:14 UTC,2026-06-19 18:09:03 UTC,NA,2026-06-19 18:08:56 UTC,2026-06-19 18:08:48 UTC,2026-06-19 18:08:44 UTC,2026-06-19 18:08:36 UTC,NA,2026-06-19 18:11:47 UTC,2026-06-19 18:11:19 UTC,2026-06-19 18:10:59 UTC,2026-06-19 18:10:35 UTC,2026-06-19 18:10:12 UTC,2026-06-19 18:09:28 UTC,2026-06-19 18:09:25 UTC,2026-06-19 18:12:55 UTC,2026-06-19 18:12:53 UTC,2026-06-19 18:12:50 UTC,2026-06-19 18:12:45 UTC,NA,2026-06-19 18:12:25 UTC,2026-06-19 18:12:21 UTC,2026-06-19 18:12:20 UTC,2026-06-19 18:12:18 UTC,2026-06-19 18:12:15 UTC,2026-06-19 18:11:48 UTC,2026-06-19 18:11:19 UTC,2026-06-19 18:11:00 UTC,2026-06-19 18:10:36 UTC,2026-06-19 18:10:13 UTC,2026-06-19 18:09:35 UTC,2026-06-19 18:09:29 UTC,2026-06-19 18:09:17 UTC,2026-06-19 18:08:49 UTC,2026-06-19 18:08:24 UTC,2026-06-19 18:08:14 UTC,2026-06-19 18:12:57 UTC,2026-06-19 18:12:58 UTC,2026-06-19 18:12:26 UTC,2026-06-19 18:11:55 UTC,end_normal
904f2a2863327b23497c1e883205b020,2026-06-02 13:46:56 UTC,2026-06-02 13:49:39 UTC,2026-06-02 13:48:05 UTC,NA,NA,NA,NA,NA,NA,NA,NA,NA,NA,NA,NA,NA,NA,NA,NA,NA,NA,NA,NA,NA,NA,NA,midtjylland,lang_videre,1996,Kvinde,1709,NA,NA,NA,NA,2026-06-02 13:48:31 UTC,2026-06-02 13:48:21 UTC,2026-06-02 13:48:16 UTC,NA,NA,NA,NA,NA,NA,NA,NA,NA,NA,NA,NA,NA,NA,NA,NA,NA,NA,NA,NA,NA,NA,NA,NA,NA,NA,2026-06-02 13:48:35 UTC,2026-06-02 13:48:01 UTC,2026-06-02 13:46:56 UTC,NA,NA,NA,NA,issue_positions
9144ca02edf94b68f19e0bc609a41cd7,2026-05-19 13:39:48 UTC,2026-05-19 13:42:43 UTC,2026-05-19 13:40:25 UTC,NA,NA,NA,NA,NA,NA,NA,NA,NA,NA,NA,NA,NA,NA,NA,NA,NA,NA,NA,NA,2,NA,2,sjaelland,kort_videre,1948,Kvinde,1424,NA,2026-05-19 13:41:40 UTC,NA,2026-05-19 13:41:13 UTC,2026-05-19 13:40:56 UTC,2026-05-19 13:40:48 UTC,2026-05-19 13:40:39 UTC,NA,NA,NA,NA,NA,NA,NA,NA,NA,NA,NA,NA,NA,NA,NA,NA,NA,NA,NA,NA,NA,NA,NA,NA,NA,NA,2026-05-19 13:40:59 UTC,2026-05-19 13:40:20 UTC,2026-05-19 13:39:48 UTC,NA,NA,NA,NA,issue_positions
915632d658daf12993150f3ebc36fc4e,2026-06-20 03:26:51 UTC,2026-06-20 03:32:09 UTC,2026-06-20 03:27:09 UTC,2,4,4,4,4,NA,2,4,4,4,4,NA,option_1,option_2,option_1,option_2,option_1,2,konservative,3,2,NA,1,midtjylland,mellemlang_videre,1992,Kvinde,517,2026-06-20 03:27:56 UTC,2026-06-20 03:27:48 UTC,NA,2026-06-20 03:27:33 UTC,2026-06-20 03:27:20 UTC,2026-06-20 03:27:16 UTC,2026-06-20 03:27:13 UTC,NA,2026-06-20 03:30:15 UTC,2026-06-20 03:30:00 UTC,2026-06-20 03:29:41 UTC,2026-06-20 03:29:19 UTC,2026-06-20 03:28:58 UTC,2026-06-20 03:28:25 UTC,2026-06-20 03:28:20 UTC,2026-06-20 03:31:07 UTC,2026-06-20 03:31:07 UTC,2026-06-20 03:31:06 UTC,2026-06-20 03:31:04 UTC,NA,2026-06-20 03:30:52 UTC,2026-06-20 03:30:48 UTC,2026-06-20 03:30:46 UTC,2026-06-20 03:30:43 UTC,2026-06-20 03:30:39 UTC,2026-06-20 03:30:17 UTC,2026-06-20 03:30:01 UTC,2026-06-20 03:29:41 UTC,2026-06-20 03:29:21 UTC,2026-06-20 03:28:59 UTC,2026-06-20 03:28:30 UTC,2026-06-20 03:28:26 UTC,2026-06-20 03:27:57 UTC,2026-06-20 03:27:22 UTC,2026-06-20 03:27:07 UTC,2026-06-20 03:26:51 UTC,2026-06-20 03:31:08 UTC,2026-06-20 03:31:10 UTC,2026-06-20 03:30:52 UTC,2026-06-20 03:30:24 UTC,end_normal
916306242d27f57926f7371dc3880bc7,2026-05-17 20:05:37 UTC,2026-05-17 20:13:59 UTC,2026-05-17 20:06:05 UTC,5,5,5,5,5,NA,1,2,2,2,2,NA,option_2,option_2,option_1,option_1,option_2,5,radikale,1,2,NA,1,midtjylland,mellemlang_videre,1955,Kvinde,995,2026-05-17 20:07:23 UTC,2026-05-17 20:06:58 UTC,NA,2026-05-17 20:06:41 UTC,2026-05-17 20:06:31 UTC,2026-05-17 20:06:26 UTC,2026-05-17 20:06:13 UTC,NA,2026-05-17 20:10:22 UTC,2026-05-17 20:09:59 UTC,2026-05-17 20:09:23 UTC,2026-05-17 20:08:51 UTC,2026-05-17 20:08:31 UTC,2026-05-17 20:07:40 UTC,2026-05-17 20:07:33 UTC,2026-05-17 20:12:28 UTC,2026-05-17 20:12:25 UTC,2026-05-17 20:12:24 UTC,2026-05-17 20:12:24 UTC,NA,2026-05-17 20:12:03 UTC,2026-05-17 20:11:56 UTC,2026-05-17 20:11:55 UTC,2026-05-17 20:11:26 UTC,2026-05-17 20:11:21 UTC,2026-05-17 20:10:26 UTC,2026-05-17 20:10:02 UTC,2026-05-17 20:09:26 UTC,2026-05-17 20:08:52 UTC,2026-05-17 20:08:33 UTC,2026-05-17 20:07:58 UTC,2026-05-17 20:07:43 UTC,2026-05-17 20:07:24 UTC,2026-05-17 20:06:32 UTC,2026-05-17 20:06:00 UTC,2026-05-17 20:05:37 UTC,2026-05-17 20:12:30 UTC,2026-05-17 20:12:31 UTC,2026-05-17 20:12:06 UTC,2026-05-17 20:10:50 UTC,end_normal
917cc92e34e07946db78f61abf8b1853,2026-05-23 16:49:11 UTC,2026-05-23 16:54:59 UTC,2026-05-23 16:49:25 UTC,1,1,1,1,1,NA,5,5,5,4,4,NA,option_1,option_2,option_1,option_2,option_2,7,socialdemokratiet,NA,3,3,2,midtjylland,mellemlang_videre,1981,Kvinde,962,NA,2026-05-23 16:50:12 UTC,2026-05-23 16:50:01 UTC,2026-05-23 16:49:50 UTC,2026-05-23 16:49:40 UTC,2026-05-23 16:49:35 UTC,2026-05-23 16:49:31 UTC,NA,2026-05-23 16:52:58 UTC,2026-05-23 16:52:28 UTC,2026-05-23 16:52:05 UTC,2026-05-23 16:51:34 UTC,2026-05-23 16:51:00 UTC,2026-05-23 16:50:25 UTC,2026-05-23 16:50:19 UTC,2026-05-23 16:54:23 UTC,2026-05-23 16:54:23 UTC,2026-05-23 16:54:21 UTC,2026-05-23 16:54:20 UTC,NA,2026-05-23 16:53:39 UTC,2026-05-23 16:53:33 UTC,2026-05-23 16:53:31 UTC,2026-05-23 16:53:27 UTC,2026-05-23 16:53:22 UTC,2026-05-23 16:52:59 UTC,2026-05-23 16:52:29 UTC,2026-05-23 16:52:09 UTC,2026-05-23 16:51:45 UTC,2026-05-23 16:51:04 UTC,2026-05-23 16:50:32 UTC,2026-05-23 16:50:28 UTC,2026-05-23 16:50:15 UTC,2026-05-23 16:49:42 UTC,2026-05-23 16:49:23 UTC,2026-05-23 16:49:11 UTC,2026-05-23 16:54:24 UTC,2026-05-23 16:54:32 UTC,2026-05-23 16:53:41 UTC,2026-05-23 16:53:02 UTC,end_normal
917f6a35d01798d550fd117d0984e65d,2026-06-21 10:42:11 UTC,2026-06-21 10:48:07 UTC,2026-06-21 10:42:31 UTC,2,1,2,2,2,NA,4,4,4,4,5,NA,option_1,option_1,option_1,option_2,option_1,7,enhedslisten,NA,3,NA,1,midtjylland,grundskole,2007,Kvinde,1019,NA,2026-06-21 10:43:10 UTC,NA,2026-06-21 10:42:56 UTC,2026-06-21 10:42:44 UTC,2026-06-21 10:42:39 UTC,2026-06-21 10:42:33 UTC,NA,2026-06-21 10:46:00 UTC,2026-06-21 10:45:34 UTC,2026-06-21 10:45:11 UTC,2026-06-21 10:44:48 UTC,2026-06-21 10:44:06 UTC,2026-06-21 10:43:29 UTC,2026-06-21 10:43:20 UTC,2026-06-21 10:47:17 UTC,2026-06-21 10:47:12 UTC,2026-06-21 10:47:09 UTC,2026-06-21 10:47:09 UTC,NA,2026-06-21 10:46:52 UTC,2026-06-21 10:46:50 UTC,2026-06-21 10:46:47 UTC,2026-06-21 10:46:40 UTC,2026-06-21 10:46:37 UTC,2026-06-21 10:46:01 UTC,2026-06-21 10:45:35 UTC,2026-06-21 10:45:11 UTC,2026-06-21 10:44:52 UTC,2026-06-21 10:44:06 UTC,2026-06-21 10:43:33 UTC,2026-06-21 10:43:30 UTC,2026-06-21 10:43:10 UTC,2026-06-21 10:42:47 UTC,2026-06-21 10:42:26 UTC,2026-06-21 10:42:11 UTC,2026-06-21 10:47:19 UTC,2026-06-21 10:47:19 UTC,2026-06-21 10:46:53 UTC,2026-06-21 10:46:08 UTC,end_normal
91895e6e2e46d95e4f02ca761523c35a,2026-05-23 17:00:01 UTC,2026-05-23 17:08:39 UTC,2026-05-23 17:00:27 UTC,1,2,2,2,2,NA,1,4,4,4,4,NA,option_2,option_2,option_2,option_2,option_1,4,sf,NA,3,NA,3,midtjylland,kort_videre,1960,Kvinde,821,NA,2026-05-23 17:01:40 UTC,NA,2026-05-23 17:01:31 UTC,2026-05-23 17:00:45 UTC,2026-05-23 17:00:41 UTC,2026-05-23 17:00:36 UTC,NA,2026-05-23 17:05:40 UTC,2026-05-23 17:05:02 UTC,2026-05-23 17:04:13 UTC,2026-05-23 17:03:47 UTC,2026-05-23 17:02:34 UTC,2026-05-23 17:01:55 UTC,2026-05-23 17:01:47 UTC,2026-05-23 17:07:56 UTC,2026-05-23 17:07:54 UTC,2026-05-23 17:07:52 UTC,2026-05-23 17:07:48 UTC,NA,2026-05-23 17:07:31 UTC,2026-05-23 17:07:27 UTC,2026-05-23 17:07:24 UTC,2026-05-23 17:07:19 UTC,2026-05-23 17:07:16 UTC,2026-05-23 17:05:40 UTC,2026-05-23 17:05:03 UTC,2026-05-23 17:04:14 UTC,2026-05-23 17:03:48 UTC,2026-05-23 17:02:45 UTC,2026-05-23 17:02:03 UTC,2026-05-23 17:01:55 UTC,NA,2026-05-23 17:00:45 UTC,2026-05-23 17:00:22 UTC,2026-05-23 17:00:01 UTC,2026-05-23 17:07:58 UTC,2026-05-23 17:07:59 UTC,2026-05-23 17:07:32 UTC,2026-05-23 17:05:51 UTC,end_normal
9229d1035cc5636c01c632327ee31efa,2026-05-23 11:30:18 UTC,2026-05-23 11:35:12 UTC,2026-05-23 11:33:40 UTC,NA,NA,NA,NA,NA,NA,NA,NA,NA,NA,NA,NA,NA,NA,NA,NA,NA,NA,NA,NA,NA,NA,NA,NA,NA,1999,Kvinde,411,NA,NA,NA,NA,NA,NA,2026-05-23 11:33:44 UTC,NA,NA,NA,NA,NA,NA,NA,NA,NA,NA,NA,NA,NA,NA,NA,NA,NA,NA,NA,NA,NA,NA,NA,NA,NA,NA,NA,2026-05-23 11:33:34 UTC,2026-05-23 11:30:18 UTC,NA,NA,NA,NA,Background
9232b0d483e742dde75786a6f4893a53,2026-06-19 21:07:40 UTC,2026-06-19 21:24:14 UTC,2026-06-19 21:08:20 UTC,3,2,3,3,3,NA,1,1,1,1,1,NA,option_2,option_2,option_1,option_1,option_1,5,socialdemokratiet,NA,3,1,2,syddanmark,mellemlang_videre,1962,Kvinde,475,NA,2026-06-19 21:10:14 UTC,2026-06-19 21:09:38 UTC,2026-06-19 21:09:08 UTC,2026-06-19 21:08:52 UTC,2026-06-19 21:08:46 UTC,2026-06-19 21:08:29 UTC,NA,2026-06-19 21:16:24 UTC,2026-06-19 21:15:00 UTC,2026-06-19 21:13:56 UTC,2026-06-19 21:13:13 UTC,2026-06-19 21:12:08 UTC,2026-06-19 21:10:42 UTC,2026-06-19 21:10:25 UTC,2026-06-19 21:19:33 UTC,2026-06-19 21:19:30 UTC,2026-06-19 21:19:06 UTC,2026-06-19 21:19:00 UTC,NA,2026-06-19 21:18:18 UTC,2026-06-19 21:18:09 UTC,2026-06-19 21:18:00 UTC,2026-06-19 21:17:55 UTC,2026-06-19 21:17:35 UTC,2026-06-19 21:16:45 UTC,2026-06-19 21:15:03 UTC,2026-06-19 21:14:00 UTC,NA,2026-06-19 21:12:12 UTC,2026-06-19 21:11:13 UTC,2026-06-19 21:10:44 UTC,2026-06-19 21:10:17 UTC,2026-06-19 21:08:54 UTC,2026-06-19 21:08:12 UTC,2026-06-19 21:07:40 UTC,2026-06-19 21:19:36 UTC,2026-06-19 21:19:37 UTC,2026-06-19 21:18:19 UTC,NA,end_normal
9238865d32b4978364593aa82ba77754,2026-05-17 18:46:41 UTC,2026-05-17 18:51:44 UTC,2026-05-17 18:47:20 UTC,2,2,3,3,3,NA,1,3,3,2,2,NA,option_1,option_1,option_2,option_2,option_1,3,dansk_folkeparti,NA,1,NA,1,sjaelland,lang_videre,1976,Kvinde,651,NA,2026-05-17 18:47:55 UTC,NA,2026-05-17 18:47:44 UTC,2026-05-17 18:47:36 UTC,2026-05-17 18:47:32 UTC,2026-05-17 18:47:25 UTC,NA,2026-05-17 18:49:28 UTC,2026-05-17 18:49:12 UTC,2026-05-17 18:49:02 UTC,2026-05-17 18:48:44 UTC,2026-05-17 18:48:31 UTC,2026-05-17 18:48:08 UTC,2026-05-17 18:48:05 UTC,2026-05-17 18:50:39 UTC,2026-05-17 18:50:34 UTC,2026-05-17 18:50:33 UTC,2026-05-17 18:50:31 UTC,NA,2026-05-17 18:50:16 UTC,2026-05-17 18:50:12 UTC,2026-05-17 18:50:06 UTC,2026-05-17 18:50:03 UTC,2026-05-17 18:49:54 UTC,2026-05-17 18:49:31 UTC,NA,2026-05-17 18:49:02 UTC,2026-05-17 18:48:49 UTC,2026-05-17 18:48:33 UTC,2026-05-17 18:48:17 UTC,2026-05-17 18:48:12 UTC,2026-05-17 18:47:57 UTC,2026-05-17 18:47:39 UTC,2026-05-17 18:47:12 UTC,2026-05-17 18:46:41 UTC,2026-05-17 18:50:41 UTC,2026-05-17 18:50:42 UTC,2026-05-17 18:50:16 UTC,2026-05-17 18:49:33 UTC,end_normal
92cb0bd6458fd0c7b1ad1f2bd147b953,2026-06-02 14:23:21 UTC,2026-06-02 14:28:22 UTC,2026-06-02 14:23:41 UTC,3,3,3,3,3,NA,1,2,2,2,2,NA,option_1,option_1,option_1,option_1,option_1,5,enhedslisten,NA,1,NA,1,midtjylland,kort_videre,1966,Kvinde,287,NA,2026-06-02 14:24:23 UTC,NA,2026-06-02 14:24:11 UTC,2026-06-02 14:23:59 UTC,2026-06-02 14:23:56 UTC,2026-06-02 14:23:48 UTC,NA,2026-06-02 14:26:45 UTC,2026-06-02 14:26:23 UTC,2026-06-02 14:26:07 UTC,2026-06-02 14:25:48 UTC,2026-06-02 14:25:18 UTC,2026-06-02 14:24:40 UTC,2026-06-02 14:24:35 UTC,2026-06-02 14:27:59 UTC,2026-06-02 14:27:57 UTC,2026-06-02 14:27:56 UTC,2026-06-02 14:27:55 UTC,NA,2026-06-02 14:27:26 UTC,2026-06-02 14:27:21 UTC,2026-06-02 14:27:19 UTC,2026-06-02 14:27:36 UTC,2026-06-02 14:27:12 UTC,2026-06-02 14:26:47 UTC,2026-06-02 14:26:24 UTC,2026-06-02 14:26:07 UTC,2026-06-02 14:25:50 UTC,2026-06-02 14:25:20 UTC,2026-06-02 14:24:56 UTC,2026-06-02 14:24:42 UTC,NA,2026-06-02 14:24:00 UTC,2026-06-02 14:23:37 UTC,2026-06-02 14:23:21 UTC,2026-06-02 14:28:00 UTC,2026-06-02 14:28:00 UTC,2026-06-02 14:27:37 UTC,2026-06-02 14:26:55 UTC,end_normal
92cd7bf653a47c9c746b620d974d68a9,2026-05-13 16:25:26 UTC,2026-05-13 16:34:02 UTC,2026-05-13 16:25:42 UTC,1,2,3,3,3,NA,3,4,4,4,4,NA,option_1,option_1,option_2,option_1,option_1,7,socialdemokratiet,NA,3,3,2,hovedstaden,erhvervsuddannelse,1980,Kvinde,915,NA,2026-05-13 16:26:35 UTC,2026-05-13 16:26:23 UTC,2026-05-13 16:26:19 UTC,2026-05-13 16:25:52 UTC,2026-05-13 16:25:50 UTC,2026-05-13 16:25:47 UTC,NA,2026-05-13 16:29:51 UTC,2026-05-13 16:29:19 UTC,2026-05-13 16:28:32 UTC,2026-05-13 16:28:05 UTC,2026-05-13 16:27:43 UTC,2026-05-13 16:26:58 UTC,2026-05-13 16:26:54 UTC,2026-05-13 16:32:43 UTC,2026-05-13 16:32:41 UTC,2026-05-13 16:32:39 UTC,2026-05-13 16:32:37 UTC,NA,2026-05-13 16:31:50 UTC,2026-05-13 16:30:54 UTC,2026-05-13 16:30:46 UTC,2026-05-13 16:30:27 UTC,2026-05-13 16:30:22 UTC,2026-05-13 16:29:52 UTC,2026-05-13 16:29:20 UTC,2026-05-13 16:28:32 UTC,2026-05-13 16:28:05 UTC,2026-05-13 16:27:45 UTC,2026-05-13 16:27:10 UTC,2026-05-13 16:27:00 UTC,2026-05-13 16:26:36 UTC,2026-05-13 16:25:53 UTC,2026-05-13 16:25:38 UTC,2026-05-13 16:25:26 UTC,2026-05-13 16:32:50 UTC,2026-05-13 16:32:51 UTC,2026-05-13 16:31:50 UTC,2026-05-13 16:30:03 UTC,end_normal
92dd6248955d0907f3e96560db671c47,2026-05-17 15:55:55 UTC,2026-05-17 16:01:13 UTC,2026-05-17 15:56:07 UTC,3,4,4,4,3,NA,2,3,4,4,4,NA,option_2,option_1,option_1,option_2,option_1,7,radikale,NA,3,NA,3,hovedstaden,lang_videre,1996,Mand,949,NA,2026-05-17 15:56:51 UTC,NA,2026-05-17 15:56:26 UTC,2026-05-17 15:56:15 UTC,2026-05-17 15:56:13 UTC,2026-05-17 15:56:11 UTC,NA,2026-05-17 15:59:13 UTC,2026-05-17 15:58:54 UTC,2026-05-17 15:58:33 UTC,2026-05-17 15:58:10 UTC,2026-05-17 15:57:45 UTC,2026-05-17 15:57:03 UTC,2026-05-17 15:56:56 UTC,2026-05-17 16:00:33 UTC,2026-05-17 16:00:29 UTC,2026-05-17 16:00:26 UTC,2026-05-17 16:00:23 UTC,NA,2026-05-17 16:00:05 UTC,2026-05-17 16:00:01 UTC,2026-05-17 15:59:52 UTC,2026-05-17 15:59:47 UTC,2026-05-17 15:59:40 UTC,2026-05-17 15:59:14 UTC,2026-05-17 15:58:55 UTC,2026-05-17 15:58:36 UTC,2026-05-17 15:58:14 UTC,2026-05-17 15:57:46 UTC,2026-05-17 15:57:08 UTC,2026-05-17 15:57:04 UTC,2026-05-17 15:56:51 UTC,2026-05-17 15:56:16 UTC,2026-05-17 15:56:02 UTC,2026-05-17 15:55:55 UTC,2026-05-17 16:00:37 UTC,2026-05-17 16:00:41 UTC,2026-05-17 16:00:10 UTC,2026-05-17 15:59:18 UTC,end_normal
931b68b81428ded052164c6bb93e9f63,2026-05-18 05:02:10 UTC,2026-05-18 05:06:59 UTC,2026-05-18 05:02:24 UTC,1,2,2,2,3,NA,2,2,3,3,2,NA,option_2,option_2,option_2,option_2,option_2,3,sf,3,2,NA,1,midtjylland,erhvervsuddannelse,1980,Mand,1650,2026-05-18 05:03:23 UTC,2026-05-18 05:03:13 UTC,NA,2026-05-18 05:03:06 UTC,2026-05-18 05:02:40 UTC,2026-05-18 05:02:35 UTC,2026-05-18 05:02:54 UTC,NA,2026-05-18 05:05:27 UTC,2026-05-18 05:05:09 UTC,2026-05-18 05:04:52 UTC,2026-05-18 05:04:27 UTC,2026-05-18 05:04:02 UTC,2026-05-18 05:03:34 UTC,2026-05-18 05:03:30 UTC,2026-05-18 05:06:30 UTC,2026-05-18 05:06:27 UTC,2026-05-18 05:06:25 UTC,2026-05-18 05:06:20 UTC,NA,2026-05-18 05:06:02 UTC,2026-05-18 05:05:59 UTC,2026-05-18 05:05:55 UTC,2026-05-18 05:05:52 UTC,2026-05-18 05:05:49 UTC,2026-05-18 05:05:28 UTC,2026-05-18 05:05:09 UTC,2026-05-18 05:04:56 UTC,2026-05-18 05:04:31 UTC,2026-05-18 05:04:05 UTC,2026-05-18 05:03:41 UTC,2026-05-18 05:03:35 UTC,2026-05-18 05:03:23 UTC,2026-05-18 05:02:57 UTC,2026-05-18 05:02:20 UTC,2026-05-18 05:02:10 UTC,2026-05-18 05:06:33 UTC,2026-05-18 05:06:36 UTC,2026-05-18 05:06:03 UTC,2026-05-18 05:05:32 UTC,end_normal
93db9ec2c2295d52430d264326623cca,2026-05-17 19:35:39 UTC,2026-05-17 19:49:27 UTC,2026-05-17 19:36:03 UTC,1,2,3,3,2,NA,1,1,1,4,2,NA,option_1,option_1,option_1,option_1,option_1,7,venstre,1,2,1,2,midtjylland,lang_videre,1963,Kvinde,550,2026-05-17 19:37:51 UTC,2026-05-17 19:37:12 UTC,2026-05-17 19:36:52 UTC,2026-05-17 19:36:39 UTC,2026-05-17 19:36:24 UTC,2026-05-17 19:36:21 UTC,2026-05-17 19:36:11 UTC,NA,2026-05-17 19:44:26 UTC,2026-05-17 19:43:29 UTC,2026-05-17 19:42:07 UTC,2026-05-17 19:41:24 UTC,2026-05-17 19:40:36 UTC,2026-05-17 19:38:09 UTC,2026-05-17 19:38:01 UTC,2026-05-17 19:46:34 UTC,2026-05-17 19:46:31 UTC,2026-05-17 19:46:27 UTC,2026-05-17 19:46:22 UTC,NA,2026-05-17 19:45:55 UTC,2026-05-17 19:45:52 UTC,2026-05-17 19:45:48 UTC,2026-05-17 19:45:38 UTC,2026-05-17 19:45:27 UTC,2026-05-17 19:44:28 UTC,2026-05-17 19:43:31 UTC,2026-05-17 19:42:11 UTC,2026-05-17 19:41:24 UTC,2026-05-17 19:40:38 UTC,2026-05-17 19:38:29 UTC,2026-05-17 19:38:11 UTC,2026-05-17 19:37:52 UTC,2026-05-17 19:36:26 UTC,2026-05-17 19:35:58 UTC,2026-05-17 19:35:39 UTC,2026-05-17 19:46:39 UTC,2026-05-17 19:46:49 UTC,2026-05-17 19:46:00 UTC,2026-05-17 19:44:39 UTC,end_normal
943715715279778ab63def7ffae8ac30,2026-05-24 07:14:22 UTC,2026-05-24 07:25:16 UTC,2026-05-24 07:14:58 UTC,2,3,3,4,4,NA,4,3,3,4,4,NA,option_1,option_1,option_1,option_2,option_1,1,dansk_folkeparti,NA,3,NA,1,midtjylland,mellemlang_videre,1958,Kvinde,726,NA,2026-05-24 07:16:19 UTC,NA,2026-05-24 07:15:49 UTC,2026-05-24 07:15:37 UTC,2026-05-24 07:15:31 UTC,2026-05-24 07:15:12 UTC,NA,2026-05-24 07:22:06 UTC,2026-05-24 07:20:59 UTC,2026-05-24 07:20:30 UTC,2026-05-24 07:18:33 UTC,2026-05-24 07:18:08 UTC,2026-05-24 07:16:58 UTC,2026-05-24 07:16:37 UTC,2026-05-24 07:24:30 UTC,2026-05-24 07:24:27 UTC,2026-05-24 07:24:25 UTC,2026-05-24 07:24:25 UTC,NA,2026-05-24 07:24:08 UTC,2026-05-24 07:23:54 UTC,2026-05-24 07:23:00 UTC,2026-05-24 07:23:18 UTC,2026-05-24 07:23:17 UTC,2026-05-24 07:22:07 UTC,2026-05-24 07:20:59 UTC,2026-05-24 07:20:30 UTC,2026-05-24 07:18:34 UTC,2026-05-24 07:18:09 UTC,2026-05-24 07:17:13 UTC,2026-05-24 07:16:59 UTC,2026-05-24 07:16:22 UTC,2026-05-24 07:15:38 UTC,2026-05-24 07:14:54 UTC,2026-05-24 07:14:22 UTC,2026-05-24 07:24:37 UTC,2026-05-24 07:24:38 UTC,2026-05-24 07:24:09 UTC,2026-05-24 07:22:17 UTC,end_normal
94749302c5fe46e5911aba26340a99ba,2026-05-14 12:20:52 UTC,2026-05-14 12:31:56 UTC,2026-05-14 12:21:04 UTC,2,4,3,4,2,NA,2,2,4,4,3,NA,option_1,option_1,option_2,option_1,option_1,8,radikale,3,2,3,2,hovedstaden,lang_videre,1968,Mand,688,2026-05-14 12:22:28 UTC,2026-05-14 12:22:16 UTC,2026-05-14 12:21:57 UTC,2026-05-14 12:21:35 UTC,2026-05-14 12:21:18 UTC,2026-05-14 12:21:16 UTC,2026-05-14 12:21:11 UTC,NA,2026-05-14 12:27:47 UTC,2026-05-14 12:26:53 UTC,2026-05-14 12:26:11 UTC,2026-05-14 12:25:05 UTC,2026-05-14 12:23:25 UTC,2026-05-14 12:22:45 UTC,2026-05-14 12:22:37 UTC,2026-05-14 12:30:37 UTC,2026-05-14 12:30:32 UTC,2026-05-14 12:30:08 UTC,2026-05-14 12:29:58 UTC,NA,2026-05-14 12:29:33 UTC,2026-05-14 12:29:35 UTC,2026-05-14 12:29:21 UTC,2026-05-14 12:28:57 UTC,2026-05-14 12:28:52 UTC,2026-05-14 12:27:54 UTC,2026-05-14 12:26:55 UTC,2026-05-14 12:26:15 UTC,2026-05-14 12:25:08 UTC,2026-05-14 12:23:26 UTC,2026-05-14 12:22:54 UTC,2026-05-14 12:22:46 UTC,2026-05-14 12:22:32 UTC,2026-05-14 12:21:21 UTC,2026-05-14 12:21:01 UTC,2026-05-14 12:20:52 UTC,2026-05-14 12:30:43 UTC,2026-05-14 12:30:49 UTC,2026-05-14 12:29:36 UTC,2026-05-14 12:27:57 UTC,end_normal
947d8d8e8af67d70aa103070e21a7132,2026-06-19 19:22:13 UTC,2026-06-19 19:28:55 UTC,2026-06-19 19:22:27 UTC,NA,NA,NA,NA,NA,NA,NA,NA,NA,NA,NA,NA,option_1,option_2,option_1,option_1,option_1,7,sf,NA,3,NA,3,syddanmark,lang_videre,1965,Kvinde,510,NA,2026-06-19 19:23:32 UTC,NA,2026-06-19 19:23:03 UTC,2026-06-19 19:22:49 UTC,2026-06-19 19:22:43 UTC,2026-06-19 19:22:37 UTC,NA,2026-06-19 19:27:57 UTC,2026-06-19 19:26:13 UTC,2026-06-19 19:25:47 UTC,2026-06-19 19:25:24 UTC,2026-06-19 19:24:48 UTC,2026-06-19 19:23:51 UTC,2026-06-19 19:23:42 UTC,NA,NA,NA,NA,NA,NA,NA,NA,NA,NA,2026-06-19 19:28:00 UTC,2026-06-19 19:26:15 UTC,2026-06-19 19:25:49 UTC,2026-06-19 19:25:25 UTC,2026-06-19 19:24:49 UTC,2026-06-19 19:24:00 UTC,2026-06-19 19:23:52 UTC,2026-06-19 19:23:33 UTC,2026-06-19 19:22:50 UTC,2026-06-19 19:22:22 UTC,2026-06-19 19:22:13 UTC,NA,NA,NA,NA,single_profile_intro
94f1ba32ebf5afd3f374d44b537a4517,2026-06-20 13:19:39 UTC,2026-06-20 13:23:30 UTC,2026-06-20 13:20:08 UTC,NA,NA,NA,NA,NA,NA,NA,NA,NA,NA,NA,NA,NA,NA,NA,NA,NA,5,sf,3,2,3,2,midtjylland,mellemlang_videre,1952,Kvinde,634,2026-06-20 13:21:48 UTC,2026-06-20 13:21:30 UTC,2026-06-20 13:22:09 UTC,2026-06-20 13:21:11 UTC,2026-06-20 13:20:57 UTC,2026-06-20 13:20:48 UTC,2026-06-20 13:20:34 UTC,NA,NA,NA,NA,NA,NA,2026-06-20 13:22:32 UTC,2026-06-20 13:22:25 UTC,NA,NA,NA,NA,NA,NA,NA,NA,NA,NA,NA,NA,NA,NA,NA,NA,2026-06-20 13:22:34 UTC,2026-06-20 13:22:12 UTC,2026-06-20 13:20:58 UTC,2026-06-20 13:19:57 UTC,2026-06-20 13:19:39 UTC,NA,NA,NA,NA,cbc_intro
950e50a9daacea4ade4c6fc89ea45668,2026-06-21 08:09:37 UTC,2026-06-21 08:15:11 UTC,2026-06-21 08:09:51 UTC,1,5,5,5,5,NA,4,4,3,4,4,NA,option_2,option_2,option_1,option_1,option_2,8,socialdemokratiet,3,2,NA,1,midtjylland,erhvervsuddannelse,2008,Mand,1081,2026-06-21 08:10:43 UTC,2026-06-21 08:10:33 UTC,NA,2026-06-21 08:10:23 UTC,2026-06-21 08:10:14 UTC,2026-06-21 08:10:10 UTC,2026-06-21 08:09:56 UTC,NA,2026-06-21 08:13:16 UTC,2026-06-21 08:12:59 UTC,2026-06-21 08:12:37 UTC,2026-06-21 08:12:14 UTC,2026-06-21 08:11:49 UTC,2026-06-21 08:11:10 UTC,2026-06-21 08:10:52 UTC,2026-06-21 08:14:35 UTC,2026-06-21 08:14:29 UTC,2026-06-21 08:14:27 UTC,2026-06-21 08:14:24 UTC,NA,2026-06-21 08:14:04 UTC,2026-06-21 08:14:03 UTC,2026-06-21 08:13:58 UTC,2026-06-21 08:13:45 UTC,2026-06-21 08:13:51 UTC,2026-06-21 08:13:19 UTC,2026-06-21 08:13:00 UTC,2026-06-21 08:12:38 UTC,2026-06-21 08:12:19 UTC,2026-06-21 08:11:56 UTC,2026-06-21 08:11:15 UTC,2026-06-21 08:11:13 UTC,2026-06-21 08:10:46 UTC,2026-06-21 08:10:14 UTC,2026-06-21 08:09:47 UTC,2026-06-21 08:09:37 UTC,2026-06-21 08:14:39 UTC,2026-06-21 08:14:42 UTC,2026-06-21 08:14:06 UTC,2026-06-21 08:13:30 UTC,end_normal
957f1c1a2871ff8b8bb9d6c2eb0a184e,2026-06-20 06:31:11 UTC,2026-06-20 06:40:08 UTC,2026-06-20 06:31:34 UTC,1,1,2,4,1,NA,1,1,1,4,2,NA,option_1,option_1,option_2,option_1,option_1,5,socialdemokratiet,3,2,NA,1,midtjylland,mellemlang_videre,1999,Kvinde,550,2026-06-20 06:32:26 UTC,2026-06-20 06:32:15 UTC,NA,2026-06-20 06:32:05 UTC,2026-06-20 06:31:52 UTC,2026-06-20 06:31:49 UTC,2026-06-20 06:31:39 UTC,NA,2026-06-20 06:35:06 UTC,2026-06-20 06:34:38 UTC,2026-06-20 06:34:22 UTC,2026-06-20 06:33:38 UTC,2026-06-20 06:33:16 UTC,2026-06-20 06:32:40 UTC,2026-06-20 06:32:34 UTC,2026-06-20 06:36:14 UTC,2026-06-20 06:36:24 UTC,2026-06-20 06:36:22 UTC,2026-06-20 06:36:04 UTC,NA,2026-06-20 06:35:46 UTC,2026-06-20 06:35:40 UTC,2026-06-20 06:35:38 UTC,2026-06-20 06:35:35 UTC,2026-06-20 06:35:27 UTC,2026-06-20 06:35:07 UTC,2026-06-20 06:34:39 UTC,2026-06-20 06:34:23 UTC,2026-06-20 06:33:39 UTC,2026-06-20 06:33:18 UTC,2026-06-20 06:32:47 UTC,2026-06-20 06:32:43 UTC,2026-06-20 06:32:27 UTC,2026-06-20 06:31:52 UTC,2026-06-20 06:31:30 UTC,2026-06-20 06:31:11 UTC,2026-06-20 06:36:16 UTC,2026-06-20 06:36:25 UTC,2026-06-20 06:35:48 UTC,2026-06-20 06:35:12 UTC,end_normal
95aec00a893629caad2780ec1a468070,2026-05-20 06:44:02 UTC,2026-05-20 06:52:20 UTC,2026-05-20 06:44:28 UTC,2,3,3,4,4,NA,2,3,3,4,4,NA,option_2,option_2,option_2,option_1,option_2,6,moderaterne,3,2,1,2,sjaelland,mellemlang_videre,2001,Kvinde,522,2026-05-20 06:46:04 UTC,2026-05-20 06:45:56 UTC,2026-05-20 06:45:46 UTC,2026-05-20 06:45:13 UTC,2026-05-20 06:44:57 UTC,2026-05-20 06:44:50 UTC,2026-05-20 06:44:34 UTC,NA,2026-05-20 06:49:36 UTC,2026-05-20 06:48:51 UTC,2026-05-20 06:48:23 UTC,2026-05-20 06:47:53 UTC,2026-05-20 06:47:23 UTC,2026-05-20 06:46:28 UTC,2026-05-20 06:46:17 UTC,2026-05-20 06:51:40 UTC,2026-05-20 06:51:35 UTC,2026-05-20 06:51:34 UTC,2026-05-20 06:51:25 UTC,NA,2026-05-20 06:51:00 UTC,2026-05-20 06:50:43 UTC,2026-05-20 06:50:26 UTC,2026-05-20 06:50:20 UTC,2026-05-20 06:50:17 UTC,2026-05-20 06:49:37 UTC,2026-05-20 06:48:54 UTC,2026-05-20 06:48:24 UTC,2026-05-20 06:47:54 UTC,2026-05-20 06:47:24 UTC,2026-05-20 06:46:41 UTC,2026-05-20 06:46:32 UTC,2026-05-20 06:46:06 UTC,2026-05-20 06:44:58 UTC,2026-05-20 06:44:24 UTC,2026-05-20 06:44:02 UTC,2026-05-20 06:51:50 UTC,2026-05-20 06:51:50 UTC,2026-05-20 06:51:00 UTC,2026-05-20 06:49:47 UTC,end_normal
95c2f20a0c613868b1c5c5b076a798e6,2026-05-21 18:59:05 UTC,2026-05-21 19:06:26 UTC,2026-05-21 18:59:18 UTC,4,4,2,3,3,NA,4,4,4,3,3,NA,option_2,option_1,option_2,option_2,option_1,7,liberal_alliance,3,2,1,2,sjaelland,mellemlang_videre,1960,Mand,1559,2026-05-21 19:00:34 UTC,2026-05-21 19:00:17 UTC,2026-05-21 19:00:07 UTC,2026-05-21 18:59:53 UTC,2026-05-21 18:59:41 UTC,2026-05-21 18:59:36 UTC,2026-05-21 18:59:26 UTC,NA,2026-05-21 19:03:39 UTC,2026-05-21 19:03:20 UTC,2026-05-21 19:02:48 UTC,2026-05-21 19:02:07 UTC,2026-05-21 19:01:47 UTC,2026-05-21 19:00:55 UTC,2026-05-21 19:00:50 UTC,2026-05-21 19:05:07 UTC,2026-05-21 19:04:59 UTC,2026-05-21 19:04:58 UTC,2026-05-21 19:04:57 UTC,NA,2026-05-21 19:04:40 UTC,2026-05-21 19:04:32 UTC,2026-05-21 19:04:25 UTC,2026-05-21 19:04:17 UTC,2026-05-21 19:04:09 UTC,2026-05-21 19:03:37 UTC,2026-05-21 19:03:18 UTC,2026-05-21 19:02:46 UTC,2026-05-21 19:02:06 UTC,2026-05-21 19:01:45 UTC,2026-05-21 19:01:10 UTC,2026-05-21 19:00:59 UTC,2026-05-21 19:00:38 UTC,2026-05-21 18:59:44 UTC,2026-05-21 18:59:12 UTC,2026-05-21 18:59:05 UTC,2026-05-21 19:05:11 UTC,2026-05-21 19:05:13 UTC,2026-05-21 19:04:44 UTC,2026-05-21 19:03:43 UTC,end_normal
95e8c21e530ae21f3567a6d7b637be69,2026-06-20 16:18:07 UTC,2026-06-20 16:26:58 UTC,2026-06-20 16:18:26 UTC,1,1,1,1,1,NA,1,1,2,2,1,NA,option_2,option_1,option_2,option_2,option_1,3,enhedslisten,NA,3,NA,3,midtjylland,mellemlang_videre,1964,Kvinde,936,NA,2026-06-20 16:19:21 UTC,NA,2026-06-20 16:19:09 UTC,2026-06-20 16:18:56 UTC,2026-06-20 16:18:50 UTC,2026-06-20 16:18:36 UTC,NA,2026-06-20 16:23:59 UTC,2026-06-20 16:23:25 UTC,2026-06-20 16:22:30 UTC,2026-06-20 16:21:57 UTC,2026-06-20 16:21:03 UTC,2026-06-20 16:19:41 UTC,2026-06-20 16:19:34 UTC,2026-06-20 16:26:00 UTC,2026-06-20 16:25:58 UTC,2026-06-20 16:25:56 UTC,2026-06-20 16:25:49 UTC,NA,2026-06-20 16:25:28 UTC,2026-06-20 16:25:22 UTC,2026-06-20 16:25:21 UTC,2026-06-20 16:25:06 UTC,2026-06-20 16:25:02 UTC,2026-06-20 16:24:02 UTC,2026-06-20 16:23:27 UTC,2026-06-20 16:22:40 UTC,2026-06-20 16:21:58 UTC,2026-06-20 16:21:04 UTC,2026-06-20 16:19:48 UTC,2026-06-20 16:19:44 UTC,2026-06-20 16:19:23 UTC,2026-06-20 16:18:59 UTC,2026-06-20 16:18:18 UTC,2026-06-20 16:18:07 UTC,2026-06-20 16:26:03 UTC,2026-06-20 16:26:05 UTC,2026-06-20 16:25:29 UTC,2026-06-20 16:24:08 UTC,end_normal
9608393f2faea035f6fc2e2596e2bae6,2026-06-20 12:31:19 UTC,2026-06-20 12:42:58 UTC,2026-06-20 12:31:31 UTC,3,3,3,4,3,NA,3,4,3,4,3,NA,option_1,option_1,option_1,option_2,option_1,5,konservative,NA,1,NA,1,syddanmark,mellemlang_videre,1971,Kvinde,579,NA,2026-06-20 12:32:12 UTC,NA,2026-06-20 12:32:01 UTC,2026-06-20 12:31:49 UTC,2026-06-20 12:31:43 UTC,2026-06-20 12:31:37 UTC,NA,2026-06-20 12:35:17 UTC,2026-06-20 12:34:50 UTC,2026-06-20 12:34:15 UTC,2026-06-20 12:33:43 UTC,2026-06-20 12:33:13 UTC,2026-06-20 12:32:30 UTC,2026-06-20 12:32:25 UTC,2026-06-20 12:36:39 UTC,2026-06-20 12:36:37 UTC,2026-06-20 12:36:33 UTC,2026-06-20 12:36:32 UTC,NA,2026-06-20 12:36:15 UTC,2026-06-20 12:36:11 UTC,2026-06-20 12:36:06 UTC,2026-06-20 12:36:06 UTC,2026-06-20 12:35:56 UTC,2026-06-20 12:35:19 UTC,2026-06-20 12:34:52 UTC,2026-06-20 12:34:20 UTC,2026-06-20 12:33:44 UTC,2026-06-20 12:33:14 UTC,2026-06-20 12:32:37 UTC,2026-06-20 12:32:31 UTC,2026-06-20 12:32:13 UTC,2026-06-20 12:31:50 UTC,2026-06-20 12:31:27 UTC,2026-06-20 12:31:19 UTC,2026-06-20 12:36:41 UTC,2026-06-20 12:36:42 UTC,2026-06-20 12:36:16 UTC,2026-06-20 12:35:33 UTC,end_normal
960f374f41c48423f24466d440be167e,2026-05-18 06:23:52 UTC,2026-05-18 06:30:08 UTC,2026-05-18 06:24:11 UTC,5,5,5,5,5,NA,4,4,4,4,4,NA,option_1,option_1,option_2,option_2,option_1,7,sf,3,2,3,2,syddanmark,mellemlang_videre,1987,Kvinde,1111,2026-05-18 06:25:07 UTC,2026-05-18 06:25:04 UTC,2026-05-18 06:24:51 UTC,2026-05-18 06:24:44 UTC,2026-05-18 06:24:26 UTC,2026-05-18 06:24:23 UTC,2026-05-18 06:24:16 UTC,NA,2026-05-18 06:28:28 UTC,2026-05-18 06:28:08 UTC,2026-05-18 06:27:35 UTC,2026-05-18 06:27:06 UTC,2026-05-18 06:26:18 UTC,2026-05-18 06:25:20 UTC,2026-05-18 06:25:13 UTC,2026-05-18 06:29:42 UTC,2026-05-18 06:29:42 UTC,2026-05-18 06:29:41 UTC,2026-05-18 06:29:41 UTC,NA,2026-05-18 06:29:19 UTC,2026-05-18 06:29:15 UTC,2026-05-18 06:29:12 UTC,2026-05-18 06:29:11 UTC,2026-05-18 06:29:09 UTC,2026-05-18 06:28:28 UTC,2026-05-18 06:28:09 UTC,2026-05-18 06:27:40 UTC,2026-05-18 06:27:11 UTC,2026-05-18 06:26:19 UTC,2026-05-18 06:25:30 UTC,2026-05-18 06:25:20 UTC,2026-05-18 06:25:07 UTC,2026-05-18 06:24:28 UTC,2026-05-18 06:24:07 UTC,2026-05-18 06:23:52 UTC,2026-05-18 06:29:42 UTC,2026-05-18 06:29:43 UTC,2026-05-18 06:29:20 UTC,2026-05-18 06:28:40 UTC,end_normal
965ebe5f0580b63f3b93b2e697f5311d,2026-06-19 21:46:58 UTC,2026-06-19 21:50:58 UTC,2026-06-19 21:47:19 UTC,1,1,1,1,1,NA,1,3,3,1,1,NA,option_1,option_2,option_2,option_1,option_2,4,konservative,NA,1,NA,1,sjaelland,erhvervsuddannelse,1986,Mand,384,NA,2026-06-19 21:47:41 UTC,NA,2026-06-19 21:47:38 UTC,2026-06-19 21:47:30 UTC,2026-06-19 21:47:28 UTC,2026-06-19 21:47:26 UTC,NA,2026-06-19 21:49:18 UTC,2026-06-19 21:48:57 UTC,2026-06-19 21:48:49 UTC,2026-06-19 21:48:28 UTC,2026-06-19 21:48:17 UTC,2026-06-19 21:47:54 UTC,2026-06-19 21:47:49 UTC,2026-06-19 21:50:05 UTC,2026-06-19 21:50:04 UTC,2026-06-19 21:50:03 UTC,2026-06-19 21:50:03 UTC,NA,2026-06-19 21:49:52 UTC,2026-06-19 21:49:50 UTC,2026-06-19 21:49:50 UTC,2026-06-19 21:49:41 UTC,2026-06-19 21:49:37 UTC,2026-06-19 21:49:18 UTC,2026-06-19 21:49:00 UTC,2026-06-19 21:48:49 UTC,2026-06-19 21:48:33 UTC,2026-06-19 21:48:19 UTC,2026-06-19 21:48:00 UTC,2026-06-19 21:47:56 UTC,2026-06-19 21:47:44 UTC,2026-06-19 21:47:31 UTC,2026-06-19 21:47:14 UTC,2026-06-19 21:46:58 UTC,2026-06-19 21:50:06 UTC,2026-06-19 21:50:06 UTC,2026-06-19 21:49:53 UTC,2026-06-19 21:49:25 UTC,end_normal
972088d748f58da4f76881610203c3c4,2026-06-21 17:58:04 UTC,2026-06-21 17:59:21 UTC,2026-06-21 17:58:34 UTC,NA,NA,NA,NA,NA,NA,NA,NA,NA,NA,NA,NA,NA,NA,NA,NA,NA,NA,NA,NA,NA,NA,NA,NA,NA,NA,Kvinde,784,NA,NA,NA,NA,NA,NA,NA,NA,NA,NA,NA,NA,NA,NA,NA,NA,NA,NA,NA,NA,NA,NA,NA,NA,NA,NA,NA,NA,NA,NA,NA,NA,NA,NA,2026-06-21 17:58:26 UTC,2026-06-21 17:58:04 UTC,NA,NA,NA,NA,Background
9733164631b0b5a557da637fa2f4a65c,2026-05-23 13:11:39 UTC,2026-05-23 13:14:15 UTC,2026-05-23 13:11:56 UTC,NA,NA,NA,NA,NA,NA,NA,NA,NA,NA,NA,NA,NA,NA,NA,NA,NA,8,radikale,3,2,3,2,syddanmark,lang_videre,1999,Kvinde,458,2026-05-23 13:13:19 UTC,2026-05-23 13:13:02 UTC,2026-05-23 13:12:51 UTC,2026-05-23 13:12:42 UTC,2026-05-23 13:12:18 UTC,2026-05-23 13:12:12 UTC,2026-05-23 13:12:02 UTC,NA,NA,NA,NA,NA,NA,2026-05-23 13:13:33 UTC,2026-05-23 13:13:28 UTC,NA,NA,NA,NA,NA,NA,NA,NA,NA,NA,NA,NA,NA,NA,NA,2026-05-23 13:13:44 UTC,2026-05-23 13:13:35 UTC,2026-05-23 13:13:19 UTC,2026-05-23 13:12:19 UTC,2026-05-23 13:11:51 UTC,2026-05-23 13:11:39 UTC,NA,NA,NA,NA,cbc_q1_page
973c29ca9c19ecf234395f2cf9bbda85,2026-05-23 15:05:29 UTC,2026-05-23 15:13:42 UTC,2026-05-23 15:05:43 UTC,1,2,2,3,3,NA,4,5,5,3,3,NA,option_1,option_2,option_1,option_2,option_2,5,radikale,1,2,NA,3,midtjylland,lang_videre,1967,Kvinde,1492,2026-05-23 15:07:25 UTC,2026-05-23 15:06:30 UTC,NA,2026-05-23 15:06:16 UTC,2026-05-23 15:06:00 UTC,2026-05-23 15:05:55 UTC,2026-05-23 15:05:48 UTC,NA,2026-05-23 15:11:29 UTC,2026-05-23 15:10:42 UTC,2026-05-23 15:10:24 UTC,2026-05-23 15:09:25 UTC,2026-05-23 15:08:52 UTC,2026-05-23 15:07:35 UTC,2026-05-23 15:07:48 UTC,2026-05-23 15:13:11 UTC,2026-05-23 15:13:07 UTC,2026-05-23 15:13:06 UTC,2026-05-23 15:12:53 UTC,NA,2026-05-23 15:12:30 UTC,2026-05-23 15:12:28 UTC,2026-05-23 15:12:25 UTC,2026-05-23 15:12:10 UTC,2026-05-23 15:12:07 UTC,2026-05-23 15:11:29 UTC,2026-05-23 15:10:45 UTC,2026-05-23 15:10:25 UTC,2026-05-23 15:09:39 UTC,2026-05-23 15:08:53 UTC,2026-05-23 15:07:58 UTC,2026-05-23 15:07:53 UTC,2026-05-23 15:07:26 UTC,2026-05-23 15:06:01 UTC,2026-05-23 15:05:38 UTC,2026-05-23 15:05:29 UTC,2026-05-23 15:13:13 UTC,2026-05-23 15:13:16 UTC,2026-05-23 15:12:33 UTC,2026-05-23 15:11:35 UTC,end_normal
9753f68b25ab6803bf6d627408dbeb14,2026-06-20 07:22:10 UTC,2026-06-20 07:29:48 UTC,2026-06-20 07:22:34 UTC,5,5,5,5,5,NA,5,5,5,3,5,NA,option_1,option_1,option_2,option_1,option_2,7,venstre,1,2,NA,1,sjaelland,kort_videre,1967,Mand,1141,2026-06-20 07:23:24 UTC,2026-06-20 07:23:16 UTC,NA,2026-06-20 07:23:02 UTC,2026-06-20 07:22:49 UTC,2026-06-20 07:22:45 UTC,2026-06-20 07:22:41 UTC,NA,2026-06-20 07:27:38 UTC,2026-06-20 07:27:09 UTC,2026-06-20 07:26:30 UTC,2026-06-20 07:25:47 UTC,2026-06-20 07:25:04 UTC,2026-06-20 07:23:43 UTC,2026-06-20 07:23:33 UTC,2026-06-20 07:29:16 UTC,2026-06-20 07:29:15 UTC,2026-06-20 07:29:13 UTC,2026-06-20 07:29:08 UTC,NA,2026-06-20 07:28:52 UTC,2026-06-20 07:28:43 UTC,2026-06-20 07:28:41 UTC,2026-06-20 07:28:21 UTC,2026-06-20 07:28:09 UTC,2026-06-20 07:27:38 UTC,2026-06-20 07:27:10 UTC,2026-06-20 07:26:30 UTC,2026-06-20 07:25:47 UTC,2026-06-20 07:25:08 UTC,2026-06-20 07:24:02 UTC,2026-06-20 07:23:51 UTC,2026-06-20 07:23:25 UTC,2026-06-20 07:22:50 UTC,2026-06-20 07:22:30 UTC,2026-06-20 07:22:10 UTC,2026-06-20 07:29:17 UTC,2026-06-20 07:29:26 UTC,2026-06-20 07:28:53 UTC,2026-06-20 07:27:46 UTC,end_normal
975b4afb53ecadfdbdb07147d06a054b,2026-06-19 19:25:38 UTC,2026-06-19 19:35:32 UTC,2026-06-19 19:25:51 UTC,4,4,4,4,3,NA,2,2,2,3,4,NA,option_2,option_1,option_1,option_2,option_2,4,venstre,3,2,NA,1,syddanmark,kort_videre,1971,Mand,1867,2026-06-19 19:27:17 UTC,2026-06-19 19:27:06 UTC,NA,2026-06-19 19:26:50 UTC,2026-06-19 19:26:19 UTC,2026-06-19 19:26:11 UTC,2026-06-19 19:26:00 UTC,NA,2026-06-19 19:31:51 UTC,2026-06-19 19:30:56 UTC,2026-06-19 19:30:15 UTC,2026-06-19 19:29:34 UTC,2026-06-19 19:28:46 UTC,2026-06-19 19:27:41 UTC,2026-06-19 19:27:31 UTC,2026-06-19 19:34:34 UTC,2026-06-19 19:34:31 UTC,2026-06-19 19:34:28 UTC,2026-06-19 19:34:06 UTC,NA,2026-06-19 19:33:15 UTC,2026-06-19 19:33:09 UTC,2026-06-19 19:32:58 UTC,2026-06-19 19:32:46 UTC,2026-06-19 19:32:38 UTC,2026-06-19 19:31:53 UTC,2026-06-19 19:30:57 UTC,2026-06-19 19:30:18 UTC,NA,2026-06-19 19:28:47 UTC,2026-06-19 19:27:58 UTC,2026-06-19 19:27:45 UTC,2026-06-19 19:27:22 UTC,2026-06-19 19:26:20 UTC,2026-06-19 19:25:46 UTC,2026-06-19 19:25:38 UTC,2026-06-19 19:34:42 UTC,2026-06-19 19:34:48 UTC,2026-06-19 19:33:18 UTC,2026-06-19 19:32:04 UTC,end_normal
979a8de52220f7810c35ce9131567e59,2026-05-13 14:48:01 UTC,2026-05-13 14:52:36 UTC,2026-05-13 14:48:15 UTC,1,1,1,1,2,NA,2,2,2,3,2,NA,option_1,option_2,option_1,option_1,option_1,6,konservative,1,2,NA,1,syddanmark,gymnasial,1972,Kvinde,798,2026-05-13 14:48:51 UTC,2026-05-13 14:48:44 UTC,NA,2026-05-13 14:48:34 UTC,2026-05-13 14:48:26 UTC,2026-05-13 14:48:23 UTC,2026-05-13 14:48:21 UTC,NA,2026-05-13 14:50:48 UTC,2026-05-13 14:50:29 UTC,2026-05-13 14:50:11 UTC,2026-05-13 14:49:55 UTC,2026-05-13 14:49:40 UTC,2026-05-13 14:49:02 UTC,2026-05-13 14:48:58 UTC,2026-05-13 14:52:07 UTC,2026-05-13 14:52:04 UTC,2026-05-13 14:52:01 UTC,2026-05-13 14:51:58 UTC,NA,2026-05-13 14:51:40 UTC,2026-05-13 14:51:36 UTC,2026-05-13 14:51:35 UTC,2026-05-13 14:51:28 UTC,2026-05-13 14:51:18 UTC,2026-05-13 14:50:50 UTC,2026-05-13 14:50:30 UTC,2026-05-13 14:50:13 UTC,2026-05-13 14:49:57 UTC,2026-05-13 14:49:41 UTC,2026-05-13 14:49:09 UTC,2026-05-13 14:49:06 UTC,2026-05-13 14:48:52 UTC,2026-05-13 14:48:26 UTC,2026-05-13 14:48:11 UTC,2026-05-13 14:48:01 UTC,2026-05-13 14:52:09 UTC,2026-05-13 14:52:12 UTC,2026-05-13 14:51:42 UTC,2026-05-13 14:50:58 UTC,end_normal
984fd3c92feb2bdbeaea329b8022bcb2,2026-05-13 16:06:33 UTC,2026-05-13 16:11:28 UTC,2026-05-13 16:06:45 UTC,5,1,2,2,1,NA,5,1,2,3,1,NA,option_1,option_2,option_1,option_2,option_1,5,sf,3,2,NA,3,hovedstaden,mellemlang_videre,1980,Kvinde,1073,2026-05-13 16:07:33 UTC,2026-05-13 16:07:21 UTC,NA,2026-05-13 16:07:12 UTC,2026-05-13 16:06:58 UTC,2026-05-13 16:06:55 UTC,2026-05-13 16:06:50 UTC,NA,2026-05-13 16:09:54 UTC,2026-05-13 16:09:32 UTC,2026-05-13 16:09:10 UTC,2026-05-13 16:08:49 UTC,2026-05-13 16:08:29 UTC,2026-05-13 16:07:41 UTC,2026-05-13 16:07:49 UTC,2026-05-13 16:11:00 UTC,2026-05-13 16:10:59 UTC,2026-05-13 16:10:55 UTC,2026-05-13 16:10:52 UTC,NA,2026-05-13 16:10:35 UTC,2026-05-13 16:10:32 UTC,2026-05-13 16:10:29 UTC,2026-05-13 16:10:24 UTC,2026-05-13 16:10:19 UTC,2026-05-13 16:09:56 UTC,2026-05-13 16:09:34 UTC,2026-05-13 16:09:11 UTC,2026-05-13 16:08:50 UTC,2026-05-13 16:08:30 UTC,2026-05-13 16:07:56 UTC,2026-05-13 16:07:53 UTC,2026-05-13 16:07:36 UTC,2026-05-13 16:07:00 UTC,2026-05-13 16:06:43 UTC,2026-05-13 16:06:33 UTC,2026-05-13 16:11:05 UTC,2026-05-13 16:11:06 UTC,2026-05-13 16:10:36 UTC,2026-05-13 16:10:01 UTC,end_normal
987a4f131493bd30a6ad859b043b6cf6,2026-05-17 13:58:08 UTC,2026-05-17 14:04:59 UTC,2026-05-17 13:58:43 UTC,5,5,5,5,5,NA,2,1,2,4,2,NA,option_2,option_2,option_1,option_1,option_2,8,radikale,NA,3,3,2,midtjylland,lang_videre,1968,Kvinde,966,NA,2026-05-17 13:59:41 UTC,2026-05-17 13:59:29 UTC,2026-05-17 13:59:23 UTC,2026-05-17 13:59:10 UTC,2026-05-17 13:59:06 UTC,2026-05-17 13:58:54 UTC,NA,2026-05-17 14:03:16 UTC,2026-05-17 14:02:27 UTC,2026-05-17 14:02:08 UTC,2026-05-17 14:01:34 UTC,2026-05-17 14:00:55 UTC,2026-05-17 13:59:55 UTC,2026-05-17 13:59:50 UTC,2026-05-17 14:04:34 UTC,2026-05-17 14:04:32 UTC,2026-05-17 14:04:31 UTC,2026-05-17 14:04:28 UTC,NA,2026-05-17 14:04:05 UTC,2026-05-17 14:03:58 UTC,2026-05-17 14:03:55 UTC,2026-05-17 14:03:50 UTC,2026-05-17 14:03:44 UTC,2026-05-17 14:03:19 UTC,2026-05-17 14:02:36 UTC,2026-05-17 14:02:11 UTC,2026-05-17 14:01:38 UTC,2026-05-17 14:00:57 UTC,2026-05-17 14:00:10 UTC,2026-05-17 13:59:56 UTC,2026-05-17 13:59:41 UTC,2026-05-17 13:59:11 UTC,2026-05-17 13:58:39 UTC,2026-05-17 13:58:08 UTC,2026-05-17 14:04:35 UTC,2026-05-17 14:04:37 UTC,2026-05-17 14:04:07 UTC,2026-05-17 14:03:24 UTC,end_normal
987d6e3cb692bda08a09eb61508ede79,2026-06-19 20:40:22 UTC,2026-06-19 20:49:38 UTC,2026-06-19 20:40:38 UTC,1,1,1,2,2,NA,1,1,2,3,1,NA,option_2,option_1,option_2,option_2,option_1,7,sf,NA,3,NA,1,midtjylland,mellemlang_videre,1966,Kvinde,1415,NA,2026-06-19 20:41:50 UTC,NA,2026-06-19 20:41:24 UTC,2026-06-19 20:41:00 UTC,2026-06-19 20:40:57 UTC,2026-06-19 20:40:48 UTC,NA,2026-06-19 20:46:19 UTC,2026-06-19 20:45:05 UTC,2026-06-19 20:44:09 UTC,2026-06-19 20:43:36 UTC,2026-06-19 20:43:03 UTC,2026-06-19 20:41:58 UTC,2026-06-19 20:42:05 UTC,2026-06-19 20:48:56 UTC,2026-06-19 20:48:54 UTC,2026-06-19 20:48:48 UTC,2026-06-19 20:48:42 UTC,NA,2026-06-19 20:47:35 UTC,2026-06-19 20:47:42 UTC,2026-06-19 20:47:45 UTC,2026-06-19 20:47:20 UTC,2026-06-19 20:47:05 UTC,2026-06-19 20:46:28 UTC,2026-06-19 20:45:06 UTC,2026-06-19 20:44:12 UTC,2026-06-19 20:43:37 UTC,2026-06-19 20:43:04 UTC,2026-06-19 20:42:25 UTC,2026-06-19 20:42:12 UTC,2026-06-19 20:41:53 UTC,2026-06-19 20:41:02 UTC,2026-06-19 20:40:34 UTC,2026-06-19 20:40:22 UTC,2026-06-19 20:49:03 UTC,2026-06-19 20:49:09 UTC,2026-06-19 20:47:47 UTC,2026-06-19 20:46:43 UTC,end_normal
987dc0f2b75f0799626b8a3466b319a4,2026-06-20 07:50:18 UTC,2026-06-20 07:59:06 UTC,2026-06-20 07:51:05 UTC,1,1,2,3,2,NA,1,1,2,3,2,NA,option_2,option_2,option_1,option_2,option_2,8,sf,NA,3,3,2,midtjylland,mellemlang_videre,1965,Kvinde,1986,NA,2026-06-20 07:53:14 UTC,2026-06-20 07:53:03 UTC,2026-06-20 07:51:56 UTC,2026-06-20 07:51:32 UTC,2026-06-20 07:51:22 UTC,2026-06-20 07:51:15 UTC,NA,2026-06-20 07:56:40 UTC,2026-06-20 07:56:05 UTC,2026-06-20 07:55:36 UTC,2026-06-20 07:55:05 UTC,2026-06-20 07:54:26 UTC,2026-06-20 07:53:30 UTC,2026-06-20 07:53:25 UTC,2026-06-20 07:58:36 UTC,2026-06-20 07:58:34 UTC,2026-06-20 07:58:30 UTC,2026-06-20 07:58:23 UTC,NA,2026-06-20 07:57:57 UTC,2026-06-20 07:57:45 UTC,2026-06-20 07:57:51 UTC,2026-06-20 07:57:22 UTC,2026-06-20 07:57:15 UTC,2026-06-20 07:56:42 UTC,2026-06-20 07:56:06 UTC,2026-06-20 07:55:38 UTC,2026-06-20 07:55:07 UTC,2026-06-20 07:54:29 UTC,2026-06-20 07:53:52 UTC,2026-06-20 07:53:31 UTC,2026-06-20 07:53:15 UTC,2026-06-20 07:51:34 UTC,2026-06-20 07:51:01 UTC,2026-06-20 07:50:18 UTC,2026-06-20 07:58:40 UTC,2026-06-20 07:58:42 UTC,2026-06-20 07:57:59 UTC,2026-06-20 07:56:53 UTC,end_normal
989b10c911ddc3217bfaa855d20a77f1,2026-06-20 02:59:50 UTC,2026-06-20 03:03:53 UTC,2026-06-20 03:00:26 UTC,NA,NA,NA,NA,NA,NA,NA,NA,NA,NA,NA,NA,NA,NA,NA,NA,NA,5,NA,1,2,1,2,sjaelland,mellemlang_videre,1944,Kvinde,1870,2026-06-20 03:02:25 UTC,2026-06-20 03:02:05 UTC,2026-06-20 03:01:49 UTC,2026-06-20 03:01:33 UTC,2026-06-20 03:01:13 UTC,2026-06-20 03:01:01 UTC,2026-06-20 03:00:48 UTC,NA,NA,NA,NA,NA,NA,2026-06-20 03:03:08 UTC,NA,NA,NA,NA,NA,NA,NA,NA,NA,NA,NA,NA,NA,NA,NA,NA,NA,NA,2026-06-20 03:02:26 UTC,2026-06-20 03:01:14 UTC,2026-06-20 03:00:19 UTC,2026-06-20 02:59:50 UTC,NA,NA,NA,NA,party_and_trust
98c50eb6baa80faaf7a6f41c9d4650ad,2026-06-20 16:55:28 UTC,2026-06-20 17:00:59 UTC,2026-06-20 16:55:49 UTC,3,3,3,3,3,NA,3,3,3,3,3,NA,option_1,option_1,option_2,option_1,option_2,2,dansk_folkeparti,NA,1,NA,1,sjaelland,erhvervsuddannelse,1979,Kvinde,831,NA,2026-06-20 16:56:24 UTC,NA,2026-06-20 16:56:17 UTC,2026-06-20 16:56:07 UTC,2026-06-20 16:56:00 UTC,2026-06-20 16:55:57 UTC,NA,2026-06-20 16:59:16 UTC,2026-06-20 16:59:00 UTC,2026-06-20 16:58:28 UTC,2026-06-20 16:58:06 UTC,2026-06-20 16:57:46 UTC,2026-06-20 16:57:06 UTC,2026-06-20 16:56:59 UTC,2026-06-20 17:00:31 UTC,2026-06-20 17:00:30 UTC,2026-06-20 17:00:30 UTC,2026-06-20 17:00:28 UTC,NA,2026-06-20 17:00:08 UTC,2026-06-20 17:00:04 UTC,2026-06-20 17:00:04 UTC,2026-06-20 16:59:48 UTC,2026-06-20 16:59:45 UTC,2026-06-20 16:59:16 UTC,2026-06-20 16:59:01 UTC,2026-06-20 16:58:30 UTC,NA,2026-06-20 16:57:46 UTC,2026-06-20 16:57:19 UTC,2026-06-20 16:57:06 UTC,2026-06-20 16:56:47 UTC,2026-06-20 16:56:08 UTC,2026-06-20 16:55:44 UTC,2026-06-20 16:55:28 UTC,2026-06-20 17:00:33 UTC,2026-06-20 17:00:33 UTC,2026-06-20 17:00:09 UTC,2026-06-20 16:59:26 UTC,end_normal
9920ef944b00bf8d06e33d9a071cbf6b,2026-05-29 22:11:21 UTC,2026-05-29 22:17:48 UTC,2026-05-29 22:11:48 UTC,2,3,3,3,3,NA,2,2,3,3,3,NA,option_1,option_1,option_2,option_1,option_1,8,alternativet,3,2,NA,3,midtjylland,mellemlang_videre,1961,Mand,656,2026-05-29 22:13:07 UTC,2026-05-29 22:12:41 UTC,NA,2026-05-29 22:12:30 UTC,2026-05-29 22:12:14 UTC,2026-05-29 22:12:08 UTC,2026-05-29 22:11:58 UTC,NA,2026-05-29 22:16:11 UTC,2026-05-29 22:15:42 UTC,2026-05-29 22:15:13 UTC,2026-05-29 22:14:40 UTC,2026-05-29 22:14:16 UTC,2026-05-29 22:13:24 UTC,2026-05-29 22:13:16 UTC,2026-05-29 22:17:22 UTC,2026-05-29 22:17:21 UTC,2026-05-29 22:17:18 UTC,2026-05-29 22:17:17 UTC,NA,2026-05-29 22:17:06 UTC,2026-05-29 22:17:03 UTC,2026-05-29 22:16:57 UTC,2026-05-29 22:16:52 UTC,2026-05-29 22:16:43 UTC,2026-05-29 22:16:12 UTC,2026-05-29 22:15:46 UTC,2026-05-29 22:15:15 UTC,2026-05-29 22:14:41 UTC,2026-05-29 22:14:19 UTC,2026-05-29 22:13:40 UTC,2026-05-29 22:13:25 UTC,2026-05-29 22:13:07 UTC,2026-05-29 22:12:14 UTC,2026-05-29 22:11:44 UTC,2026-05-29 22:11:21 UTC,2026-05-29 22:17:26 UTC,2026-05-29 22:17:26 UTC,2026-05-29 22:17:08 UTC,2026-05-29 22:16:26 UTC,end_normal
99a104d0b673d341c4a5dac747183f94,2026-05-14 14:32:38 UTC,2026-05-14 14:40:26 UTC,2026-05-14 14:32:52 UTC,2,2,3,2,2,NA,4,5,5,5,5,NA,option_2,option_2,option_2,option_2,option_2,8,konservative,1,2,NA,1,nordjylland,mellemlang_videre,1969,Kvinde,1506,2026-05-14 14:34:24 UTC,2026-05-14 14:34:09 UTC,NA,2026-05-14 14:33:37 UTC,2026-05-14 14:33:19 UTC,2026-05-14 14:33:13 UTC,2026-05-14 14:32:59 UTC,NA,2026-05-14 14:37:26 UTC,2026-05-14 14:37:13 UTC,2026-05-14 14:36:40 UTC,2026-05-14 14:36:13 UTC,2026-05-14 14:35:43 UTC,2026-05-14 14:34:59 UTC,2026-05-14 14:34:33 UTC,2026-05-14 14:39:20 UTC,2026-05-14 14:39:16 UTC,2026-05-14 14:39:12 UTC,2026-05-14 14:39:04 UTC,NA,2026-05-14 14:38:27 UTC,2026-05-14 14:38:23 UTC,2026-05-14 14:38:21 UTC,2026-05-14 14:38:10 UTC,2026-05-14 14:37:56 UTC,2026-05-14 14:37:28 UTC,2026-05-14 14:37:14 UTC,2026-05-14 14:36:41 UTC,2026-05-14 14:36:14 UTC,2026-05-14 14:35:46 UTC,2026-05-14 14:35:10 UTC,2026-05-14 14:35:01 UTC,2026-05-14 14:34:25 UTC,2026-05-14 14:33:20 UTC,2026-05-14 14:32:48 UTC,2026-05-14 14:32:38 UTC,2026-05-14 14:39:24 UTC,2026-05-14 14:39:40 UTC,2026-05-14 14:38:28 UTC,2026-05-14 14:37:38 UTC,end_normal
99c31f5b2a8c2d8168f599f891955c05,2026-05-24 11:40:26 UTC,2026-05-24 11:50:29 UTC,2026-05-24 11:40:42 UTC,1,2,2,2,2,NA,4,4,4,4,4,NA,option_1,option_2,option_2,option_2,option_2,7,enhedslisten,NA,3,3,2,midtjylland,erhvervsuddannelse,1964,Kvinde,862,NA,2026-05-24 11:42:07 UTC,2026-05-24 11:41:57 UTC,2026-05-24 11:41:25 UTC,2026-05-24 11:41:09 UTC,2026-05-24 11:41:00 UTC,2026-05-24 11:40:52 UTC,NA,2026-05-24 11:45:14 UTC,2026-05-24 11:44:48 UTC,2026-05-24 11:44:11 UTC,2026-05-24 11:43:45 UTC,2026-05-24 11:43:11 UTC,2026-05-24 11:42:25 UTC,2026-05-24 11:42:17 UTC,2026-05-24 11:47:10 UTC,2026-05-24 11:47:08 UTC,2026-05-24 11:47:02 UTC,2026-05-24 11:46:50 UTC,NA,2026-05-24 11:46:27 UTC,2026-05-24 11:46:21 UTC,2026-05-24 11:46:04 UTC,2026-05-24 11:46:01 UTC,2026-05-24 11:45:57 UTC,2026-05-24 11:45:17 UTC,2026-05-24 11:44:52 UTC,2026-05-24 11:44:13 UTC,2026-05-24 11:43:49 UTC,2026-05-24 11:43:14 UTC,2026-05-24 11:42:46 UTC,2026-05-24 11:42:28 UTC,2026-05-24 11:42:07 UTC,2026-05-24 11:41:12 UTC,2026-05-24 11:40:38 UTC,2026-05-24 11:40:26 UTC,2026-05-24 11:47:15 UTC,2026-05-24 11:47:16 UTC,2026-05-24 11:46:28 UTC,2026-05-24 11:45:31 UTC,end_normal
99e59cafd3abf0eeeba44b4a637328fb,2026-06-20 08:54:18 UTC,2026-06-20 09:03:45 UTC,2026-06-20 08:55:13 UTC,5,4,4,5,4,NA,1,1,2,5,1,NA,option_1,option_1,option_2,option_1,option_2,9,sf,1,2,NA,3,sjaelland,gymnasial,1984,Kvinde,1898,2026-06-20 08:56:26 UTC,2026-06-20 08:56:01 UTC,NA,2026-06-20 08:55:44 UTC,2026-06-20 08:55:30 UTC,2026-06-20 08:55:25 UTC,2026-06-20 08:55:19 UTC,NA,2026-06-20 09:02:02 UTC,2026-06-20 09:00:43 UTC,2026-06-20 09:00:18 UTC,2026-06-20 08:59:49 UTC,2026-06-20 08:58:50 UTC,2026-06-20 08:57:54 UTC,2026-06-20 08:57:45 UTC,2026-06-20 09:03:31 UTC,2026-06-20 09:03:24 UTC,2026-06-20 09:03:18 UTC,2026-06-20 09:03:15 UTC,NA,2026-06-20 09:02:51 UTC,2026-06-20 09:02:48 UTC,2026-06-20 09:02:45 UTC,2026-06-20 09:02:44 UTC,2026-06-20 09:02:35 UTC,2026-06-20 09:02:02 UTC,2026-06-20 09:00:43 UTC,2026-06-20 09:00:18 UTC,2026-06-20 08:59:49 UTC,2026-06-20 08:58:50 UTC,2026-06-20 08:58:17 UTC,NA,2026-06-20 08:56:27 UTC,2026-06-20 08:55:33 UTC,2026-06-20 08:55:09 UTC,2026-06-20 08:54:18 UTC,2026-06-20 09:03:34 UTC,2026-06-20 09:03:36 UTC,2026-06-20 09:02:55 UTC,2026-06-20 09:02:16 UTC,end_normal
9a2512e5e4eb42239cbea7222624ddb6,2026-06-20 13:50:33 UTC,2026-06-20 13:55:40 UTC,2026-06-20 13:50:47 UTC,3,3,4,3,3,NA,1,2,2,2,1,NA,option_1,option_2,option_2,option_1,option_2,7,sf,NA,3,3,2,syddanmark,lang_videre,2000,Kvinde,1186,NA,2026-06-20 13:51:25 UTC,2026-06-20 13:51:19 UTC,2026-06-20 13:51:07 UTC,2026-06-20 13:51:00 UTC,2026-06-20 13:50:55 UTC,2026-06-20 13:50:51 UTC,NA,2026-06-20 13:53:47 UTC,2026-06-20 13:53:29 UTC,2026-06-20 13:53:18 UTC,2026-06-20 13:52:34 UTC,2026-06-20 13:52:07 UTC,2026-06-20 13:51:35 UTC,2026-06-20 13:51:31 UTC,2026-06-20 13:55:08 UTC,2026-06-20 13:55:04 UTC,2026-06-20 13:55:03 UTC,2026-06-20 13:54:56 UTC,NA,2026-06-20 13:54:23 UTC,2026-06-20 13:54:21 UTC,2026-06-20 13:54:18 UTC,2026-06-20 13:54:15 UTC,2026-06-20 13:54:09 UTC,2026-06-20 13:53:47 UTC,2026-06-20 13:53:30 UTC,2026-06-20 13:53:19 UTC,2026-06-20 13:52:36 UTC,2026-06-20 13:52:08 UTC,2026-06-20 13:51:45 UTC,2026-06-20 13:51:37 UTC,2026-06-20 13:51:26 UTC,2026-06-20 13:51:00 UTC,2026-06-20 13:50:44 UTC,2026-06-20 13:50:33 UTC,2026-06-20 13:55:10 UTC,2026-06-20 13:55:10 UTC,2026-06-20 13:54:23 UTC,2026-06-20 13:53:54 UTC,end_normal
9ac3cab82234a06ef435747cfc977be9,2026-06-20 20:00:22 UTC,2026-06-20 21:01:56 UTC,2026-06-20 20:00:31 UTC,3,4,4,4,4,NA,3,4,4,4,4,NA,option_2,option_2,option_1,option_1,option_2,8,moderaterne,3,2,1,2,hovedstaden,lang_videre,1998,Kvinde,887,2026-06-20 20:02:25 UTC,2026-06-20 20:02:16 UTC,2026-06-20 20:02:10 UTC,2026-06-20 20:01:31 UTC,2026-06-20 20:01:19 UTC,2026-06-20 20:00:57 UTC,2026-06-20 20:00:52 UTC,NA,2026-06-20 21:00:41 UTC,2026-06-20 20:19:42 UTC,2026-06-20 20:19:22 UTC,2026-06-20 20:18:46 UTC,2026-06-20 20:18:01 UTC,2026-06-20 20:17:22 UTC,2026-06-20 20:17:19 UTC,2026-06-20 21:01:30 UTC,2026-06-20 21:01:30 UTC,2026-06-20 21:01:29 UTC,2026-06-20 21:01:29 UTC,NA,2026-06-20 21:01:13 UTC,2026-06-20 21:01:11 UTC,2026-06-20 21:01:05 UTC,2026-06-20 21:01:00 UTC,2026-06-20 21:00:56 UTC,2026-06-20 21:00:42 UTC,2026-06-20 20:19:43 UTC,2026-06-20 20:19:23 UTC,2026-06-20 20:18:47 UTC,2026-06-20 20:18:02 UTC,2026-06-20 20:17:33 UTC,2026-06-20 20:17:23 UTC,2026-06-20 20:02:25 UTC,2026-06-20 20:01:20 UTC,2026-06-20 20:00:27 UTC,2026-06-20 20:00:22 UTC,2026-06-20 21:01:31 UTC,2026-06-20 21:01:32 UTC,2026-06-20 21:01:15 UTC,2026-06-20 21:00:46 UTC,end_normal
9ad282791170aaa757629d4f1a59e6b3,2026-05-14 12:53:49 UTC,2026-05-14 12:57:40 UTC,2026-05-14 12:53:59 UTC,2,2,3,3,2,NA,2,3,4,4,4,NA,option_1,option_1,option_2,option_1,option_1,8,alternativet,NA,3,NA,3,hovedstaden,lang_videre,2002,Kvinde,411,NA,2026-05-14 12:54:18 UTC,NA,2026-05-14 12:54:15 UTC,2026-05-14 12:54:08 UTC,2026-05-14 12:54:05 UTC,2026-05-14 12:54:02 UTC,NA,2026-05-14 12:56:32 UTC,2026-05-14 12:56:18 UTC,2026-05-14 12:56:04 UTC,2026-05-14 12:55:51 UTC,2026-05-14 12:54:59 UTC,2026-05-14 12:54:27 UTC,2026-05-14 12:54:25 UTC,2026-05-14 12:57:17 UTC,2026-05-14 12:57:16 UTC,2026-05-14 12:57:14 UTC,2026-05-14 12:57:12 UTC,NA,2026-05-14 12:57:00 UTC,2026-05-14 12:56:59 UTC,2026-05-14 12:56:50 UTC,2026-05-14 12:56:49 UTC,2026-05-14 12:56:45 UTC,2026-05-14 12:56:34 UTC,2026-05-14 12:56:20 UTC,2026-05-14 12:56:06 UTC,2026-05-14 12:55:55 UTC,2026-05-14 12:55:00 UTC,2026-05-14 12:54:35 UTC,2026-05-14 12:54:28 UTC,2026-05-14 12:54:19 UTC,2026-05-14 12:54:09 UTC,2026-05-14 12:53:56 UTC,2026-05-14 12:53:49 UTC,2026-05-14 12:57:18 UTC,2026-05-14 12:57:19 UTC,2026-05-14 12:57:03 UTC,2026-05-14 12:56:38 UTC,end_normal
9af29f148518a4e0804fdca233ace58a,2026-05-23 11:37:36 UTC,2026-05-23 11:51:58 UTC,2026-05-23 11:38:33 UTC,NA,NA,NA,NA,NA,NA,NA,NA,NA,NA,NA,NA,NA,NA,NA,NA,option_2,3,enhedslisten,NA,3,3,2,midtjylland,mellemlang_videre,1999,Kvinde,1331,NA,2026-05-23 11:45:23 UTC,2026-05-23 11:42:07 UTC,2026-05-23 11:40:15 UTC,2026-05-23 11:39:09 UTC,2026-05-23 11:38:46 UTC,2026-05-23 11:38:36 UTC,NA,NA,NA,NA,NA,2026-05-23 11:48:41 UTC,2026-05-23 11:45:46 UTC,2026-05-23 11:45:31 UTC,NA,NA,NA,NA,NA,NA,NA,NA,NA,NA,NA,NA,NA,NA,2026-05-23 11:48:44 UTC,2026-05-23 11:46:39 UTC,2026-05-23 11:46:00 UTC,2026-05-23 11:45:23 UTC,2026-05-23 11:39:12 UTC,2026-05-23 11:38:21 UTC,2026-05-23 11:37:36 UTC,NA,NA,NA,NA,cbc_q2_page
9b49732154d9f9a55282c7802652c845,2026-06-20 17:59:49 UTC,2026-06-20 18:42:47 UTC,NA,NA,NA,NA,NA,NA,NA,NA,NA,NA,NA,NA,NA,NA,NA,NA,NA,NA,NA,NA,NA,NA,NA,NA,NA,NA,NA,NA,448,NA,NA,NA,NA,NA,NA,NA,NA,NA,NA,NA,NA,NA,NA,NA,NA,NA,NA,NA,NA,NA,NA,NA,NA,NA,NA,NA,NA,NA,NA,NA,NA,NA,NA,2026-06-20 18:00:00 UTC,2026-06-20 17:59:49 UTC,NA,NA,NA,NA,Background
9b53891eab29b27116534a54af2bf4ac,2026-06-02 13:40:46 UTC,2026-06-02 13:47:36 UTC,2026-06-02 13:41:00 UTC,3,4,3,3,4,NA,2,1,2,2,2,NA,option_1,option_1,NA,option_2,option_1,6,socialdemokratiet,1,2,NA,1,nordjylland,mellemlang_videre,1977,Mand,1050,2026-06-02 13:41:51 UTC,2026-06-02 13:41:45 UTC,NA,2026-06-02 13:41:33 UTC,2026-06-02 13:41:21 UTC,2026-06-02 13:41:16 UTC,2026-06-02 13:41:12 UTC,NA,2026-06-02 13:44:57 UTC,2026-06-02 13:44:30 UTC,NA,2026-06-02 13:43:29 UTC,2026-06-02 13:43:00 UTC,2026-06-02 13:42:07 UTC,2026-06-02 13:42:02 UTC,2026-06-02 13:46:31 UTC,2026-06-02 13:46:27 UTC,2026-06-02 13:46:24 UTC,2026-06-02 13:46:21 UTC,NA,2026-06-02 13:46:02 UTC,2026-06-02 13:46:03 UTC,2026-06-02 13:45:52 UTC,2026-06-02 13:45:45 UTC,2026-06-02 13:45:38 UTC,2026-06-02 13:44:58 UTC,2026-06-02 13:44:33 UTC,2026-06-02 13:44:04 UTC,2026-06-02 13:43:33 UTC,2026-06-02 13:43:05 UTC,2026-06-02 13:42:21 UTC,2026-06-02 13:42:08 UTC,2026-06-02 13:41:54 UTC,2026-06-02 13:41:23 UTC,2026-06-02 13:40:55 UTC,2026-06-02 13:40:46 UTC,2026-06-02 13:46:37 UTC,2026-06-02 13:46:39 UTC,2026-06-02 13:46:07 UTC,2026-06-02 13:45:06 UTC,end_normal
9b6569659174524437060b582bdd8d83,2026-05-14 19:41:45 UTC,2026-05-14 19:44:59 UTC,2026-05-14 19:41:54 UTC,1,1,1,1,1,NA,1,1,1,2,1,NA,option_1,option_1,option_1,option_1,option_2,0,blankt,NA,1,NA,3,hovedstaden,lang_videre,1977,Kvinde,1029,NA,2026-05-14 19:42:16 UTC,NA,2026-05-14 19:42:13 UTC,2026-05-14 19:42:05 UTC,2026-05-14 19:41:52 UTC,2026-05-14 19:42:00 UTC,NA,2026-05-14 19:43:51 UTC,2026-05-14 19:43:38 UTC,2026-05-14 19:43:26 UTC,2026-05-14 19:43:07 UTC,2026-05-14 19:42:49 UTC,2026-05-14 19:42:27 UTC,2026-05-14 19:42:23 UTC,2026-05-14 19:44:36 UTC,2026-05-14 19:44:35 UTC,2026-05-14 19:44:35 UTC,2026-05-14 19:44:29 UTC,NA,2026-05-14 19:44:17 UTC,2026-05-14 19:44:16 UTC,2026-05-14 19:44:15 UTC,2026-05-14 19:44:14 UTC,2026-05-14 19:44:08 UTC,2026-05-14 19:43:52 UTC,2026-05-14 19:43:39 UTC,2026-05-14 19:43:27 UTC,2026-05-14 19:43:12 UTC,2026-05-14 19:42:51 UTC,2026-05-14 19:42:35 UTC,2026-05-14 19:42:27 UTC,2026-05-14 19:42:17 UTC,2026-05-14 19:42:06 UTC,2026-05-14 19:41:50 UTC,2026-05-14 19:41:45 UTC,2026-05-14 19:44:36 UTC,2026-05-14 19:44:37 UTC,2026-05-14 19:44:18 UTC,2026-05-14 19:43:59 UTC,end_normal
9b6a6dc1d95f1f6e0c92b347f8136554,2026-06-21 18:08:53 UTC,2026-06-21 18:15:27 UTC,2026-06-21 18:09:49 UTC,3,3,3,3,3,NA,1,1,1,1,1,NA,option_2,option_2,option_1,option_1,option_1,4,danmarksdemokraterne,3,2,NA,1,sjaelland,mellemlang_videre,1992,Mand,1167,2026-06-21 18:10:55 UTC,2026-06-21 18:10:47 UTC,NA,2026-06-21 18:10:35 UTC,2026-06-21 18:10:04 UTC,2026-06-21 18:09:58 UTC,2026-06-21 18:09:53 UTC,NA,2026-06-21 18:13:46 UTC,2026-06-21 18:13:25 UTC,2026-06-21 18:13:03 UTC,2026-06-21 18:12:39 UTC,2026-06-21 18:12:02 UTC,2026-06-21 18:11:14 UTC,2026-06-21 18:11:09 UTC,2026-06-21 18:14:49 UTC,2026-06-21 18:14:48 UTC,2026-06-21 18:14:44 UTC,2026-06-21 18:14:41 UTC,NA,2026-06-21 18:14:26 UTC,2026-06-21 18:14:25 UTC,2026-06-21 18:14:24 UTC,2026-06-21 18:14:22 UTC,2026-06-21 18:14:18 UTC,2026-06-21 18:13:46 UTC,2026-06-21 18:13:27 UTC,2026-06-21 18:13:04 UTC,2026-06-21 18:12:41 UTC,2026-06-21 18:12:03 UTC,2026-06-21 18:11:29 UTC,2026-06-21 18:11:16 UTC,2026-06-21 18:10:56 UTC,2026-06-21 18:10:05 UTC,2026-06-21 18:09:06 UTC,2026-06-21 18:08:53 UTC,2026-06-21 18:14:49 UTC,2026-06-21 18:14:54 UTC,2026-06-21 18:14:30 UTC,2026-06-21 18:13:56 UTC,end_normal
9bc1ad109c3757d900adb36fb75445c9,2026-05-13 14:56:55 UTC,2026-05-13 14:59:09 UTC,2026-05-13 14:57:07 UTC,4,2,2,1,1,NA,1,2,3,2,2,NA,option_2,option_2,option_1,option_1,option_1,6,konservative,NA,1,NA,1,hovedstaden,gymnasial,1998,Mand,1111,NA,2026-05-13 14:57:22 UTC,NA,2026-05-13 14:57:20 UTC,2026-05-13 14:57:14 UTC,2026-05-13 14:57:11 UTC,2026-05-13 14:57:10 UTC,NA,2026-05-13 14:58:15 UTC,2026-05-13 14:58:09 UTC,2026-05-13 14:58:02 UTC,2026-05-13 14:57:56 UTC,2026-05-13 14:57:48 UTC,2026-05-13 14:57:31 UTC,2026-05-13 14:57:29 UTC,2026-05-13 14:58:39 UTC,2026-05-13 14:58:41 UTC,2026-05-13 14:58:39 UTC,2026-05-13 14:58:37 UTC,NA,2026-05-13 14:58:32 UTC,2026-05-13 14:58:32 UTC,2026-05-13 14:58:28 UTC,2026-05-13 14:58:28 UTC,2026-05-13 14:58:30 UTC,2026-05-13 14:58:18 UTC,2026-05-13 14:58:10 UTC,2026-05-13 14:58:03 UTC,2026-05-13 14:57:57 UTC,2026-05-13 14:57:49 UTC,2026-05-13 14:57:37 UTC,2026-05-13 14:57:32 UTC,2026-05-13 14:57:22 UTC,2026-05-13 14:57:15 UTC,2026-05-13 14:57:03 UTC,2026-05-13 14:56:55 UTC,2026-05-13 14:58:41 UTC,2026-05-13 14:58:42 UTC,2026-05-13 14:58:32 UTC,2026-05-13 14:58:22 UTC,end_normal
9c497ee9d218ecf2289a7883b9ad65d5,2026-05-19 13:43:06 UTC,2026-05-19 13:51:18 UTC,2026-05-19 13:43:31 UTC,2,3,3,3,2,NA,3,4,3,4,4,NA,option_1,option_2,option_2,option_2,option_2,6,enhedslisten,NA,3,3,2,sjaelland,mellemlang_videre,1945,Kvinde,557,NA,2026-05-19 13:44:57 UTC,2026-05-19 13:44:45 UTC,2026-05-19 13:44:27 UTC,2026-05-19 13:44:10 UTC,2026-05-19 13:44:04 UTC,2026-05-19 13:43:44 UTC,NA,2026-05-19 13:48:26 UTC,2026-05-19 13:47:58 UTC,2026-05-19 13:47:30 UTC,2026-05-19 13:46:56 UTC,2026-05-19 13:46:15 UTC,2026-05-19 13:45:18 UTC,2026-05-19 13:45:10 UTC,2026-05-19 13:50:27 UTC,2026-05-19 13:50:24 UTC,2026-05-19 13:50:19 UTC,2026-05-19 13:50:11 UTC,NA,2026-05-19 13:49:48 UTC,2026-05-19 13:49:40 UTC,2026-05-19 13:49:34 UTC,2026-05-19 13:49:27 UTC,2026-05-19 13:49:20 UTC,2026-05-19 13:48:28 UTC,2026-05-19 13:48:01 UTC,2026-05-19 13:47:31 UTC,2026-05-19 13:46:57 UTC,2026-05-19 13:46:17 UTC,2026-05-19 13:45:38 UTC,2026-05-19 13:45:20 UTC,2026-05-19 13:44:58 UTC,2026-05-19 13:44:11 UTC,2026-05-19 13:43:26 UTC,2026-05-19 13:43:06 UTC,2026-05-19 13:50:31 UTC,2026-05-19 13:50:31 UTC,2026-05-19 13:49:49 UTC,2026-05-19 13:48:40 UTC,end_normal
9c61e3853b7d4e77123fb4479616fff1,2026-06-20 04:29:51 UTC,2026-06-20 04:34:37 UTC,2026-06-20 04:30:02 UTC,3,2,4,3,3,NA,3,4,3,3,3,NA,option_1,option_2,option_2,option_1,option_2,7,radikale,3,2,1,2,midtjylland,mellemlang_videre,1990,Kvinde,1686,2026-06-20 04:30:44 UTC,2026-06-20 04:30:39 UTC,2026-06-20 04:30:27 UTC,2026-06-20 04:30:20 UTC,2026-06-20 04:30:12 UTC,2026-06-20 04:30:08 UTC,2026-06-20 04:30:05 UTC,NA,2026-06-20 04:32:54 UTC,2026-06-20 04:32:40 UTC,2026-06-20 04:32:20 UTC,2026-06-20 04:31:58 UTC,2026-06-20 04:31:42 UTC,2026-06-20 04:30:58 UTC,2026-06-20 04:30:53 UTC,2026-06-20 04:33:54 UTC,2026-06-20 04:33:52 UTC,2026-06-20 04:33:50 UTC,2026-06-20 04:33:47 UTC,NA,2026-06-20 04:33:37 UTC,2026-06-20 04:33:34 UTC,2026-06-20 04:33:32 UTC,2026-06-20 04:33:29 UTC,2026-06-20 04:33:17 UTC,2026-06-20 04:32:57 UTC,2026-06-20 04:32:41 UTC,2026-06-20 04:32:25 UTC,2026-06-20 04:31:59 UTC,2026-06-20 04:31:44 UTC,2026-06-20 04:31:12 UTC,2026-06-20 04:30:59 UTC,2026-06-20 04:30:44 UTC,2026-06-20 04:30:12 UTC,2026-06-20 04:29:58 UTC,2026-06-20 04:29:51 UTC,2026-06-20 04:33:57 UTC,2026-06-20 04:33:58 UTC,2026-06-20 04:33:38 UTC,2026-06-20 04:33:01 UTC,end_normal
9c747ab64c137433793711dc539c40fc,2026-05-14 10:16:43 UTC,2026-05-14 10:22:33 UTC,2026-05-14 10:17:00 UTC,3,4,3,3,4,NA,3,3,3,3,3,NA,option_2,option_1,option_1,option_2,option_1,7,alternativet,3,2,3,2,hovedstaden,kort_videre,1980,Kvinde,1966,2026-05-14 10:17:54 UTC,2026-05-14 10:17:50 UTC,2026-05-14 10:17:39 UTC,2026-05-14 10:17:28 UTC,2026-05-14 10:17:09 UTC,2026-05-14 10:17:06 UTC,2026-05-14 10:17:04 UTC,NA,2026-05-14 10:20:50 UTC,2026-05-14 10:20:17 UTC,2026-05-14 10:19:53 UTC,2026-05-14 10:19:32 UTC,2026-05-14 10:19:06 UTC,2026-05-14 10:18:11 UTC,2026-05-14 10:18:04 UTC,2026-05-14 10:22:11 UTC,2026-05-14 10:22:09 UTC,2026-05-14 10:22:03 UTC,2026-05-14 10:21:57 UTC,NA,2026-05-14 10:21:36 UTC,2026-05-14 10:21:33 UTC,2026-05-14 10:21:29 UTC,2026-05-14 10:21:24 UTC,2026-05-14 10:21:18 UTC,2026-05-14 10:20:51 UTC,2026-05-14 10:20:18 UTC,2026-05-14 10:19:53 UTC,2026-05-14 10:19:32 UTC,2026-05-14 10:19:06 UTC,2026-05-14 10:18:24 UTC,2026-05-14 10:18:11 UTC,2026-05-14 10:17:57 UTC,2026-05-14 10:17:09 UTC,2026-05-14 10:16:56 UTC,2026-05-14 10:16:43 UTC,2026-05-14 10:22:12 UTC,2026-05-14 10:22:13 UTC,2026-05-14 10:21:37 UTC,2026-05-14 10:20:59 UTC,end_normal
9c974a7c7b1e7a9f1da93ad9c311f6e8,2026-05-24 14:57:44 UTC,2026-05-24 14:59:49 UTC,2026-05-24 14:58:00 UTC,NA,NA,NA,NA,NA,NA,NA,NA,NA,NA,NA,NA,NA,NA,NA,NA,NA,NA,NA,NA,NA,3,2,midtjylland,mellemlang_videre,2002,Mand,237,NA,NA,2026-05-24 14:58:37 UTC,2026-05-24 14:58:23 UTC,2026-05-24 14:58:11 UTC,2026-05-24 14:58:08 UTC,2026-05-24 14:58:02 UTC,NA,NA,NA,NA,NA,NA,NA,NA,NA,NA,NA,NA,NA,NA,NA,NA,NA,NA,NA,NA,NA,NA,NA,NA,NA,NA,2026-05-24 14:58:11 UTC,2026-05-24 14:57:56 UTC,2026-05-24 14:57:44 UTC,NA,NA,NA,NA,issue_positions
9c9850359800155a5cf959d28bb989d8,2026-05-14 20:00:44 UTC,2026-05-14 20:07:30 UTC,2026-05-14 20:00:55 UTC,3,4,5,4,4,NA,1,1,3,4,3,NA,option_2,option_1,option_1,option_1,option_1,6,socialdemokratiet,1,2,1,2,nordjylland,mellemlang_videre,2003,Kvinde,1594,2026-05-14 20:02:20 UTC,2026-05-14 20:02:07 UTC,2026-05-14 20:01:52 UTC,2026-05-14 20:01:42 UTC,2026-05-14 20:01:24 UTC,2026-05-14 20:01:18 UTC,2026-05-14 20:00:57 UTC,NA,2026-05-14 20:05:35 UTC,2026-05-14 20:05:02 UTC,2026-05-14 20:04:17 UTC,2026-05-14 20:03:55 UTC,2026-05-14 20:03:18 UTC,2026-05-14 20:02:38 UTC,2026-05-14 20:02:34 UTC,2026-05-14 20:07:03 UTC,2026-05-14 20:07:00 UTC,2026-05-14 20:06:57 UTC,2026-05-14 20:06:55 UTC,NA,2026-05-14 20:06:34 UTC,2026-05-14 20:06:32 UTC,2026-05-14 20:06:29 UTC,2026-05-14 20:06:13 UTC,2026-05-14 20:06:14 UTC,2026-05-14 20:05:36 UTC,2026-05-14 20:05:03 UTC,2026-05-14 20:04:18 UTC,2026-05-14 20:03:57 UTC,2026-05-14 20:03:24 UTC,2026-05-14 20:02:44 UTC,2026-05-14 20:02:40 UTC,2026-05-14 20:02:22 UTC,2026-05-14 20:01:25 UTC,2026-05-14 20:00:51 UTC,2026-05-14 20:00:44 UTC,2026-05-14 20:07:06 UTC,2026-05-14 20:07:07 UTC,2026-05-14 20:06:35 UTC,2026-05-14 20:05:40 UTC,end_normal
9cfd72ee2fc7a2a52588233987c3ea68,2026-05-14 05:31:00 UTC,2026-05-14 05:37:09 UTC,2026-05-14 05:31:44 UTC,NA,NA,NA,NA,NA,NA,NA,NA,NA,NA,NA,NA,NA,NA,option_2,option_1,option_2,2,stemte_ikke,NA,1,NA,3,syddanmark,gymnasial,1949,Kvinde,255,NA,2026-05-14 05:33:10 UTC,NA,2026-05-14 05:32:47 UTC,2026-05-14 05:32:24 UTC,2026-05-14 05:32:17 UTC,2026-05-14 05:31:56 UTC,NA,NA,NA,2026-05-14 05:36:18 UTC,2026-05-14 05:35:48 UTC,2026-05-14 05:35:15 UTC,2026-05-14 05:33:57 UTC,2026-05-14 05:33:39 UTC,NA,NA,NA,NA,NA,NA,NA,NA,NA,NA,NA,NA,2026-05-14 05:36:18 UTC,2026-05-14 05:35:51 UTC,2026-05-14 05:35:16 UTC,2026-05-14 05:34:17 UTC,2026-05-14 05:34:00 UTC,2026-05-14 05:33:12 UTC,2026-05-14 05:32:25 UTC,2026-05-14 05:31:21 UTC,2026-05-14 05:31:00 UTC,NA,NA,NA,NA,cbc_q4_page
9d2984ca000700a8765941405829771f,2026-05-19 15:18:10 UTC,2026-05-19 15:23:54 UTC,2026-05-19 15:18:27 UTC,NA,NA,NA,NA,NA,NA,NA,NA,NA,NA,NA,NA,NA,NA,NA,option_1,option_2,7,radikale,3,2,3,2,hovedstaden,lang_videre,1999,Kvinde,707,2026-05-19 15:19:22 UTC,2026-05-19 15:19:08 UTC,2026-05-19 15:19:03 UTC,2026-05-19 15:18:54 UTC,2026-05-19 15:18:41 UTC,2026-05-19 15:18:37 UTC,2026-05-19 15:18:30 UTC,NA,NA,NA,NA,2026-05-19 15:20:52 UTC,2026-05-19 15:20:31 UTC,2026-05-19 15:19:34 UTC,2026-05-19 15:19:26 UTC,NA,NA,NA,NA,NA,NA,NA,NA,NA,NA,NA,NA,NA,2026-05-19 15:20:52 UTC,2026-05-19 15:20:34 UTC,2026-05-19 15:19:45 UTC,2026-05-19 15:19:35 UTC,2026-05-19 15:19:22 UTC,2026-05-19 15:18:41 UTC,2026-05-19 15:18:22 UTC,2026-05-19 15:18:10 UTC,NA,NA,NA,NA,cbc_q3_page
9d409297d36d43a54e1eee9bd166e06c,2026-06-19 19:50:27 UTC,2026-06-19 19:58:45 UTC,2026-06-19 19:50:55 UTC,5,3,2,3,3,NA,1,2,2,2,2,NA,option_1,option_1,option_2,option_1,option_1,3,alternativet,NA,3,NA,3,midtjylland,mellemlang_videre,1959,Kvinde,1494,NA,2026-06-19 19:51:46 UTC,NA,2026-06-19 19:51:34 UTC,2026-06-19 19:51:22 UTC,2026-06-19 19:51:14 UTC,2026-06-19 19:51:06 UTC,NA,2026-06-19 19:55:19 UTC,2026-06-19 19:54:49 UTC,2026-06-19 19:54:16 UTC,2026-06-19 19:53:46 UTC,2026-06-19 19:53:05 UTC,2026-06-19 19:52:15 UTC,2026-06-19 19:52:01 UTC,2026-06-19 19:57:34 UTC,2026-06-19 19:57:31 UTC,2026-06-19 19:57:17 UTC,2026-06-19 19:57:14 UTC,NA,2026-06-19 19:56:37 UTC,2026-06-19 19:56:34 UTC,2026-06-19 19:56:30 UTC,2026-06-19 19:56:25 UTC,2026-06-19 19:56:23 UTC,2026-06-19 19:55:20 UTC,2026-06-19 19:54:50 UTC,2026-06-19 19:54:17 UTC,2026-06-19 19:53:47 UTC,2026-06-19 19:53:06 UTC,2026-06-19 19:52:31 UTC,2026-06-19 19:52:17 UTC,NA,2026-06-19 19:51:23 UTC,2026-06-19 19:50:51 UTC,2026-06-19 19:50:27 UTC,2026-06-19 19:57:40 UTC,2026-06-19 19:57:43 UTC,2026-06-19 19:56:40 UTC,2026-06-19 19:55:37 UTC,end_normal
9dc05d520bf2a6de27be5f9c422e6edf,2026-06-20 17:06:24 UTC,2026-06-20 17:11:28 UTC,2026-06-20 17:06:51 UTC,5,5,5,3,4,NA,1,1,2,4,2,NA,option_2,option_2,option_1,option_1,option_2,3,venstre,3,2,NA,1,midtjylland,gymnasial,2007,Kvinde,458,2026-06-20 17:07:25 UTC,2026-06-20 17:07:19 UTC,NA,2026-06-20 17:07:11 UTC,2026-06-20 17:07:02 UTC,2026-06-20 17:06:57 UTC,2026-06-20 17:06:54 UTC,NA,2026-06-20 17:09:42 UTC,2026-06-20 17:09:22 UTC,2026-06-20 17:08:59 UTC,2026-06-20 17:08:41 UTC,2026-06-20 17:08:25 UTC,2026-06-20 17:07:41 UTC,2026-06-20 17:07:33 UTC,2026-06-20 17:10:51 UTC,2026-06-20 17:10:48 UTC,2026-06-20 17:10:45 UTC,2026-06-20 17:10:40 UTC,NA,2026-06-20 17:10:28 UTC,2026-06-20 17:10:25 UTC,2026-06-20 17:10:22 UTC,2026-06-20 17:10:19 UTC,2026-06-20 17:10:16 UTC,2026-06-20 17:09:42 UTC,NA,2026-06-20 17:09:07 UTC,2026-06-20 17:08:42 UTC,2026-06-20 17:08:25 UTC,2026-06-20 17:07:56 UTC,2026-06-20 17:07:43 UTC,2026-06-20 17:07:27 UTC,2026-06-20 17:07:02 UTC,2026-06-20 17:06:47 UTC,2026-06-20 17:06:24 UTC,2026-06-20 17:10:52 UTC,2026-06-20 17:10:53 UTC,2026-06-20 17:10:31 UTC,2026-06-20 17:09:52 UTC,end_normal
9e2516b0b3397a4d97e096b5f0c262fa,2026-05-25 19:11:31 UTC,2026-05-25 19:18:03 UTC,2026-05-25 19:11:44 UTC,2,2,2,3,2,NA,1,4,3,3,3,NA,option_1,option_1,option_2,option_2,option_2,6,konservative,1,2,1,2,midtjylland,forsker,1970,Kvinde,245,2026-05-25 19:12:57 UTC,2026-05-25 19:12:48 UTC,2026-05-25 19:12:34 UTC,2026-05-25 19:12:13 UTC,2026-05-25 19:11:57 UTC,2026-05-25 19:11:54 UTC,2026-05-25 19:11:50 UTC,NA,2026-05-25 19:16:03 UTC,2026-05-25 19:15:26 UTC,2026-05-25 19:14:52 UTC,2026-05-25 19:14:14 UTC,2026-05-25 19:13:30 UTC,2026-05-25 19:13:13 UTC,2026-05-25 19:13:04 UTC,2026-05-25 19:17:22 UTC,2026-05-25 19:17:19 UTC,2026-05-25 19:17:14 UTC,2026-05-25 19:17:11 UTC,NA,2026-05-25 19:16:53 UTC,2026-05-25 19:16:46 UTC,2026-05-25 19:16:37 UTC,2026-05-25 19:16:35 UTC,2026-05-25 19:16:31 UTC,2026-05-25 19:16:07 UTC,2026-05-25 19:15:31 UTC,2026-05-25 19:14:54 UTC,2026-05-25 19:14:15 UTC,2026-05-25 19:13:32 UTC,2026-05-25 19:13:22 UTC,2026-05-25 19:13:14 UTC,2026-05-25 19:12:59 UTC,2026-05-25 19:11:59 UTC,2026-05-25 19:11:39 UTC,2026-05-25 19:11:31 UTC,2026-05-25 19:17:24 UTC,2026-05-25 19:17:25 UTC,2026-05-25 19:16:54 UTC,2026-05-25 19:16:10 UTC,end_normal
9e5027250b68b8dbd15309afa370c68c,2026-05-17 18:39:08 UTC,2026-05-17 18:44:26 UTC,2026-05-17 18:39:20 UTC,1,1,5,5,1,NA,1,1,1,4,1,NA,option_1,option_2,option_2,option_2,option_2,5,konservative,NA,1,NA,3,midtjylland,lang_videre,1963,Mand,112,NA,2026-05-17 18:40:02 UTC,NA,2026-05-17 18:39:48 UTC,2026-05-17 18:39:37 UTC,2026-05-17 18:39:33 UTC,2026-05-17 18:39:26 UTC,NA,2026-05-17 18:42:47 UTC,2026-05-17 18:42:06 UTC,2026-05-17 18:41:36 UTC,2026-05-17 18:41:13 UTC,2026-05-17 18:40:53 UTC,2026-05-17 18:40:15 UTC,2026-05-17 18:40:10 UTC,2026-05-17 18:43:55 UTC,2026-05-17 18:43:49 UTC,2026-05-17 18:43:47 UTC,2026-05-17 18:43:45 UTC,NA,2026-05-17 18:43:32 UTC,2026-05-17 18:43:28 UTC,2026-05-17 18:43:23 UTC,2026-05-17 18:43:20 UTC,2026-05-17 18:43:18 UTC,2026-05-17 18:42:52 UTC,2026-05-17 18:42:12 UTC,2026-05-17 18:41:39 UTC,2026-05-17 18:41:17 UTC,2026-05-17 18:40:58 UTC,2026-05-17 18:40:31 UTC,2026-05-17 18:40:18 UTC,2026-05-17 18:40:03 UTC,2026-05-17 18:39:41 UTC,2026-05-17 18:39:17 UTC,2026-05-17 18:39:08 UTC,2026-05-17 18:43:54 UTC,2026-05-17 18:43:56 UTC,2026-05-17 18:43:33 UTC,2026-05-17 18:43:01 UTC,end_normal
9e5cb52ef4b46c6af5fb3a480387bf1c,2026-05-13 15:06:45 UTC,2026-05-13 15:08:06 UTC,2026-05-13 15:07:00 UTC,NA,NA,NA,NA,NA,NA,NA,NA,NA,NA,NA,NA,NA,NA,NA,NA,NA,NA,NA,NA,NA,NA,NA,hovedstaden,lang_videre,1998,Kvinde,499,NA,NA,NA,NA,2026-05-13 15:07:19 UTC,2026-05-13 15:07:15 UTC,2026-05-13 15:07:04 UTC,NA,NA,NA,NA,NA,NA,NA,NA,NA,NA,NA,NA,NA,NA,NA,NA,NA,NA,NA,NA,NA,NA,NA,NA,NA,NA,2026-05-13 15:07:20 UTC,2026-05-13 15:06:57 UTC,2026-05-13 15:06:45 UTC,NA,NA,NA,NA,issue_positions
9e6982c96ffe3b48746545d0a63415bd,2026-06-20 17:57:53 UTC,2026-06-20 18:01:31 UTC,2026-06-20 17:58:11 UTC,NA,NA,NA,NA,NA,NA,NA,NA,NA,NA,NA,NA,NA,option_1,option_2,option_1,option_1,7,enhedslisten,NA,3,NA,3,syddanmark,lang_videre,1986,Kvinde,1541,NA,2026-06-20 17:58:41 UTC,NA,2026-06-20 17:58:32 UTC,2026-06-20 17:58:23 UTC,2026-06-20 17:58:21 UTC,2026-06-20 17:58:17 UTC,NA,NA,2026-06-20 18:00:59 UTC,2026-06-20 18:00:39 UTC,2026-06-20 18:00:22 UTC,2026-06-20 17:59:57 UTC,2026-06-20 17:58:55 UTC,2026-06-20 17:58:50 UTC,NA,NA,NA,NA,NA,NA,NA,NA,NA,NA,NA,2026-06-20 18:01:00 UTC,2026-06-20 18:00:40 UTC,2026-06-20 18:00:23 UTC,2026-06-20 17:59:57 UTC,2026-06-20 17:59:09 UTC,2026-06-20 17:58:55 UTC,2026-06-20 17:58:41 UTC,2026-06-20 17:58:24 UTC,2026-06-20 17:58:06 UTC,2026-06-20 17:57:53 UTC,NA,NA,NA,NA,cbc_q5_page
9e7aaad574dae62a2cb1c3a833886822,2026-06-19 19:36:14 UTC,2026-06-19 19:43:14 UTC,2026-06-19 19:36:45 UTC,2,2,2,2,2,NA,4,4,4,4,4,NA,option_1,option_1,option_1,option_1,option_2,4,dansk_folkeparti,NA,3,NA,1,midtjylland,mellemlang_videre,1964,Kvinde,121,NA,2026-06-19 19:37:35 UTC,NA,2026-06-19 19:37:23 UTC,2026-06-19 19:37:09 UTC,2026-06-19 19:37:03 UTC,2026-06-19 19:36:56 UTC,NA,2026-06-19 19:41:16 UTC,2026-06-19 19:40:41 UTC,2026-06-19 19:40:13 UTC,2026-06-19 19:39:35 UTC,2026-06-19 19:39:07 UTC,2026-06-19 19:37:54 UTC,2026-06-19 19:37:46 UTC,2026-06-19 19:42:43 UTC,2026-06-19 19:42:42 UTC,2026-06-19 19:42:41 UTC,2026-06-19 19:42:28 UTC,NA,2026-06-19 19:42:12 UTC,2026-06-19 19:42:11 UTC,2026-06-19 19:42:07 UTC,2026-06-19 19:42:04 UTC,2026-06-19 19:41:52 UTC,2026-06-19 19:41:17 UTC,2026-06-19 19:40:44 UTC,2026-06-19 19:40:16 UTC,2026-06-19 19:39:37 UTC,2026-06-19 19:39:08 UTC,2026-06-19 19:38:17 UTC,2026-06-19 19:37:56 UTC,2026-06-19 19:37:37 UTC,2026-06-19 19:37:11 UTC,2026-06-19 19:36:40 UTC,2026-06-19 19:36:14 UTC,2026-06-19 19:42:48 UTC,2026-06-19 19:42:50 UTC,2026-06-19 19:42:15 UTC,2026-06-19 19:41:29 UTC,end_normal
9eed475a5582f553d403224bbe8aa9fa,2026-06-15 17:39:21 UTC,2026-06-15 17:39:52 UTC,NA,NA,NA,NA,NA,NA,NA,NA,NA,NA,NA,NA,NA,NA,NA,NA,NA,NA,NA,NA,NA,NA,NA,NA,NA,NA,NA,NA,1910,NA,NA,NA,NA,NA,NA,NA,NA,NA,NA,NA,NA,NA,NA,NA,NA,NA,NA,NA,NA,NA,NA,NA,NA,NA,NA,NA,NA,NA,NA,NA,NA,NA,NA,2026-06-15 17:39:30 UTC,2026-06-15 17:39:21 UTC,NA,NA,NA,NA,Background
9f47ab3b7d83018414641720c5786fb6,2026-06-20 22:58:08 UTC,2026-06-20 23:02:53 UTC,2026-06-20 22:58:20 UTC,4,4,4,4,4,NA,1,1,2,2,1,NA,option_2,option_2,option_2,option_1,option_1,9,sf,3,2,NA,3,syddanmark,kort_videre,1982,Kvinde,301,2026-06-20 22:59:09 UTC,2026-06-20 22:59:05 UTC,NA,2026-06-20 22:58:55 UTC,2026-06-20 22:58:37 UTC,2026-06-20 22:58:33 UTC,2026-06-20 22:58:25 UTC,NA,2026-06-20 23:01:07 UTC,2026-06-20 23:00:56 UTC,2026-06-20 23:00:36 UTC,2026-06-20 23:00:15 UTC,2026-06-20 22:59:59 UTC,2026-06-20 22:59:20 UTC,2026-06-20 22:59:16 UTC,2026-06-20 23:02:00 UTC,2026-06-20 23:01:59 UTC,2026-06-20 23:01:58 UTC,2026-06-20 23:01:56 UTC,NA,2026-06-20 23:01:45 UTC,2026-06-20 23:01:43 UTC,2026-06-20 23:01:41 UTC,2026-06-20 23:01:39 UTC,2026-06-20 23:01:37 UTC,2026-06-20 23:01:10 UTC,2026-06-20 23:00:56 UTC,2026-06-20 23:00:37 UTC,2026-06-20 23:00:16 UTC,2026-06-20 22:59:59 UTC,2026-06-20 22:59:30 UTC,2026-06-20 22:59:21 UTC,2026-06-20 22:59:10 UTC,2026-06-20 22:58:38 UTC,2026-06-20 22:58:16 UTC,2026-06-20 22:58:08 UTC,2026-06-20 23:02:01 UTC,2026-06-20 23:02:01 UTC,2026-06-20 23:01:46 UTC,2026-06-20 23:01:17 UTC,end_normal
9f49a10ea8e1700de090639030c63f03,2026-06-19 20:06:45 UTC,2026-06-19 20:14:12 UTC,2026-06-19 20:07:01 UTC,5,5,5,5,3,NA,1,1,5,1,1,NA,option_2,option_2,option_2,option_1,option_1,4,danmarksdemokraterne,1,2,NA,1,midtjylland,erhvervsuddannelse,2006,Mand,1051,2026-06-19 20:08:06 UTC,2026-06-19 20:07:48 UTC,NA,2026-06-19 20:07:38 UTC,2026-06-19 20:07:17 UTC,2026-06-19 20:07:12 UTC,2026-06-19 20:07:04 UTC,NA,2026-06-19 20:11:32 UTC,2026-06-19 20:10:58 UTC,2026-06-19 20:10:39 UTC,2026-06-19 20:09:39 UTC,2026-06-19 20:09:19 UTC,2026-06-19 20:08:37 UTC,2026-06-19 20:08:30 UTC,2026-06-19 20:13:41 UTC,2026-06-19 20:13:33 UTC,2026-06-19 20:13:19 UTC,2026-06-19 20:13:27 UTC,NA,2026-06-19 20:12:41 UTC,2026-06-19 20:12:38 UTC,2026-06-19 20:12:28 UTC,2026-06-19 20:12:16 UTC,2026-06-19 20:12:05 UTC,2026-06-19 20:11:33 UTC,2026-06-19 20:11:14 UTC,2026-06-19 20:10:41 UTC,2026-06-19 20:09:41 UTC,2026-06-19 20:09:21 UTC,2026-06-19 20:08:43 UTC,2026-06-19 20:08:39 UTC,2026-06-19 20:08:07 UTC,2026-06-19 20:07:18 UTC,2026-06-19 20:06:57 UTC,2026-06-19 20:06:45 UTC,2026-06-19 20:13:51 UTC,2026-06-19 20:13:51 UTC,2026-06-19 20:12:42 UTC,2026-06-19 20:11:37 UTC,end_normal
9f998b1880a1ee297a2302905553a3bd,2026-05-26 01:12:22 UTC,2026-05-26 01:33:33 UTC,2026-05-26 01:12:34 UTC,NA,NA,NA,NA,NA,NA,NA,NA,NA,NA,NA,NA,NA,option_1,option_2,option_2,option_1,1,onsker_ikke,NA,3,NA,3,midtjylland,anden,1989,Andet,975,NA,2026-05-26 01:13:14 UTC,NA,2026-05-26 01:13:01 UTC,2026-05-26 01:12:51 UTC,2026-05-26 01:12:47 UTC,2026-05-26 01:12:42 UTC,NA,NA,2026-05-26 01:15:55 UTC,2026-05-26 01:15:35 UTC,2026-05-26 01:15:16 UTC,2026-05-26 01:14:47 UTC,2026-05-26 01:13:46 UTC,2026-05-26 01:13:26 UTC,NA,NA,NA,NA,NA,NA,NA,NA,NA,NA,NA,2026-05-26 01:15:56 UTC,2026-05-26 01:15:36 UTC,2026-05-26 01:15:17 UTC,2026-05-26 01:14:52 UTC,2026-05-26 01:13:55 UTC,2026-05-26 01:13:49 UTC,2026-05-26 01:13:15 UTC,2026-05-26 01:12:52 UTC,2026-05-26 01:12:29 UTC,2026-05-26 01:12:22 UTC,NA,NA,NA,NA,cbc_q5_page
9f9ff8ced7d2791134966c1cd4293cdd,2026-05-12 17:01:45 UTC,2026-05-12 17:06:28 UTC,2026-05-12 17:02:59 UTC,3,3,3,3,3,NA,3,3,3,3,3,NA,option_1,option_2,option_1,option_1,option_1,3,socialdemokratiet,1,2,NA,1,midtjylland,kort_videre,1981,Kvinde,847,2026-05-12 17:03:45 UTC,2026-05-12 17:03:38 UTC,NA,2026-05-12 17:03:29 UTC,2026-05-12 17:03:18 UTC,2026-05-12 17:03:11 UTC,2026-05-12 17:03:05 UTC,NA,2026-05-12 17:05:32 UTC,2026-05-12 17:05:22 UTC,2026-05-12 17:05:06 UTC,2026-05-12 17:04:39 UTC,2026-05-12 17:04:23 UTC,2026-05-12 17:04:03 UTC,2026-05-12 17:03:58 UTC,2026-05-12 17:06:07 UTC,2026-05-12 17:06:06 UTC,2026-05-12 17:06:05 UTC,2026-05-12 17:06:05 UTC,NA,2026-05-12 17:05:54 UTC,2026-05-12 17:05:52 UTC,2026-05-12 17:05:51 UTC,2026-05-12 17:05:50 UTC,2026-05-12 17:05:48 UTC,2026-05-12 17:05:32 UTC,2026-05-12 17:05:23 UTC,2026-05-12 17:05:07 UTC,2026-05-12 17:04:41 UTC,2026-05-12 17:04:25 UTC,2026-05-12 17:04:08 UTC,2026-05-12 17:04:04 UTC,2026-05-12 17:03:47 UTC,2026-05-12 17:03:20 UTC,2026-05-12 17:02:34 UTC,2026-05-12 17:01:45 UTC,2026-05-12 17:06:07 UTC,2026-05-12 17:06:08 UTC,2026-05-12 17:05:54 UTC,2026-05-12 17:05:36 UTC,end_normal
a0569a8dce883d9232d41ccd171ba0c0,2026-05-13 20:46:12 UTC,2026-05-13 20:47:23 UTC,2026-05-13 20:46:26 UTC,NA,NA,NA,NA,NA,NA,NA,NA,NA,NA,NA,NA,NA,NA,NA,NA,NA,NA,NA,NA,NA,NA,NA,NA,mellemlang_videre,1976,Kvinde,75,NA,NA,NA,NA,NA,2026-05-13 20:46:45 UTC,2026-05-13 20:46:32 UTC,NA,NA,NA,NA,NA,NA,NA,NA,NA,NA,NA,NA,NA,NA,NA,NA,NA,NA,NA,NA,NA,NA,NA,NA,NA,NA,NA,2026-05-13 20:46:21 UTC,2026-05-13 20:46:12 UTC,NA,NA,NA,NA,Background
a087d406f1a0c6631774e1e9662fe020,2026-05-17 19:28:17 UTC,2026-05-17 19:32:17 UTC,2026-05-17 19:28:33 UTC,NA,NA,NA,NA,NA,NA,NA,NA,NA,NA,NA,NA,option_2,option_1,option_1,option_1,option_1,4,enhedslisten,1,2,NA,3,midtjylland,mellemlang_videre,2002,Kvinde,459,2026-05-17 19:29:24 UTC,2026-05-17 19:29:08 UTC,NA,2026-05-17 19:28:54 UTC,2026-05-17 19:28:46 UTC,2026-05-17 19:28:42 UTC,2026-05-17 19:28:38 UTC,NA,2026-05-17 19:31:13 UTC,2026-05-17 19:31:03 UTC,2026-05-17 19:30:54 UTC,2026-05-17 19:30:42 UTC,2026-05-17 19:30:30 UTC,2026-05-17 19:29:41 UTC,2026-05-17 19:29:35 UTC,NA,NA,NA,NA,NA,NA,NA,NA,NA,NA,2026-05-17 19:31:18 UTC,2026-05-17 19:31:05 UTC,2026-05-17 19:30:56 UTC,2026-05-17 19:30:43 UTC,2026-05-17 19:30:31 UTC,2026-05-17 19:29:48 UTC,2026-05-17 19:29:41 UTC,2026-05-17 19:29:24 UTC,2026-05-17 19:28:46 UTC,2026-05-17 19:28:28 UTC,2026-05-17 19:28:17 UTC,NA,NA,NA,2026-05-17 19:31:22 UTC,single_profile_1
a0e349d65e3d79210b83a244f0be3a95,2026-06-18 20:31:46 UTC,2026-06-18 20:39:21 UTC,2026-06-18 20:32:18 UTC,3,4,4,4,4,NA,3,4,4,4,4,NA,option_1,option_2,option_2,option_1,option_1,8,socialdemokratiet,3,2,1,2,sjaelland,mellemlang_videre,1971,Kvinde,427,2026-06-18 20:33:18 UTC,2026-06-18 20:33:07 UTC,2026-06-18 20:32:57 UTC,2026-06-18 20:32:47 UTC,2026-06-18 20:32:34 UTC,2026-06-18 20:32:29 UTC,2026-06-18 20:32:24 UTC,NA,2026-06-18 20:37:15 UTC,2026-06-18 20:36:55 UTC,2026-06-18 20:36:31 UTC,2026-06-18 20:36:10 UTC,2026-06-18 20:35:50 UTC,2026-06-18 20:33:30 UTC,2026-06-18 20:33:24 UTC,2026-06-18 20:38:54 UTC,2026-06-18 20:38:53 UTC,2026-06-18 20:38:52 UTC,2026-06-18 20:38:50 UTC,NA,2026-06-18 20:38:08 UTC,2026-06-18 20:37:57 UTC,2026-06-18 20:37:48 UTC,2026-06-18 20:37:46 UTC,2026-06-18 20:37:43 UTC,2026-06-18 20:37:17 UTC,2026-06-18 20:37:02 UTC,2026-06-18 20:36:34 UTC,2026-06-18 20:36:13 UTC,2026-06-18 20:35:54 UTC,2026-06-18 20:35:26 UTC,2026-06-18 20:33:33 UTC,2026-06-18 20:33:19 UTC,2026-06-18 20:32:37 UTC,2026-06-18 20:32:13 UTC,2026-06-18 20:31:46 UTC,2026-06-18 20:38:59 UTC,2026-06-18 20:39:00 UTC,2026-06-18 20:38:09 UTC,2026-06-18 20:37:23 UTC,end_normal
a0ef8f3c529cac182819bb5e7c60cbd7,2026-05-12 17:54:59 UTC,2026-05-12 18:03:26 UTC,2026-05-12 17:55:38 UTC,3,3,3,3,2,NA,4,4,3,3,4,NA,option_2,option_2,option_2,option_2,option_1,6,sf,NA,3,1,2,midtjylland,mellemlang_videre,1975,Mand,695,NA,2026-05-12 17:56:59 UTC,2026-05-12 17:56:42 UTC,2026-05-12 17:56:20 UTC,2026-05-12 17:56:07 UTC,2026-05-12 17:56:03 UTC,2026-05-12 17:55:42 UTC,NA,2026-05-12 18:00:27 UTC,2026-05-12 18:00:00 UTC,2026-05-12 17:59:37 UTC,2026-05-12 17:59:15 UTC,2026-05-12 17:58:32 UTC,2026-05-12 17:57:29 UTC,2026-05-12 17:57:17 UTC,2026-05-12 18:02:40 UTC,2026-05-12 18:02:34 UTC,2026-05-12 18:02:29 UTC,2026-05-12 18:02:21 UTC,NA,2026-05-12 18:01:56 UTC,2026-05-12 18:01:53 UTC,2026-05-12 18:01:45 UTC,2026-05-12 18:01:30 UTC,2026-05-12 18:01:24 UTC,2026-05-12 18:00:27 UTC,2026-05-12 18:00:00 UTC,2026-05-12 17:59:37 UTC,2026-05-12 17:59:15 UTC,2026-05-12 17:58:33 UTC,2026-05-12 17:57:50 UTC,2026-05-12 17:57:32 UTC,2026-05-12 17:57:10 UTC,2026-05-12 17:56:08 UTC,2026-05-12 17:55:32 UTC,2026-05-12 17:54:59 UTC,2026-05-12 18:02:45 UTC,2026-05-12 18:02:46 UTC,2026-05-12 18:02:00 UTC,2026-05-12 18:00:36 UTC,end_normal
a107516bf4d98772dda990a7a3ec9498,2026-05-23 13:18:10 UTC,2026-05-23 13:20:56 UTC,2026-05-23 13:18:36 UTC,NA,NA,NA,NA,NA,NA,NA,NA,NA,NA,NA,NA,NA,NA,NA,NA,NA,5,enhedslisten,NA,3,NA,3,midtjylland,lang_videre,1957,Kvinde,1999,NA,2026-05-23 13:19:36 UTC,NA,2026-05-23 13:19:24 UTC,2026-05-23 13:19:08 UTC,2026-05-23 13:19:05 UTC,2026-05-23 13:18:50 UTC,NA,NA,NA,NA,NA,NA,2026-05-23 13:20:22 UTC,2026-05-23 13:20:11 UTC,NA,NA,NA,NA,NA,NA,NA,NA,NA,NA,NA,NA,NA,NA,NA,2026-05-23 13:20:28 UTC,2026-05-23 13:20:23 UTC,2026-05-23 13:19:37 UTC,2026-05-23 13:19:10 UTC,2026-05-23 13:18:31 UTC,2026-05-23 13:18:10 UTC,NA,NA,NA,NA,cbc_q1_page
a10d7795327c3bb92e2e4cd3b6148dd8,2026-05-24 15:14:12 UTC,2026-05-24 15:22:06 UTC,2026-05-24 15:15:14 UTC,NA,NA,NA,NA,NA,NA,3,3,3,4,3,NA,option_1,option_1,option_1,option_1,option_1,5,onsker_ikke,NA,3,NA,1,midtjylland,erhvervsuddannelse,1955,Kvinde,523,NA,2026-05-24 15:16:24 UTC,NA,2026-05-24 15:16:10 UTC,2026-05-24 15:15:38 UTC,2026-05-24 15:15:33 UTC,2026-05-24 15:15:51 UTC,NA,2026-05-24 15:19:30 UTC,2026-05-24 15:19:05 UTC,2026-05-24 15:18:40 UTC,2026-05-24 15:18:21 UTC,2026-05-24 15:17:40 UTC,2026-05-24 15:16:49 UTC,2026-05-24 15:16:36 UTC,NA,NA,NA,NA,NA,2026-05-24 15:20:37 UTC,2026-05-24 15:20:31 UTC,2026-05-24 15:20:26 UTC,2026-05-24 15:20:24 UTC,2026-05-24 15:20:12 UTC,2026-05-24 15:19:33 UTC,2026-05-24 15:19:06 UTC,2026-05-24 15:18:41 UTC,2026-05-24 15:18:22 UTC,2026-05-24 15:17:41 UTC,2026-05-24 15:17:07 UTC,2026-05-24 15:16:50 UTC,2026-05-24 15:16:24 UTC,2026-05-24 15:15:55 UTC,2026-05-24 15:14:44 UTC,2026-05-24 15:14:12 UTC,NA,NA,2026-05-24 15:20:38 UTC,2026-05-24 15:19:37 UTC,single_profile_2
a1377ed86a73e087dd67294d3a4b1623,2026-05-13 09:35:51 UTC,2026-05-13 10:00:08 UTC,2026-05-13 09:36:05 UTC,2,2,2,2,2,NA,2,2,2,3,3,NA,option_1,option_2,option_2,option_1,option_2,5,socialdemokratiet,3,2,NA,1,hovedstaden,erhvervsuddannelse,1951,Kvinde,1191,2026-05-13 09:37:00 UTC,2026-05-13 09:36:49 UTC,NA,2026-05-13 09:36:34 UTC,2026-05-13 09:36:22 UTC,2026-05-13 09:36:18 UTC,2026-05-13 09:36:14 UTC,NA,2026-05-13 09:39:33 UTC,2026-05-13 09:39:05 UTC,2026-05-13 09:38:50 UTC,2026-05-13 09:38:27 UTC,2026-05-13 09:38:00 UTC,2026-05-13 09:37:13 UTC,2026-05-13 09:37:07 UTC,2026-05-13 09:40:46 UTC,2026-05-13 09:40:44 UTC,2026-05-13 09:40:42 UTC,2026-05-13 09:40:41 UTC,NA,2026-05-13 09:40:21 UTC,2026-05-13 09:40:19 UTC,2026-05-13 09:40:30 UTC,2026-05-13 09:40:00 UTC,2026-05-13 09:39:58 UTC,2026-05-13 09:39:33 UTC,2026-05-13 09:39:06 UTC,2026-05-13 09:38:51 UTC,2026-05-13 09:38:27 UTC,2026-05-13 09:38:01 UTC,2026-05-13 09:37:22 UTC,2026-05-13 09:37:17 UTC,2026-05-13 09:37:01 UTC,2026-05-13 09:36:22 UTC,2026-05-13 09:36:00 UTC,2026-05-13 09:35:51 UTC,2026-05-13 09:40:48 UTC,2026-05-13 09:40:51 UTC,2026-05-13 09:40:30 UTC,2026-05-13 09:39:37 UTC,end_normal
a1b0d272d175d86f7a4d9b30fbf92785,2026-05-17 14:56:16 UTC,2026-05-17 15:16:45 UTC,2026-05-17 14:56:26 UTC,2,2,2,2,2,NA,4,4,4,4,4,NA,option_1,option_1,option_2,option_2,option_2,3,onsker_ikke,NA,3,NA,3,syddanmark,mellemlang_videre,1972,Kvinde,1448,NA,2026-05-17 14:57:15 UTC,NA,2026-05-17 14:57:00 UTC,2026-05-17 14:56:47 UTC,2026-05-17 14:56:42 UTC,2026-05-17 14:56:33 UTC,NA,2026-05-17 15:00:03 UTC,2026-05-17 14:59:48 UTC,2026-05-17 14:59:17 UTC,2026-05-17 14:58:49 UTC,2026-05-17 14:58:18 UTC,2026-05-17 14:57:49 UTC,2026-05-17 14:57:38 UTC,2026-05-17 15:01:29 UTC,2026-05-17 15:01:25 UTC,2026-05-17 15:01:21 UTC,2026-05-17 15:01:21 UTC,NA,2026-05-17 15:01:03 UTC,2026-05-17 15:01:00 UTC,2026-05-17 15:00:57 UTC,2026-05-17 15:00:54 UTC,2026-05-17 15:00:44 UTC,2026-05-17 15:00:06 UTC,2026-05-17 14:59:54 UTC,2026-05-17 14:59:21 UTC,2026-05-17 14:58:52 UTC,2026-05-17 14:58:18 UTC,2026-05-17 14:57:55 UTC,2026-05-17 14:57:51 UTC,2026-05-17 14:57:23 UTC,2026-05-17 14:56:50 UTC,2026-05-17 14:56:24 UTC,2026-05-17 14:56:16 UTC,2026-05-17 15:01:31 UTC,2026-05-17 15:01:31 UTC,2026-05-17 15:01:03 UTC,2026-05-17 15:00:11 UTC,end_normal
a20ba8f59a0c1ff1c56fee6e042c6ced,2026-05-16 14:09:21 UTC,2026-05-16 14:13:42 UTC,2026-05-16 14:09:35 UTC,1,1,1,1,1,NA,1,1,1,1,1,NA,option_1,option_2,option_2,option_2,option_1,5,dansk_folkeparti,NA,1,NA,1,sjaelland,erhvervsuddannelse,1978,Kvinde,1885,NA,2026-05-16 14:10:08 UTC,NA,2026-05-16 14:09:58 UTC,2026-05-16 14:09:48 UTC,2026-05-16 14:09:43 UTC,2026-05-16 14:09:40 UTC,NA,2026-05-16 14:12:41 UTC,2026-05-16 14:12:15 UTC,2026-05-16 14:11:54 UTC,2026-05-16 14:11:38 UTC,2026-05-16 14:11:15 UTC,2026-05-16 14:10:25 UTC,2026-05-16 14:10:20 UTC,2026-05-16 14:13:15 UTC,2026-05-16 14:13:14 UTC,2026-05-16 14:13:14 UTC,2026-05-16 14:13:13 UTC,NA,2026-05-16 14:13:04 UTC,2026-05-16 14:13:02 UTC,2026-05-16 14:13:02 UTC,2026-05-16 14:13:01 UTC,2026-05-16 14:13:00 UTC,2026-05-16 14:12:42 UTC,2026-05-16 14:12:16 UTC,2026-05-16 14:11:58 UTC,2026-05-16 14:11:38 UTC,2026-05-16 14:11:17 UTC,2026-05-16 14:10:29 UTC,2026-05-16 14:10:26 UTC,2026-05-16 14:10:09 UTC,2026-05-16 14:09:49 UTC,2026-05-16 14:09:31 UTC,2026-05-16 14:09:21 UTC,2026-05-16 14:13:15 UTC,2026-05-16 14:13:16 UTC,2026-05-16 14:13:04 UTC,2026-05-16 14:12:45 UTC,end_normal
a24e4c4d932781d7f79d7f4aab24c035,2026-05-23 10:52:21 UTC,2026-05-23 11:02:04 UTC,2026-05-23 10:52:42 UTC,NA,NA,NA,NA,NA,NA,NA,NA,NA,NA,NA,NA,option_1,option_2,option_2,option_1,option_1,5,socialdemokratiet,3,2,NA,1,midtjylland,kort_videre,1953,Kvinde,1028,2026-05-23 10:54:19 UTC,2026-05-23 10:54:04 UTC,NA,2026-05-23 10:53:54 UTC,2026-05-23 10:53:11 UTC,2026-05-23 10:53:06 UTC,2026-05-23 10:53:37 UTC,NA,2026-05-23 11:00:44 UTC,2026-05-23 11:00:36 UTC,2026-05-23 11:00:27 UTC,2026-05-23 11:00:06 UTC,2026-05-23 10:59:38 UTC,2026-05-23 10:54:37 UTC,2026-05-23 10:54:28 UTC,NA,NA,NA,NA,NA,NA,NA,NA,NA,NA,2026-05-23 11:00:45 UTC,2026-05-23 11:00:37 UTC,2026-05-23 11:00:29 UTC,2026-05-23 11:00:12 UTC,2026-05-23 10:59:39 UTC,2026-05-23 10:59:13 UTC,2026-05-23 10:54:38 UTC,2026-05-23 10:54:20 UTC,2026-05-23 10:53:41 UTC,2026-05-23 10:52:36 UTC,2026-05-23 10:52:21 UTC,NA,NA,NA,2026-05-23 11:00:53 UTC,single_profile_1
a267128e7c281007387e79f3497a79b3,2026-05-13 17:15:33 UTC,2026-05-13 17:20:36 UTC,2026-05-13 17:15:45 UTC,5,2,2,2,5,NA,1,3,3,5,5,NA,option_2,option_2,option_1,option_2,option_2,3,enhedslisten,NA,3,NA,3,hovedstaden,mellemlang_videre,1953,Kvinde,1847,NA,2026-05-13 17:16:20 UTC,NA,2026-05-13 17:16:15 UTC,2026-05-13 17:16:02 UTC,2026-05-13 17:15:59 UTC,2026-05-13 17:15:55 UTC,NA,2026-05-13 17:18:24 UTC,2026-05-13 17:18:04 UTC,2026-05-13 17:17:47 UTC,2026-05-13 17:17:29 UTC,2026-05-13 17:17:12 UTC,2026-05-13 17:16:41 UTC,2026-05-13 17:16:29 UTC,2026-05-13 17:20:06 UTC,2026-05-13 17:20:05 UTC,2026-05-13 17:19:59 UTC,2026-05-13 17:19:55 UTC,NA,2026-05-13 17:19:30 UTC,2026-05-13 17:19:41 UTC,2026-05-13 17:19:08 UTC,2026-05-13 17:19:20 UTC,2026-05-13 17:19:13 UTC,2026-05-13 17:18:25 UTC,2026-05-13 17:18:06 UTC,2026-05-13 17:17:49 UTC,2026-05-13 17:17:31 UTC,2026-05-13 17:17:13 UTC,2026-05-13 17:16:51 UTC,2026-05-13 17:16:44 UTC,2026-05-13 17:16:22 UTC,2026-05-13 17:16:03 UTC,2026-05-13 17:15:42 UTC,2026-05-13 17:15:33 UTC,2026-05-13 17:20:08 UTC,2026-05-13 17:20:09 UTC,2026-05-13 17:19:42 UTC,2026-05-13 17:18:37 UTC,end_normal
a29a186d0e05d13868314132d4fb8b4f,2026-06-19 19:09:23 UTC,2026-06-19 19:13:06 UTC,2026-06-19 19:09:38 UTC,2,3,3,4,3,NA,2,2,3,4,3,NA,option_1,option_2,option_2,option_2,option_2,2,sf,NA,3,NA,3,syddanmark,mellemlang_videre,1988,Mand,1284,NA,2026-06-19 19:10:11 UTC,NA,2026-06-19 19:10:04 UTC,2026-06-19 19:09:53 UTC,2026-06-19 19:09:50 UTC,2026-06-19 19:09:46 UTC,NA,2026-06-19 19:11:39 UTC,2026-06-19 19:11:27 UTC,2026-06-19 19:11:11 UTC,2026-06-19 19:10:59 UTC,2026-06-19 19:10:47 UTC,2026-06-19 19:10:21 UTC,2026-06-19 19:10:19 UTC,2026-06-19 19:12:43 UTC,2026-06-19 19:12:37 UTC,2026-06-19 19:12:36 UTC,2026-06-19 19:12:36 UTC,NA,2026-06-19 19:12:20 UTC,2026-06-19 19:12:14 UTC,2026-06-19 19:12:14 UTC,2026-06-19 19:12:10 UTC,2026-06-19 19:12:03 UTC,2026-06-19 19:11:40 UTC,2026-06-19 19:11:28 UTC,2026-06-19 19:11:12 UTC,2026-06-19 19:11:00 UTC,2026-06-19 19:10:48 UTC,2026-06-19 19:10:33 UTC,2026-06-19 19:10:22 UTC,2026-06-19 19:10:11 UTC,2026-06-19 19:09:54 UTC,2026-06-19 19:09:33 UTC,2026-06-19 19:09:23 UTC,2026-06-19 19:12:44 UTC,2026-06-19 19:12:45 UTC,2026-06-19 19:12:21 UTC,2026-06-19 19:11:46 UTC,end_normal
a2d19ae803641322dd315140ef5f1467,2026-06-19 21:47:41 UTC,2026-06-19 21:54:58 UTC,2026-06-19 21:48:42 UTC,2,4,4,4,4,NA,1,3,4,4,4,NA,option_2,option_2,option_2,option_1,option_2,8,radikale,NA,3,NA,3,midtjylland,mellemlang_videre,1958,Kvinde,913,NA,2026-06-19 21:49:26 UTC,NA,2026-06-19 21:49:17 UTC,2026-06-19 21:49:08 UTC,2026-06-19 21:49:03 UTC,2026-06-19 21:48:52 UTC,NA,2026-06-19 21:52:56 UTC,2026-06-19 21:52:28 UTC,2026-06-19 21:51:44 UTC,2026-06-19 21:51:00 UTC,2026-06-19 21:50:28 UTC,2026-06-19 21:49:40 UTC,2026-06-19 21:49:35 UTC,2026-06-19 21:54:27 UTC,2026-06-19 21:54:21 UTC,2026-06-19 21:54:19 UTC,2026-06-19 21:54:16 UTC,NA,2026-06-19 21:53:58 UTC,2026-06-19 21:53:52 UTC,2026-06-19 21:53:44 UTC,2026-06-19 21:53:42 UTC,2026-06-19 21:53:39 UTC,2026-06-19 21:52:57 UTC,2026-06-19 21:52:32 UTC,2026-06-19 21:51:45 UTC,2026-06-19 21:51:02 UTC,2026-06-19 21:50:31 UTC,2026-06-19 21:49:52 UTC,2026-06-19 21:49:41 UTC,2026-06-19 21:49:27 UTC,2026-06-19 21:49:08 UTC,2026-06-19 21:48:33 UTC,2026-06-19 21:47:41 UTC,2026-06-19 21:54:28 UTC,2026-06-19 21:54:29 UTC,2026-06-19 21:53:59 UTC,2026-06-19 21:53:06 UTC,end_normal
a354e2692ec2ac34e7eb58da9b0a4818,2026-06-20 07:46:35 UTC,2026-06-20 07:57:16 UTC,2026-06-20 07:47:09 UTC,3,3,3,3,3,NA,3,3,3,3,3,NA,option_2,option_2,option_2,option_2,option_1,5,moderaterne,1,2,NA,1,midtjylland,mellemlang_videre,1963,Kvinde,1355,2026-06-20 07:48:45 UTC,2026-06-20 07:48:17 UTC,NA,2026-06-20 07:47:51 UTC,2026-06-20 07:47:39 UTC,2026-06-20 07:47:33 UTC,2026-06-20 07:47:23 UTC,NA,2026-06-20 07:52:49 UTC,2026-06-20 07:52:12 UTC,2026-06-20 07:51:40 UTC,2026-06-20 07:50:54 UTC,2026-06-20 07:50:25 UTC,2026-06-20 07:49:08 UTC,2026-06-20 07:48:55 UTC,2026-06-20 07:54:34 UTC,2026-06-20 07:54:33 UTC,2026-06-20 07:54:33 UTC,2026-06-20 07:54:32 UTC,NA,2026-06-20 07:54:11 UTC,2026-06-20 07:54:12 UTC,2026-06-20 07:54:13 UTC,2026-06-20 07:54:13 UTC,2026-06-20 07:54:14 UTC,2026-06-20 07:52:51 UTC,2026-06-20 07:52:13 UTC,2026-06-20 07:51:40 UTC,2026-06-20 07:50:55 UTC,2026-06-20 07:50:27 UTC,2026-06-20 07:49:30 UTC,2026-06-20 07:49:11 UTC,2026-06-20 07:48:46 UTC,2026-06-20 07:47:39 UTC,2026-06-20 07:47:05 UTC,2026-06-20 07:46:35 UTC,2026-06-20 07:54:35 UTC,2026-06-20 07:54:36 UTC,2026-06-20 07:54:18 UTC,2026-06-20 07:53:00 UTC,end_normal
a37d27ca903769cdb438d02505f82fa0,2026-06-20 18:36:10 UTC,2026-06-20 18:43:49 UTC,2026-06-20 18:36:21 UTC,1,1,1,1,1,NA,5,5,5,5,5,NA,option_1,option_1,option_1,option_1,option_1,7,moderaterne,NA,3,3,2,sjaelland,mellemlang_videre,1965,Kvinde,973,NA,2026-06-20 18:37:22 UTC,2026-06-20 18:37:05 UTC,2026-06-20 18:36:56 UTC,2026-06-20 18:36:43 UTC,2026-06-20 18:36:37 UTC,2026-06-20 18:36:30 UTC,NA,2026-06-20 18:41:26 UTC,2026-06-20 18:41:09 UTC,2026-06-20 18:40:25 UTC,2026-06-20 18:39:20 UTC,2026-06-20 18:38:25 UTC,2026-06-20 18:37:40 UTC,2026-06-20 18:37:31 UTC,2026-06-20 18:43:03 UTC,2026-06-20 18:43:02 UTC,2026-06-20 18:43:01 UTC,2026-06-20 18:42:54 UTC,NA,2026-06-20 18:42:43 UTC,2026-06-20 18:42:40 UTC,2026-06-20 18:42:38 UTC,2026-06-20 18:42:35 UTC,2026-06-20 18:42:33 UTC,2026-06-20 18:41:53 UTC,2026-06-20 18:41:10 UTC,2026-06-20 18:40:31 UTC,2026-06-20 18:39:22 UTC,2026-06-20 18:38:27 UTC,2026-06-20 18:37:50 UTC,2026-06-20 18:37:41 UTC,2026-06-20 18:37:25 UTC,2026-06-20 18:36:44 UTC,2026-06-20 18:36:17 UTC,2026-06-20 18:36:10 UTC,2026-06-20 18:43:04 UTC,2026-06-20 18:43:04 UTC,2026-06-20 18:42:43 UTC,2026-06-20 18:42:04 UTC,end_normal
a4a17ee8156924c4adacc4774798187d,2026-05-13 14:59:44 UTC,2026-05-13 15:00:55 UTC,2026-05-13 15:00:17 UTC,NA,NA,NA,NA,NA,NA,NA,NA,NA,NA,NA,NA,NA,NA,NA,NA,NA,NA,NA,NA,NA,NA,NA,NA,gymnasial,1994,Kvinde,1370,NA,NA,NA,NA,NA,2026-05-13 15:00:39 UTC,2026-05-13 15:00:20 UTC,NA,NA,NA,NA,NA,NA,NA,NA,NA,NA,NA,NA,NA,NA,NA,NA,NA,NA,NA,NA,NA,NA,NA,NA,NA,NA,NA,2026-05-13 15:00:12 UTC,2026-05-13 14:59:44 UTC,NA,NA,NA,NA,Background
a4c163b11fe4b093a075131363efd04a,2026-06-19 18:25:04 UTC,2026-06-19 18:31:37 UTC,2026-06-19 18:25:20 UTC,3,3,2,4,4,NA,1,2,2,4,4,NA,option_2,option_2,option_1,option_1,option_2,3,socialdemokratiet,3,2,NA,1,midtjylland,erhvervsuddannelse,1960,Kvinde,1239,2026-06-19 18:26:20 UTC,2026-06-19 18:26:04 UTC,NA,2026-06-19 18:25:53 UTC,2026-06-19 18:25:34 UTC,2026-06-19 18:25:31 UTC,2026-06-19 18:25:30 UTC,NA,2026-06-19 18:29:15 UTC,2026-06-19 18:28:49 UTC,2026-06-19 18:28:29 UTC,2026-06-19 18:28:08 UTC,2026-06-19 18:27:37 UTC,2026-06-19 18:26:30 UTC,2026-06-19 18:26:38 UTC,2026-06-19 18:31:05 UTC,2026-06-19 18:30:59 UTC,2026-06-19 18:30:52 UTC,2026-06-19 18:30:50 UTC,NA,2026-06-19 18:30:32 UTC,2026-06-19 18:30:27 UTC,2026-06-19 18:30:23 UTC,2026-06-19 18:30:17 UTC,2026-06-19 18:30:04 UTC,2026-06-19 18:29:16 UTC,2026-06-19 18:28:52 UTC,2026-06-19 18:28:31 UTC,2026-06-19 18:28:10 UTC,2026-06-19 18:27:38 UTC,NA,2026-06-19 18:26:40 UTC,2026-06-19 18:26:21 UTC,2026-06-19 18:25:42 UTC,2026-06-19 18:25:16 UTC,2026-06-19 18:25:04 UTC,2026-06-19 18:31:06 UTC,2026-06-19 18:31:08 UTC,2026-06-19 18:30:32 UTC,2026-06-19 18:29:34 UTC,end_normal
a54c1cebc2295ba58d4a5772eb14f41c,2026-05-19 18:43:51 UTC,2026-05-19 18:48:43 UTC,2026-05-19 18:44:01 UTC,4,4,3,3,3,NA,1,2,3,3,3,NA,option_2,option_2,option_1,option_1,option_1,5,alternativet,NA,3,NA,3,hovedstaden,mellemlang_videre,1974,Kvinde,726,NA,2026-05-19 18:44:39 UTC,NA,2026-05-19 18:44:30 UTC,2026-05-19 18:44:22 UTC,2026-05-19 18:44:19 UTC,2026-05-19 18:44:12 UTC,NA,2026-05-19 18:47:00 UTC,2026-05-19 18:46:42 UTC,2026-05-19 18:46:13 UTC,2026-05-19 18:45:52 UTC,2026-05-19 18:45:23 UTC,2026-05-19 18:44:56 UTC,2026-05-19 18:44:52 UTC,2026-05-19 18:48:09 UTC,2026-05-19 18:48:05 UTC,2026-05-19 18:48:03 UTC,2026-05-19 18:47:59 UTC,NA,2026-05-19 18:47:46 UTC,2026-05-19 18:47:36 UTC,2026-05-19 18:47:33 UTC,2026-05-19 18:47:31 UTC,2026-05-19 18:47:30 UTC,2026-05-19 18:47:00 UTC,2026-05-19 18:46:44 UTC,2026-05-19 18:46:15 UTC,2026-05-19 18:45:53 UTC,2026-05-19 18:45:23 UTC,2026-05-19 18:45:02 UTC,2026-05-19 18:44:58 UTC,2026-05-19 18:44:40 UTC,2026-05-19 18:44:23 UTC,2026-05-19 18:43:59 UTC,2026-05-19 18:43:51 UTC,2026-05-19 18:48:12 UTC,2026-05-19 18:48:13 UTC,2026-05-19 18:47:47 UTC,2026-05-19 18:47:08 UTC,end_normal
a58275ca29a2b757b4eb6fdd906293e3,2026-05-23 15:24:59 UTC,2026-05-23 15:29:03 UTC,2026-05-23 15:25:09 UTC,1,1,2,4,2,NA,1,1,1,1,1,NA,option_2,option_1,option_2,option_1,option_1,8,socialdemokratiet,3,2,NA,1,midtjylland,lang_videre,1973,Mand,177,2026-05-23 15:25:49 UTC,2026-05-23 15:25:32 UTC,NA,2026-05-23 15:25:29 UTC,2026-05-23 15:25:19 UTC,2026-05-23 15:25:17 UTC,2026-05-23 15:25:15 UTC,NA,2026-05-23 15:27:41 UTC,2026-05-23 15:27:22 UTC,2026-05-23 15:27:00 UTC,2026-05-23 15:26:44 UTC,2026-05-23 15:26:26 UTC,2026-05-23 15:26:01 UTC,2026-05-23 15:25:55 UTC,2026-05-23 15:28:34 UTC,2026-05-23 15:28:32 UTC,2026-05-23 15:28:28 UTC,2026-05-23 15:28:25 UTC,NA,2026-05-23 15:28:12 UTC,2026-05-23 15:28:11 UTC,2026-05-23 15:28:09 UTC,2026-05-23 15:28:07 UTC,2026-05-23 15:28:04 UTC,2026-05-23 15:27:41 UTC,2026-05-23 15:27:25 UTC,2026-05-23 15:27:01 UTC,2026-05-23 15:26:45 UTC,2026-05-23 15:26:29 UTC,2026-05-23 15:26:10 UTC,2026-05-23 15:26:05 UTC,2026-05-23 15:25:49 UTC,2026-05-23 15:25:20 UTC,2026-05-23 15:25:05 UTC,2026-05-23 15:24:59 UTC,2026-05-23 15:28:36 UTC,2026-05-23 15:28:37 UTC,2026-05-23 15:28:12 UTC,2026-05-23 15:27:47 UTC,end_normal
a5958a39f63439defa9c8595a7704a87,2026-05-12 17:19:41 UTC,2026-05-12 17:26:03 UTC,2026-05-12 17:20:07 UTC,3,3,3,3,3,NA,4,4,4,4,2,NA,option_1,option_2,option_1,option_2,option_1,5,sf,NA,3,NA,3,midtjylland,mellemlang_videre,1960,Kvinde,317,NA,2026-05-12 17:20:59 UTC,NA,2026-05-12 17:20:49 UTC,2026-05-12 17:20:37 UTC,2026-05-12 17:20:31 UTC,2026-05-12 17:20:18 UTC,NA,2026-05-12 17:23:49 UTC,2026-05-12 17:23:17 UTC,2026-05-12 17:22:48 UTC,2026-05-12 17:22:24 UTC,2026-05-12 17:21:58 UTC,2026-05-12 17:21:16 UTC,2026-05-12 17:21:10 UTC,2026-05-12 17:25:26 UTC,2026-05-12 17:25:24 UTC,2026-05-12 17:25:23 UTC,2026-05-12 17:25:15 UTC,NA,2026-05-12 17:24:56 UTC,2026-05-12 17:24:52 UTC,2026-05-12 17:24:46 UTC,2026-05-12 17:24:40 UTC,2026-05-12 17:24:20 UTC,2026-05-12 17:23:52 UTC,2026-05-12 17:23:19 UTC,2026-05-12 17:22:49 UTC,2026-05-12 17:22:26 UTC,2026-05-12 17:21:59 UTC,2026-05-12 17:21:32 UTC,2026-05-12 17:21:18 UTC,2026-05-12 17:21:01 UTC,2026-05-12 17:20:38 UTC,2026-05-12 17:20:02 UTC,2026-05-12 17:19:41 UTC,2026-05-12 17:25:30 UTC,2026-05-12 17:25:30 UTC,2026-05-12 17:24:57 UTC,2026-05-12 17:24:01 UTC,end_normal
a59724d12cb2ee80460f6a49445520b5,2026-05-13 15:10:18 UTC,2026-05-13 15:12:42 UTC,2026-05-13 15:10:35 UTC,NA,NA,NA,NA,NA,NA,NA,NA,NA,NA,NA,NA,NA,NA,NA,NA,NA,10,socialdemokratiet,NA,3,3,2,nordjylland,erhvervsuddannelse,1966,Kvinde,550,NA,2026-05-13 15:11:33 UTC,2026-05-13 15:11:16 UTC,2026-05-13 15:11:07 UTC,2026-05-13 15:10:51 UTC,2026-05-13 15:10:47 UTC,2026-05-13 15:10:44 UTC,NA,NA,NA,NA,NA,NA,2026-05-13 15:11:50 UTC,2026-05-13 15:11:44 UTC,NA,NA,NA,NA,NA,NA,NA,NA,NA,NA,NA,NA,NA,NA,NA,2026-05-13 15:12:02 UTC,2026-05-13 15:11:57 UTC,2026-05-13 15:11:38 UTC,2026-05-13 15:10:52 UTC,2026-05-13 15:10:30 UTC,2026-05-13 15:10:18 UTC,NA,NA,NA,NA,cbc_q1_page
a6154db73ae867b62ed37ebd8a9c6081,2026-05-19 15:19:19 UTC,2026-05-19 15:32:35 UTC,2026-05-19 15:19:54 UTC,1,4,4,3,3,NA,1,2,3,3,3,NA,option_1,option_1,option_2,option_2,option_2,7,venstre,NA,3,NA,1,syddanmark,grundskole,1943,Kvinde,383,NA,2026-05-19 15:21:43 UTC,NA,2026-05-19 15:21:23 UTC,2026-05-19 15:20:39 UTC,2026-05-19 15:20:22 UTC,2026-05-19 15:21:06 UTC,NA,2026-05-19 15:27:42 UTC,2026-05-19 15:26:33 UTC,2026-05-19 15:26:09 UTC,2026-05-19 15:25:22 UTC,2026-05-19 15:24:49 UTC,2026-05-19 15:22:07 UTC,2026-05-19 15:22:23 UTC,2026-05-19 15:31:25 UTC,2026-05-19 15:31:21 UTC,2026-05-19 15:31:06 UTC,2026-05-19 15:31:04 UTC,NA,2026-05-19 15:30:17 UTC,2026-05-19 15:30:10 UTC,2026-05-19 15:30:01 UTC,2026-05-19 15:30:25 UTC,2026-05-19 15:29:38 UTC,2026-05-19 15:27:44 UTC,2026-05-19 15:26:39 UTC,2026-05-19 15:26:10 UTC,2026-05-19 15:25:23 UTC,2026-05-19 15:24:51 UTC,2026-05-19 15:22:51 UTC,2026-05-19 15:22:27 UTC,2026-05-19 15:21:52 UTC,2026-05-19 15:21:10 UTC,2026-05-19 15:19:48 UTC,2026-05-19 15:19:19 UTC,2026-05-19 15:31:38 UTC,2026-05-19 15:31:39 UTC,2026-05-19 15:30:31 UTC,2026-05-19 15:27:55 UTC,end_normal
a689e3b05e1350a6baf2d8d3c33cb018,2026-05-17 08:18:28 UTC,2026-05-17 08:24:37 UTC,2026-05-17 08:18:55 UTC,1,3,3,3,2,NA,1,1,3,2,2,NA,option_2,option_1,option_1,option_1,option_1,6,alternativet,3,2,3,2,sjaelland,lang_videre,1965,Kvinde,4,2026-05-17 08:20:06 UTC,2026-05-17 08:19:58 UTC,2026-05-17 08:19:45 UTC,2026-05-17 08:19:39 UTC,2026-05-17 08:19:27 UTC,2026-05-17 08:19:24 UTC,2026-05-17 08:19:16 UTC,NA,2026-05-17 08:22:56 UTC,2026-05-17 08:22:31 UTC,2026-05-17 08:21:59 UTC,2026-05-17 08:21:38 UTC,2026-05-17 08:21:14 UTC,2026-05-17 08:20:21 UTC,2026-05-17 08:20:15 UTC,2026-05-17 08:24:12 UTC,2026-05-17 08:24:07 UTC,2026-05-17 08:24:05 UTC,2026-05-17 08:24:01 UTC,NA,2026-05-17 08:23:49 UTC,2026-05-17 08:23:46 UTC,2026-05-17 08:23:43 UTC,2026-05-17 08:23:40 UTC,2026-05-17 08:23:32 UTC,2026-05-17 08:22:57 UTC,2026-05-17 08:22:36 UTC,2026-05-17 08:22:11 UTC,2026-05-17 08:21:40 UTC,2026-05-17 08:21:15 UTC,2026-05-17 08:20:35 UTC,2026-05-17 08:20:24 UTC,2026-05-17 08:20:07 UTC,2026-05-17 08:19:30 UTC,2026-05-17 08:18:50 UTC,2026-05-17 08:18:28 UTC,2026-05-17 08:24:14 UTC,2026-05-17 08:24:14 UTC,2026-05-17 08:23:50 UTC,2026-05-17 08:23:04 UTC,end_normal
a6a4ae308f550e4e7571d1d2645f704e,2026-05-23 18:53:19 UTC,2026-05-23 19:00:39 UTC,2026-05-23 18:53:39 UTC,2,2,3,3,3,NA,4,5,3,3,5,NA,option_2,option_1,option_1,option_1,option_2,7,sf,NA,3,NA,3,midtjylland,mellemlang_videre,1957,Kvinde,30,NA,2026-05-23 18:54:15 UTC,NA,2026-05-23 18:54:08 UTC,2026-05-23 18:53:57 UTC,2026-05-23 18:53:54 UTC,2026-05-23 18:53:49 UTC,NA,2026-05-23 18:58:02 UTC,2026-05-23 18:57:16 UTC,2026-05-23 18:56:51 UTC,2026-05-23 18:56:27 UTC,2026-05-23 18:55:44 UTC,2026-05-23 18:54:33 UTC,2026-05-23 18:54:23 UTC,2026-05-23 19:00:02 UTC,2026-05-23 18:59:54 UTC,2026-05-23 18:59:52 UTC,2026-05-23 18:59:45 UTC,NA,2026-05-23 18:59:25 UTC,2026-05-23 18:59:22 UTC,2026-05-23 18:59:18 UTC,2026-05-23 18:59:11 UTC,2026-05-23 18:58:57 UTC,2026-05-23 18:58:04 UTC,2026-05-23 18:57:18 UTC,2026-05-23 18:56:53 UTC,2026-05-23 18:56:28 UTC,2026-05-23 18:55:45 UTC,2026-05-23 18:54:49 UTC,2026-05-23 18:54:34 UTC,2026-05-23 18:54:16 UTC,2026-05-23 18:53:58 UTC,2026-05-23 18:53:35 UTC,2026-05-23 18:53:19 UTC,2026-05-23 19:00:10 UTC,2026-05-23 19:00:10 UTC,2026-05-23 18:59:27 UTC,2026-05-23 18:58:13 UTC,end_normal
a6be594fbae549c8c0a757648ceee0de,2026-06-20 06:03:35 UTC,2026-06-20 06:08:34 UTC,2026-06-20 06:04:04 UTC,NA,NA,NA,NA,NA,NA,NA,NA,NA,NA,NA,NA,option_1,option_2,option_2,option_1,option_1,8,socialdemokratiet,NA,3,NA,1,midtjylland,mellemlang_videre,1958,Kvinde,1553,NA,2026-06-20 06:05:06 UTC,NA,2026-06-20 06:04:38 UTC,2026-06-20 06:04:26 UTC,2026-06-20 06:04:18 UTC,2026-06-20 06:04:13 UTC,NA,2026-06-20 06:08:01 UTC,2026-06-20 06:07:42 UTC,2026-06-20 06:07:13 UTC,2026-06-20 06:06:50 UTC,2026-06-20 06:06:14 UTC,2026-06-20 06:05:20 UTC,2026-06-20 06:05:14 UTC,NA,NA,NA,NA,NA,NA,NA,NA,NA,NA,2026-06-20 06:08:02 UTC,2026-06-20 06:07:42 UTC,2026-06-20 06:07:14 UTC,2026-06-20 06:06:51 UTC,2026-06-20 06:06:16 UTC,2026-06-20 06:05:36 UTC,2026-06-20 06:05:22 UTC,2026-06-20 06:05:06 UTC,2026-06-20 06:04:27 UTC,2026-06-20 06:03:50 UTC,2026-06-20 06:03:35 UTC,NA,NA,NA,2026-06-20 06:08:10 UTC,single_profile_1
a6e17ed2d3e7c12c88d75f379374c9e5,2026-05-15 19:30:56 UTC,2026-05-15 19:37:50 UTC,2026-05-15 19:31:25 UTC,NA,NA,NA,NA,NA,NA,NA,NA,NA,NA,NA,NA,NA,NA,NA,NA,NA,NA,NA,NA,NA,NA,NA,sjaelland,mellemlang_videre,1946,Kvinde,403,NA,NA,NA,NA,2026-05-15 19:32:48 UTC,2026-05-15 19:32:42 UTC,2026-05-15 19:32:10 UTC,NA,NA,NA,NA,NA,NA,NA,NA,NA,NA,NA,NA,NA,NA,NA,NA,NA,NA,NA,NA,NA,NA,NA,NA,NA,NA,2026-05-15 19:32:51 UTC,2026-05-15 19:31:16 UTC,2026-05-15 19:30:56 UTC,NA,NA,NA,NA,issue_positions
a7047c706551e22f0bfa4e7f3b6d19bf,2026-05-23 11:15:39 UTC,2026-05-23 11:22:42 UTC,2026-05-23 11:16:06 UTC,3,5,3,4,4,NA,1,2,2,3,2,NA,option_1,option_1,option_1,option_2,option_2,6,radikale,3,2,NA,1,midtjylland,mellemlang_videre,1971,Kvinde,747,2026-05-23 11:17:07 UTC,2026-05-23 11:16:56 UTC,NA,2026-05-23 11:16:36 UTC,2026-05-23 11:16:20 UTC,2026-05-23 11:16:17 UTC,2026-05-23 11:16:13 UTC,NA,2026-05-23 11:20:36 UTC,2026-05-23 11:20:19 UTC,2026-05-23 11:19:48 UTC,2026-05-23 11:19:19 UTC,2026-05-23 11:18:49 UTC,2026-05-23 11:17:23 UTC,2026-05-23 11:17:15 UTC,2026-05-23 11:22:08 UTC,2026-05-23 11:22:01 UTC,2026-05-23 11:21:55 UTC,2026-05-23 11:21:50 UTC,NA,2026-05-23 11:21:27 UTC,2026-05-23 11:21:24 UTC,2026-05-23 11:21:21 UTC,2026-05-23 11:21:15 UTC,2026-05-23 11:21:07 UTC,2026-05-23 11:20:37 UTC,2026-05-23 11:20:20 UTC,2026-05-23 11:19:49 UTC,2026-05-23 11:19:20 UTC,2026-05-23 11:18:51 UTC,2026-05-23 11:18:19 UTC,2026-05-23 11:17:25 UTC,2026-05-23 11:17:08 UTC,2026-05-23 11:16:22 UTC,2026-05-23 11:16:02 UTC,2026-05-23 11:15:39 UTC,2026-05-23 11:22:16 UTC,2026-05-23 11:22:17 UTC,2026-05-23 11:21:33 UTC,2026-05-23 11:20:48 UTC,end_normal
a7a6983441dfcd6d004096f1cb754bcc,2026-05-14 07:15:29 UTC,2026-05-14 07:17:31 UTC,2026-05-14 07:15:51 UTC,NA,NA,NA,NA,NA,NA,NA,NA,NA,NA,NA,NA,NA,NA,NA,NA,NA,2,stemte_ikke,3,2,NA,1,nordjylland,erhvervsuddannelse,1963,Mand,591,2026-05-14 07:16:49 UTC,2026-05-14 07:16:26 UTC,NA,2026-05-14 07:16:17 UTC,2026-05-14 07:16:07 UTC,2026-05-14 07:16:03 UTC,2026-05-14 07:15:59 UTC,NA,NA,NA,NA,NA,NA,2026-05-14 07:17:07 UTC,2026-05-14 07:17:02 UTC,NA,NA,NA,NA,NA,NA,NA,NA,NA,NA,NA,NA,NA,NA,NA,NA,2026-05-14 07:17:09 UTC,2026-05-14 07:16:52 UTC,2026-05-14 07:16:10 UTC,2026-05-14 07:15:41 UTC,2026-05-14 07:15:29 UTC,NA,NA,NA,NA,cbc_intro
a7dcff6d9c526788b0c8f84f72c44245,2026-05-16 06:17:22 UTC,2026-05-16 06:20:58 UTC,2026-05-16 06:17:31 UTC,NA,NA,NA,NA,NA,NA,NA,NA,NA,NA,NA,NA,option_2,option_1,option_2,option_1,option_2,2,liberal_alliance,1,2,1,2,sjaelland,lang_videre,1991,Kvinde,1801,2026-05-16 06:18:01 UTC,2026-05-16 06:17:57 UTC,2026-05-16 06:17:48 UTC,2026-05-16 06:17:46 UTC,2026-05-16 06:17:40 UTC,2026-05-16 06:17:38 UTC,2026-05-16 06:17:35 UTC,NA,2026-05-16 06:20:05 UTC,2026-05-16 06:19:47 UTC,2026-05-16 06:19:20 UTC,2026-05-16 06:19:05 UTC,2026-05-16 06:18:37 UTC,2026-05-16 06:18:10 UTC,2026-05-16 06:18:07 UTC,NA,NA,NA,NA,NA,NA,NA,NA,NA,NA,2026-05-16 06:20:07 UTC,2026-05-16 06:19:47 UTC,2026-05-16 06:19:23 UTC,2026-05-16 06:19:07 UTC,2026-05-16 06:18:40 UTC,2026-05-16 06:18:16 UTC,2026-05-16 06:18:12 UTC,2026-05-16 06:18:01 UTC,2026-05-16 06:17:40 UTC,2026-05-16 06:17:27 UTC,2026-05-16 06:17:22 UTC,NA,NA,NA,2026-05-16 06:20:10 UTC,single_profile_1
a80331c3ba22b3d97a938e01f6f9d575,2026-06-20 11:45:42 UTC,2026-06-20 11:54:33 UTC,2026-06-20 11:46:08 UTC,2,3,3,3,2,NA,2,3,3,3,2,NA,option_2,option_2,option_2,option_2,option_1,5,sf,NA,3,NA,3,midtjylland,mellemlang_videre,1952,Kvinde,1127,NA,2026-06-20 11:46:58 UTC,NA,2026-06-20 11:46:46 UTC,2026-06-20 11:46:35 UTC,2026-06-20 11:46:29 UTC,2026-06-20 11:46:19 UTC,NA,2026-06-20 11:51:27 UTC,2026-06-20 11:51:11 UTC,2026-06-20 11:49:37 UTC,2026-06-20 11:48:53 UTC,2026-06-20 11:48:31 UTC,2026-06-20 11:47:18 UTC,2026-06-20 11:47:07 UTC,2026-06-20 11:53:46 UTC,2026-06-20 11:53:40 UTC,2026-06-20 11:53:38 UTC,2026-06-20 11:53:33 UTC,NA,2026-06-20 11:52:51 UTC,2026-06-20 11:52:45 UTC,2026-06-20 11:52:37 UTC,2026-06-20 11:52:32 UTC,2026-06-20 11:52:26 UTC,2026-06-20 11:51:27 UTC,2026-06-20 11:51:11 UTC,2026-06-20 11:49:38 UTC,2026-06-20 11:48:57 UTC,2026-06-20 11:48:34 UTC,2026-06-20 11:47:37 UTC,2026-06-20 11:47:19 UTC,2026-06-20 11:46:59 UTC,2026-06-20 11:46:36 UTC,2026-06-20 11:46:03 UTC,2026-06-20 11:45:42 UTC,2026-06-20 11:53:46 UTC,2026-06-20 11:53:46 UTC,2026-06-20 11:52:52 UTC,2026-06-20 11:51:40 UTC,end_normal
a83c57d8f80d4129d315c89bc0971293,2026-05-22 02:52:02 UTC,2026-05-22 02:55:47 UTC,2026-05-22 02:52:20 UTC,NA,NA,NA,NA,NA,NA,NA,NA,NA,NA,NA,NA,NA,NA,NA,NA,NA,6,venstre,3,2,NA,1,midtjylland,erhvervsuddannelse,1978,Kvinde,1056,2026-05-22 02:54:10 UTC,2026-05-22 02:53:51 UTC,NA,2026-05-22 02:53:31 UTC,2026-05-22 02:53:00 UTC,2026-05-22 02:52:52 UTC,2026-05-22 02:52:30 UTC,NA,NA,NA,NA,NA,NA,2026-05-22 02:54:45 UTC,2026-05-22 02:54:31 UTC,NA,NA,NA,NA,NA,NA,NA,NA,NA,NA,NA,NA,NA,NA,NA,2026-05-22 02:54:54 UTC,2026-05-22 02:54:48 UTC,2026-05-22 02:54:14 UTC,2026-05-22 02:53:02 UTC,2026-05-22 02:52:13 UTC,2026-05-22 02:52:02 UTC,NA,NA,NA,NA,cbc_q1_page
a860c6b53a6fbe3779a0ab0479b14471,2026-06-20 07:47:10 UTC,2026-06-20 07:52:14 UTC,2026-06-20 07:47:22 UTC,5,5,5,5,5,NA,2,2,3,4,2,NA,option_2,option_1,option_1,option_1,option_2,3,konservative,1,2,NA,1,syddanmark,mellemlang_videre,1985,Mand,902,2026-06-20 07:48:07 UTC,2026-06-20 07:47:55 UTC,NA,2026-06-20 07:47:46 UTC,2026-06-20 07:47:34 UTC,2026-06-20 07:47:31 UTC,2026-06-20 07:47:26 UTC,NA,2026-06-20 07:50:33 UTC,2026-06-20 07:50:13 UTC,2026-06-20 07:49:50 UTC,2026-06-20 07:49:31 UTC,2026-06-20 07:49:08 UTC,2026-06-20 07:48:20 UTC,2026-06-20 07:48:16 UTC,2026-06-20 07:51:48 UTC,2026-06-20 07:51:40 UTC,2026-06-20 07:51:39 UTC,2026-06-20 07:51:37 UTC,NA,2026-06-20 07:51:25 UTC,2026-06-20 07:51:21 UTC,2026-06-20 07:51:16 UTC,2026-06-20 07:51:10 UTC,2026-06-20 07:51:00 UTC,2026-06-20 07:50:34 UTC,2026-06-20 07:50:14 UTC,2026-06-20 07:49:50 UTC,2026-06-20 07:49:33 UTC,NA,2026-06-20 07:48:29 UTC,NA,2026-06-20 07:48:08 UTC,2026-06-20 07:47:35 UTC,2026-06-20 07:47:18 UTC,2026-06-20 07:47:10 UTC,2026-06-20 07:51:48 UTC,2026-06-20 07:51:49 UTC,2026-06-20 07:51:27 UTC,2026-06-20 07:50:44 UTC,end_normal
a872059e2eea730e5ec828a4131dd302,2026-05-17 18:39:55 UTC,2026-05-17 18:46:46 UTC,2026-05-17 18:40:10 UTC,4,3,3,4,3,NA,1,2,2,2,2,NA,option_2,option_2,option_1,option_1,option_2,8,socialdemokratiet,3,2,1,2,midtjylland,erhvervsuddannelse,1975,Kvinde,920,2026-05-17 18:41:42 UTC,2026-05-17 18:41:34 UTC,2026-05-17 18:40:52 UTC,2026-05-17 18:40:37 UTC,2026-05-17 18:40:23 UTC,2026-05-17 18:40:19 UTC,2026-05-17 18:40:16 UTC,NA,2026-05-17 18:44:24 UTC,2026-05-17 18:43:51 UTC,2026-05-17 18:43:24 UTC,2026-05-17 18:43:00 UTC,2026-05-17 18:42:32 UTC,2026-05-17 18:41:53 UTC,2026-05-17 18:41:49 UTC,2026-05-17 18:46:10 UTC,2026-05-17 18:46:07 UTC,2026-05-17 18:46:01 UTC,2026-05-17 18:45:54 UTC,NA,2026-05-17 18:45:24 UTC,2026-05-17 18:45:20 UTC,2026-05-17 18:45:16 UTC,2026-05-17 18:45:13 UTC,2026-05-17 18:45:05 UTC,2026-05-17 18:44:27 UTC,2026-05-17 18:43:52 UTC,2026-05-17 18:43:26 UTC,2026-05-17 18:43:01 UTC,2026-05-17 18:42:34 UTC,2026-05-17 18:42:04 UTC,2026-05-17 18:41:55 UTC,2026-05-17 18:41:42 UTC,2026-05-17 18:40:25 UTC,NA,2026-05-17 18:39:55 UTC,2026-05-17 18:46:13 UTC,2026-05-17 18:46:14 UTC,2026-05-17 18:45:25 UTC,2026-05-17 18:44:34 UTC,end_normal
a8fd6ef2950f803fe136261d48f5d44e,2026-06-20 05:47:12 UTC,2026-06-20 05:53:30 UTC,2026-06-20 05:47:25 UTC,3,2,3,2,2,NA,3,3,3,4,2,NA,option_1,option_1,option_2,option_2,option_2,2,enhedslisten,NA,3,NA,3,midtjylland,mellemlang_videre,1972,Kvinde,1734,NA,2026-06-20 05:48:15 UTC,NA,2026-06-20 05:48:07 UTC,2026-06-20 05:47:50 UTC,2026-06-20 05:47:42 UTC,2026-06-20 05:47:33 UTC,NA,2026-06-20 05:51:26 UTC,2026-06-20 05:50:58 UTC,2026-06-20 05:50:30 UTC,2026-06-20 05:50:03 UTC,2026-06-20 05:49:10 UTC,2026-06-20 05:48:32 UTC,2026-06-20 05:48:28 UTC,2026-06-20 05:53:03 UTC,2026-06-20 05:52:59 UTC,2026-06-20 05:52:57 UTC,2026-06-20 05:52:54 UTC,NA,2026-06-20 05:52:37 UTC,2026-06-20 05:52:30 UTC,2026-06-20 05:52:23 UTC,2026-06-20 05:52:13 UTC,2026-06-20 05:52:10 UTC,2026-06-20 05:51:27 UTC,2026-06-20 05:51:00 UTC,2026-06-20 05:50:32 UTC,2026-06-20 05:50:04 UTC,2026-06-20 05:49:11 UTC,2026-06-20 05:48:45 UTC,2026-06-20 05:48:36 UTC,2026-06-20 05:48:16 UTC,2026-06-20 05:47:52 UTC,2026-06-20 05:47:20 UTC,2026-06-20 05:47:12 UTC,2026-06-20 05:53:06 UTC,2026-06-20 05:53:07 UTC,2026-06-20 05:52:38 UTC,2026-06-20 05:51:37 UTC,end_normal
a9991949db8a8d92d8d952c95c786eab,2026-06-21 05:20:15 UTC,2026-06-21 05:23:47 UTC,2026-06-21 05:20:28 UTC,NA,NA,NA,NA,NA,NA,NA,NA,NA,NA,NA,NA,option_1,option_1,option_1,option_1,option_1,0,liberal_alliance,NA,1,NA,1,midtjylland,gymnasial,2002,Kvinde,181,NA,2026-06-21 05:21:04 UTC,NA,2026-06-21 05:20:52 UTC,2026-06-21 05:20:42 UTC,2026-06-21 05:20:37 UTC,2026-06-21 05:20:31 UTC,NA,2026-06-21 05:22:44 UTC,2026-06-21 05:22:28 UTC,2026-06-21 05:22:12 UTC,2026-06-21 05:21:58 UTC,2026-06-21 05:21:42 UTC,2026-06-21 05:21:15 UTC,2026-06-21 05:21:11 UTC,NA,NA,NA,NA,NA,NA,NA,NA,NA,NA,2026-06-21 05:22:44 UTC,2026-06-21 05:22:28 UTC,2026-06-21 05:22:16 UTC,2026-06-21 05:22:01 UTC,2026-06-21 05:21:44 UTC,2026-06-21 05:21:21 UTC,2026-06-21 05:21:16 UTC,2026-06-21 05:21:04 UTC,2026-06-21 05:20:42 UTC,2026-06-21 05:20:24 UTC,2026-06-21 05:20:15 UTC,NA,NA,NA,2026-06-21 05:22:49 UTC,single_profile_1
a9bd21ea4823b667d012961e74f3e943,2026-05-15 14:22:01 UTC,2026-05-15 14:26:22 UTC,2026-05-15 14:22:14 UTC,3,3,3,3,3,NA,3,3,3,4,3,NA,option_1,option_2,option_1,option_1,option_1,6,moderaterne,1,2,1,2,nordjylland,lang_videre,1953,Kvinde,405,2026-05-15 14:23:01 UTC,2026-05-15 14:22:57 UTC,2026-05-15 14:22:44 UTC,2026-05-15 14:22:37 UTC,2026-05-15 14:22:27 UTC,2026-05-15 14:22:24 UTC,2026-05-15 14:22:22 UTC,NA,2026-05-15 14:25:18 UTC,2026-05-15 14:25:03 UTC,2026-05-15 14:24:45 UTC,2026-05-15 14:24:29 UTC,2026-05-15 14:24:03 UTC,2026-05-15 14:23:14 UTC,2026-05-15 14:23:10 UTC,2026-05-15 14:25:59 UTC,2026-05-15 14:25:59 UTC,2026-05-15 14:25:58 UTC,2026-05-15 14:25:57 UTC,NA,2026-05-15 14:25:48 UTC,2026-05-15 14:25:47 UTC,2026-05-15 14:25:45 UTC,2026-05-15 14:25:43 UTC,2026-05-15 14:25:37 UTC,2026-05-15 14:25:19 UTC,2026-05-15 14:25:04 UTC,2026-05-15 14:24:46 UTC,2026-05-15 14:24:30 UTC,2026-05-15 14:24:05 UTC,2026-05-15 14:23:27 UTC,2026-05-15 14:23:18 UTC,2026-05-15 14:23:02 UTC,2026-05-15 14:22:28 UTC,2026-05-15 14:22:09 UTC,2026-05-15 14:22:01 UTC,2026-05-15 14:26:00 UTC,2026-05-15 14:26:01 UTC,2026-05-15 14:25:48 UTC,2026-05-15 14:25:27 UTC,end_normal
a9fb9056bde991e03ce3076aa04d1a06,2026-05-13 15:39:24 UTC,2026-05-13 15:43:00 UTC,2026-05-13 15:39:39 UTC,1,1,1,1,1,NA,1,1,1,3,2,NA,option_1,option_2,option_1,option_1,option_2,1,sf,NA,3,3,2,syddanmark,kort_videre,1966,Kvinde,1568,NA,2026-05-13 15:40:22 UTC,2026-05-13 15:40:13 UTC,2026-05-13 15:40:08 UTC,2026-05-13 15:39:56 UTC,2026-05-13 15:39:51 UTC,2026-05-13 15:39:45 UTC,NA,2026-05-13 15:41:53 UTC,2026-05-13 15:41:36 UTC,2026-05-13 15:41:28 UTC,2026-05-13 15:41:14 UTC,2026-05-13 15:41:00 UTC,2026-05-13 15:40:31 UTC,2026-05-13 15:40:39 UTC,2026-05-13 15:42:37 UTC,2026-05-13 15:42:37 UTC,2026-05-13 15:42:35 UTC,2026-05-13 15:42:35 UTC,NA,2026-05-13 15:42:27 UTC,2026-05-13 15:42:26 UTC,2026-05-13 15:42:20 UTC,2026-05-13 15:42:18 UTC,2026-05-13 15:42:14 UTC,2026-05-13 15:41:54 UTC,2026-05-13 15:41:37 UTC,2026-05-13 15:41:28 UTC,2026-05-13 15:41:19 UTC,2026-05-13 15:41:01 UTC,2026-05-13 15:40:49 UTC,NA,2026-05-13 15:40:23 UTC,2026-05-13 15:39:56 UTC,2026-05-13 15:39:34 UTC,2026-05-13 15:39:24 UTC,2026-05-13 15:42:38 UTC,2026-05-13 15:42:38 UTC,2026-05-13 15:42:27 UTC,2026-05-13 15:41:58 UTC,end_normal
aa40d458b82593c6c2369fb4964931b8,2026-06-19 19:18:55 UTC,2026-06-19 19:28:17 UTC,2026-06-19 19:19:10 UTC,NA,NA,NA,NA,NA,NA,NA,NA,NA,NA,NA,NA,NA,NA,NA,NA,NA,NA,NA,NA,NA,NA,NA,syddanmark,mellemlang_videre,1994,Mand,1700,NA,NA,NA,NA,2026-06-19 19:19:20 UTC,2026-06-19 19:19:18 UTC,2026-06-19 19:19:14 UTC,NA,NA,NA,NA,NA,NA,NA,NA,NA,NA,NA,NA,NA,NA,NA,NA,NA,NA,NA,NA,NA,NA,NA,NA,NA,NA,2026-06-19 19:19:24 UTC,2026-06-19 19:19:06 UTC,2026-06-19 19:18:55 UTC,NA,NA,NA,NA,issue_positions
aad14f1b06b052267e74398d6bf60dc2,2026-06-16 02:59:54 UTC,2026-06-16 03:06:51 UTC,2026-06-16 03:00:20 UTC,4,4,4,4,4,NA,4,4,4,4,4,NA,option_1,option_2,option_1,option_1,option_2,4,radikale,NA,1,1,2,syddanmark,mellemlang_videre,1972,Kvinde,543,NA,2026-06-16 03:01:53 UTC,2026-06-16 03:02:08 UTC,2026-06-16 03:01:11 UTC,2026-06-16 03:00:45 UTC,2026-06-16 03:00:41 UTC,2026-06-16 03:00:28 UTC,NA,2026-06-16 03:04:57 UTC,2026-06-16 03:04:35 UTC,2026-06-16 03:04:11 UTC,2026-06-16 03:03:57 UTC,2026-06-16 03:03:27 UTC,2026-06-16 03:02:47 UTC,2026-06-16 03:02:38 UTC,2026-06-16 03:06:28 UTC,2026-06-16 03:06:27 UTC,2026-06-16 03:06:26 UTC,2026-06-16 03:06:26 UTC,NA,2026-06-16 03:06:08 UTC,2026-06-16 03:06:05 UTC,2026-06-16 03:06:01 UTC,2026-06-16 03:06:01 UTC,2026-06-16 03:06:00 UTC,2026-06-16 03:05:06 UTC,2026-06-16 03:04:36 UTC,2026-06-16 03:04:12 UTC,2026-06-16 03:03:58 UTC,2026-06-16 03:03:28 UTC,2026-06-16 03:03:02 UTC,2026-06-16 03:02:49 UTC,2026-06-16 03:02:10 UTC,2026-06-16 03:00:46 UTC,2026-06-16 03:00:17 UTC,2026-06-16 02:59:54 UTC,2026-06-16 03:06:28 UTC,2026-06-16 03:06:28 UTC,2026-06-16 03:06:12 UTC,2026-06-16 03:05:23 UTC,end_normal
aaf5cdcbd3629e5745ea8323d607145b,2026-05-13 15:37:34 UTC,2026-05-13 15:41:03 UTC,2026-05-13 15:37:44 UTC,4,3,3,4,4,NA,1,2,3,3,1,NA,option_2,option_2,option_2,option_1,option_1,7,enhedslisten,NA,3,1,2,hovedstaden,mellemlang_videre,1999,Mand,458,NA,2026-05-13 15:38:18 UTC,2026-05-13 15:38:09 UTC,2026-05-13 15:38:02 UTC,2026-05-13 15:37:54 UTC,2026-05-13 15:37:52 UTC,2026-05-13 15:37:49 UTC,NA,2026-05-13 15:39:58 UTC,2026-05-13 15:39:42 UTC,2026-05-13 15:39:31 UTC,2026-05-13 15:39:18 UTC,2026-05-13 15:38:59 UTC,2026-05-13 15:38:27 UTC,2026-05-13 15:38:24 UTC,2026-05-13 15:40:41 UTC,2026-05-13 15:40:40 UTC,2026-05-13 15:40:37 UTC,2026-05-13 15:40:36 UTC,NA,2026-05-13 15:40:28 UTC,2026-05-13 15:40:25 UTC,2026-05-13 15:40:23 UTC,2026-05-13 15:40:21 UTC,2026-05-13 15:40:16 UTC,2026-05-13 15:39:58 UTC,2026-05-13 15:39:43 UTC,2026-05-13 15:39:32 UTC,2026-05-13 15:39:18 UTC,2026-05-13 15:38:59 UTC,2026-05-13 15:38:34 UTC,2026-05-13 15:38:28 UTC,2026-05-13 15:38:20 UTC,2026-05-13 15:37:54 UTC,2026-05-13 15:37:40 UTC,2026-05-13 15:37:34 UTC,2026-05-13 15:40:43 UTC,2026-05-13 15:40:43 UTC,2026-05-13 15:40:28 UTC,2026-05-13 15:40:05 UTC,end_normal
ab1fce7f13eaabbdcaa4931e03e332a9,2026-05-26 21:08:46 UTC,2026-05-26 21:14:14 UTC,2026-05-26 21:09:08 UTC,1,4,4,4,4,NA,1,3,2,2,3,NA,option_2,option_1,option_2,option_2,option_2,3,konservative,NA,1,NA,1,midtjylland,kort_videre,1970,Kvinde,899,NA,2026-05-26 21:09:56 UTC,NA,2026-05-26 21:09:53 UTC,2026-05-26 21:09:27 UTC,2026-05-26 21:09:21 UTC,2026-05-26 21:09:13 UTC,NA,2026-05-26 21:11:57 UTC,2026-05-26 21:11:48 UTC,2026-05-26 21:11:34 UTC,2026-05-26 21:11:12 UTC,2026-05-26 21:11:03 UTC,2026-05-26 21:10:10 UTC,2026-05-26 21:10:03 UTC,2026-05-26 21:13:29 UTC,2026-05-26 21:13:30 UTC,2026-05-26 21:13:33 UTC,2026-05-26 21:13:31 UTC,NA,2026-05-26 21:12:42 UTC,2026-05-26 21:12:37 UTC,2026-05-26 21:12:33 UTC,2026-05-26 21:12:29 UTC,2026-05-26 21:12:27 UTC,2026-05-26 21:11:58 UTC,2026-05-26 21:11:50 UTC,2026-05-26 21:11:37 UTC,2026-05-26 21:11:14 UTC,2026-05-26 21:11:07 UTC,2026-05-26 21:10:19 UTC,2026-05-26 21:10:11 UTC,2026-05-26 21:09:59 UTC,2026-05-26 21:09:30 UTC,2026-05-26 21:09:03 UTC,2026-05-26 21:08:46 UTC,2026-05-26 21:13:10 UTC,2026-05-26 21:13:42 UTC,2026-05-26 21:12:42 UTC,2026-05-26 21:12:08 UTC,end_normal
ab2941bc3022a92f9ad6cf6a10ee9144,2026-05-13 17:26:09 UTC,2026-05-13 17:31:54 UTC,2026-05-13 17:26:19 UTC,1,1,1,2,2,NA,1,1,1,2,2,NA,option_2,option_2,option_2,option_2,option_2,6,enhedslisten,NA,3,NA,3,sjaelland,kort_videre,1986,Mand,736,NA,2026-05-13 17:26:32 UTC,NA,2026-05-13 17:26:29 UTC,2026-05-13 17:26:24 UTC,2026-05-13 17:26:22 UTC,2026-05-13 17:26:21 UTC,NA,2026-05-13 17:27:44 UTC,2026-05-13 17:27:38 UTC,2026-05-13 17:27:27 UTC,2026-05-13 17:27:15 UTC,2026-05-13 17:27:03 UTC,2026-05-13 17:26:42 UTC,2026-05-13 17:26:39 UTC,2026-05-13 17:28:49 UTC,2026-05-13 17:28:49 UTC,2026-05-13 17:28:48 UTC,2026-05-13 17:28:48 UTC,NA,2026-05-13 17:28:23 UTC,2026-05-13 17:28:21 UTC,2026-05-13 17:28:34 UTC,2026-05-13 17:28:31 UTC,2026-05-13 17:28:28 UTC,2026-05-13 17:27:45 UTC,2026-05-13 17:27:38 UTC,2026-05-13 17:27:27 UTC,2026-05-13 17:27:16 UTC,2026-05-13 17:27:05 UTC,2026-05-13 17:26:52 UTC,2026-05-13 17:26:43 UTC,2026-05-13 17:26:34 UTC,2026-05-13 17:26:25 UTC,2026-05-13 17:26:15 UTC,2026-05-13 17:26:09 UTC,2026-05-13 17:28:49 UTC,2026-05-13 17:28:52 UTC,2026-05-13 17:28:39 UTC,2026-05-13 17:27:49 UTC,end_normal
ab40bb71142b75e576c15111365de5dc,2026-05-14 20:40:18 UTC,2026-05-14 20:47:12 UTC,2026-05-14 20:40:33 UTC,4,5,4,4,4,NA,4,5,4,4,4,NA,option_2,option_2,option_1,option_2,option_1,7,sf,3,2,NA,3,hovedstaden,lang_videre,1997,Mand,435,2026-05-14 20:41:23 UTC,2026-05-14 20:41:08 UTC,NA,2026-05-14 20:40:58 UTC,2026-05-14 20:40:46 UTC,2026-05-14 20:40:42 UTC,2026-05-14 20:40:36 UTC,NA,2026-05-14 20:45:23 UTC,2026-05-14 20:44:36 UTC,2026-05-14 20:44:11 UTC,2026-05-14 20:43:51 UTC,2026-05-14 20:42:50 UTC,2026-05-14 20:41:42 UTC,2026-05-14 20:41:38 UTC,2026-05-14 20:46:44 UTC,2026-05-14 20:46:42 UTC,2026-05-14 20:46:39 UTC,2026-05-14 20:46:33 UTC,NA,2026-05-14 20:46:21 UTC,2026-05-14 20:46:17 UTC,2026-05-14 20:46:13 UTC,2026-05-14 20:46:05 UTC,2026-05-14 20:46:06 UTC,2026-05-14 20:45:26 UTC,2026-05-14 20:44:37 UTC,2026-05-14 20:44:12 UTC,2026-05-14 20:43:53 UTC,2026-05-14 20:42:51 UTC,2026-05-14 20:42:02 UTC,2026-05-14 20:41:43 UTC,2026-05-14 20:41:31 UTC,2026-05-14 20:40:48 UTC,2026-05-14 20:40:28 UTC,2026-05-14 20:40:18 UTC,2026-05-14 20:46:46 UTC,2026-05-14 20:46:47 UTC,2026-05-14 20:46:23 UTC,2026-05-14 20:45:39 UTC,end_normal
abc14ce1ac2a8327a65047a0edd87ac9,2026-06-19 20:27:51 UTC,2026-06-19 20:32:04 UTC,2026-06-19 20:28:01 UTC,1,3,3,2,2,NA,1,3,2,2,2,NA,option_1,option_2,option_2,NA,option_1,5,liberal_alliance,NA,1,NA,1,syddanmark,kort_videre,1995,Kvinde,1038,NA,2026-06-19 20:28:27 UTC,NA,2026-06-19 20:28:18 UTC,2026-06-19 20:28:09 UTC,2026-06-19 20:28:06 UTC,2026-06-19 20:28:04 UTC,NA,2026-06-19 20:30:32 UTC,2026-06-19 20:30:18 UTC,2026-06-19 20:29:58 UTC,NA,2026-06-19 20:29:11 UTC,2026-06-19 20:28:40 UTC,2026-06-19 20:28:34 UTC,2026-06-19 20:31:40 UTC,2026-06-19 20:31:37 UTC,2026-06-19 20:31:33 UTC,2026-06-19 20:31:32 UTC,NA,2026-06-19 20:31:20 UTC,2026-06-19 20:31:14 UTC,2026-06-19 20:31:07 UTC,2026-06-19 20:31:04 UTC,2026-06-19 20:31:02 UTC,NA,2026-06-19 20:30:19 UTC,2026-06-19 20:30:01 UTC,2026-06-19 20:29:47 UTC,2026-06-19 20:29:14 UTC,2026-06-19 20:28:49 UTC,2026-06-19 20:28:45 UTC,2026-06-19 20:28:29 UTC,2026-06-19 20:28:11 UTC,2026-06-19 20:27:58 UTC,2026-06-19 20:27:51 UTC,2026-06-19 20:31:41 UTC,2026-06-19 20:31:41 UTC,2026-06-19 20:31:21 UTC,2026-06-19 20:30:40 UTC,end_normal
ac06c794d040e005322ff32d79976566,2026-05-14 05:09:33 UTC,2026-05-14 05:17:19 UTC,2026-05-14 05:10:15 UTC,3,4,3,3,4,NA,2,2,4,4,2,NA,option_2,option_1,option_2,option_2,option_2,9,sf,NA,3,3,2,hovedstaden,lang_videre,1997,Mand,1893,NA,2026-05-14 05:11:44 UTC,2026-05-14 05:11:38 UTC,2026-05-14 05:10:52 UTC,2026-05-14 05:10:41 UTC,2026-05-14 05:10:37 UTC,2026-05-14 05:10:20 UTC,NA,2026-05-14 05:14:46 UTC,2026-05-14 05:14:21 UTC,2026-05-14 05:13:33 UTC,2026-05-14 05:13:03 UTC,2026-05-14 05:12:42 UTC,2026-05-14 05:12:00 UTC,2026-05-14 05:11:51 UTC,2026-05-14 05:16:43 UTC,2026-05-14 05:16:41 UTC,2026-05-14 05:16:31 UTC,2026-05-14 05:16:26 UTC,NA,2026-05-14 05:16:00 UTC,2026-05-14 05:15:44 UTC,2026-05-14 05:15:41 UTC,2026-05-14 05:15:36 UTC,2026-05-14 05:15:31 UTC,2026-05-14 05:14:46 UTC,2026-05-14 05:14:21 UTC,2026-05-14 05:13:49 UTC,2026-05-14 05:13:05 UTC,2026-05-14 05:12:43 UTC,2026-05-14 05:12:16 UTC,2026-05-14 05:12:01 UTC,2026-05-14 05:11:45 UTC,2026-05-14 05:10:41 UTC,2026-05-14 05:10:12 UTC,2026-05-14 05:09:33 UTC,2026-05-14 05:16:58 UTC,2026-05-14 05:16:59 UTC,2026-05-14 05:16:08 UTC,2026-05-14 05:14:55 UTC,end_normal
ac0d891c76b950a8d3300a9b537cef85,2026-05-23 09:50:43 UTC,2026-05-23 09:55:08 UTC,2026-05-23 09:51:07 UTC,3,2,4,2,2,NA,3,2,4,3,2,NA,option_2,option_2,option_2,option_1,option_2,7,socialdemokratiet,3,2,3,2,hovedstaden,mellemlang_videre,2004,Kvinde,1212,2026-05-23 09:51:48 UTC,2026-05-23 09:51:43 UTC,2026-05-23 09:51:33 UTC,2026-05-23 09:51:28 UTC,2026-05-23 09:51:20 UTC,2026-05-23 09:51:15 UTC,2026-05-23 09:51:08 UTC,NA,2026-05-23 09:53:36 UTC,2026-05-23 09:53:25 UTC,2026-05-23 09:53:14 UTC,2026-05-23 09:52:53 UTC,2026-05-23 09:52:23 UTC,2026-05-23 09:51:58 UTC,2026-05-23 09:51:53 UTC,2026-05-23 09:54:27 UTC,2026-05-23 09:54:30 UTC,2026-05-23 09:54:22 UTC,2026-05-23 09:54:22 UTC,NA,2026-05-23 09:54:11 UTC,2026-05-23 09:54:09 UTC,2026-05-23 09:54:07 UTC,2026-05-23 09:54:04 UTC,2026-05-23 09:53:57 UTC,2026-05-23 09:53:36 UTC,2026-05-23 09:53:26 UTC,2026-05-23 09:53:15 UTC,2026-05-23 09:52:56 UTC,2026-05-23 09:52:24 UTC,2026-05-23 09:52:07 UTC,2026-05-23 09:52:00 UTC,2026-05-23 09:51:48 UTC,2026-05-23 09:51:20 UTC,2026-05-23 09:51:03 UTC,2026-05-23 09:50:43 UTC,2026-05-23 09:54:30 UTC,2026-05-23 09:54:33 UTC,2026-05-23 09:54:11 UTC,2026-05-23 09:53:44 UTC,end_normal
ac1f5b4d0b1b25dfdc65e3d083c66cb0,2026-06-20 07:00:34 UTC,2026-06-20 07:16:08 UTC,2026-06-20 07:01:41 UTC,NA,NA,NA,NA,NA,NA,NA,NA,NA,NA,NA,NA,NA,NA,NA,NA,NA,NA,NA,NA,NA,NA,NA,midtjylland,erhvervsuddannelse,1948,Kvinde,1424,NA,NA,NA,NA,2026-06-20 07:01:58 UTC,2026-06-20 07:01:54 UTC,2026-06-20 07:01:51 UTC,NA,NA,NA,NA,NA,NA,NA,NA,NA,NA,NA,NA,NA,NA,NA,NA,NA,NA,NA,NA,NA,NA,NA,NA,NA,NA,2026-06-20 07:02:00 UTC,2026-06-20 07:01:34 UTC,2026-06-20 07:00:34 UTC,NA,NA,NA,NA,issue_positions
ac47f4380145572f2d38a6b66019744a,2026-06-19 08:01:12 UTC,2026-06-19 08:08:43 UTC,2026-06-19 08:06:56 UTC,NA,NA,NA,NA,NA,NA,NA,NA,NA,NA,NA,NA,option_2,option_2,option_1,option_1,option_1,4,konservative,NA,1,NA,1,hovedstaden,gymnasial,2005,Mand,32,NA,2026-06-19 08:07:09 UTC,NA,2026-06-19 08:07:08 UTC,2026-06-19 08:07:04 UTC,2026-06-19 08:07:02 UTC,2026-06-19 08:07:00 UTC,NA,2026-06-19 08:08:21 UTC,2026-06-19 08:08:08 UTC,2026-06-19 08:07:56 UTC,2026-06-19 08:07:48 UTC,2026-06-19 08:07:37 UTC,2026-06-19 08:07:18 UTC,2026-06-19 08:07:16 UTC,NA,NA,NA,NA,NA,NA,NA,NA,NA,NA,2026-06-19 08:08:22 UTC,2026-06-19 08:08:11 UTC,2026-06-19 08:07:58 UTC,2026-06-19 08:07:51 UTC,2026-06-19 08:07:38 UTC,2026-06-19 08:07:25 UTC,2026-06-19 08:07:19 UTC,2026-06-19 08:07:10 UTC,2026-06-19 08:07:04 UTC,2026-06-19 08:06:53 UTC,2026-06-19 08:01:12 UTC,NA,NA,NA,NA,single_profile_intro
ac61e02a2d3eb2c95555b04bbc0880b0,2026-06-03 11:03:58 UTC,2026-06-03 11:10:11 UTC,2026-06-03 11:04:24 UTC,1,1,1,2,1,NA,1,1,1,1,1,NA,option_2,option_2,option_2,option_2,option_1,8,sf,3,2,1,2,syddanmark,mellemlang_videre,1981,Kvinde,1909,2026-06-03 11:05:26 UTC,2026-06-03 11:05:22 UTC,2026-06-03 11:05:10 UTC,2026-06-03 11:05:01 UTC,2026-06-03 11:04:50 UTC,2026-06-03 11:04:46 UTC,2026-06-03 11:04:37 UTC,NA,2026-06-03 11:08:19 UTC,2026-06-03 11:07:49 UTC,2026-06-03 11:07:26 UTC,2026-06-03 11:07:02 UTC,2026-06-03 11:06:36 UTC,2026-06-03 11:05:38 UTC,2026-06-03 11:05:50 UTC,2026-06-03 11:09:42 UTC,2026-06-03 11:09:40 UTC,2026-06-03 11:09:34 UTC,2026-06-03 11:09:28 UTC,NA,2026-06-03 11:09:01 UTC,2026-06-03 11:08:59 UTC,2026-06-03 11:08:56 UTC,2026-06-03 11:08:50 UTC,2026-06-03 11:08:47 UTC,2026-06-03 11:08:21 UTC,2026-06-03 11:07:50 UTC,2026-06-03 11:07:27 UTC,2026-06-03 11:07:03 UTC,2026-06-03 11:06:39 UTC,2026-06-03 11:05:57 UTC,2026-06-03 11:05:52 UTC,2026-06-03 11:05:28 UTC,2026-06-03 11:04:51 UTC,2026-06-03 11:04:20 UTC,2026-06-03 11:03:58 UTC,2026-06-03 11:09:44 UTC,2026-06-03 11:09:45 UTC,2026-06-03 11:09:03 UTC,2026-06-03 11:08:26 UTC,end_normal
ac63fc54950272feac5c6911913d981a,2026-06-20 18:28:23 UTC,2026-06-20 18:31:27 UTC,2026-06-20 18:28:42 UTC,NA,NA,NA,NA,NA,NA,NA,NA,NA,NA,NA,NA,NA,NA,NA,NA,NA,NA,NA,NA,NA,NA,NA,midtjylland,kort_videre,1975,Kvinde,389,NA,NA,NA,NA,2026-06-20 18:29:05 UTC,2026-06-20 18:29:00 UTC,2026-06-20 18:28:52 UTC,NA,NA,NA,NA,NA,NA,NA,NA,NA,NA,NA,NA,NA,NA,NA,NA,NA,NA,NA,NA,NA,NA,NA,NA,NA,NA,2026-06-20 18:29:07 UTC,2026-06-20 18:28:36 UTC,2026-06-20 18:28:23 UTC,NA,NA,NA,NA,issue_positions
ac75f8aed4b369826df586adaab635b3,2026-05-20 03:52:52 UTC,2026-05-20 04:02:28 UTC,2026-05-20 03:53:19 UTC,4,4,3,4,4,NA,3,2,2,2,1,NA,option_1,option_2,option_2,option_1,option_1,7,radikale,NA,3,NA,3,sjaelland,mellemlang_videre,1966,Kvinde,1601,NA,2026-05-20 03:54:35 UTC,NA,2026-05-20 03:54:17 UTC,2026-05-20 03:53:50 UTC,2026-05-20 03:53:45 UTC,2026-05-20 03:53:41 UTC,NA,2026-05-20 03:58:52 UTC,2026-05-20 03:58:10 UTC,2026-05-20 03:57:36 UTC,2026-05-20 03:56:46 UTC,2026-05-20 03:56:09 UTC,2026-05-20 03:55:03 UTC,2026-05-20 03:54:53 UTC,2026-05-20 04:01:32 UTC,2026-05-20 04:01:27 UTC,2026-05-20 04:01:20 UTC,2026-05-20 04:01:15 UTC,NA,2026-05-20 04:00:41 UTC,2026-05-20 04:00:34 UTC,2026-05-20 04:00:23 UTC,2026-05-20 04:00:18 UTC,2026-05-20 04:00:14 UTC,2026-05-20 03:58:55 UTC,2026-05-20 03:58:11 UTC,2026-05-20 03:57:37 UTC,2026-05-20 03:56:47 UTC,2026-05-20 03:56:12 UTC,2026-05-20 03:55:27 UTC,2026-05-20 03:55:06 UTC,2026-05-20 03:54:46 UTC,2026-05-20 03:53:53 UTC,2026-05-20 03:53:15 UTC,2026-05-20 03:52:52 UTC,2026-05-20 04:01:47 UTC,2026-05-20 04:01:48 UTC,2026-05-20 04:00:48 UTC,2026-05-20 03:59:12 UTC,end_normal
ac795ddb670d65c984c7c95662d96be8,2026-06-19 18:38:40 UTC,2026-06-19 18:53:22 UTC,2026-06-19 18:38:54 UTC,5,5,5,5,5,NA,1,1,1,1,1,NA,option_1,option_1,option_1,option_2,option_2,0,danmarksdemokraterne,3,2,NA,1,midtjylland,erhvervsuddannelse,1950,Kvinde,1245,2026-06-19 18:39:59 UTC,2026-06-19 18:39:46 UTC,NA,2026-06-19 18:39:33 UTC,2026-06-19 18:39:20 UTC,2026-06-19 18:39:14 UTC,2026-06-19 18:39:10 UTC,NA,2026-06-19 18:43:41 UTC,2026-06-19 18:42:39 UTC,2026-06-19 18:42:13 UTC,2026-06-19 18:41:45 UTC,2026-06-19 18:41:21 UTC,2026-06-19 18:40:23 UTC,2026-06-19 18:40:18 UTC,2026-06-19 18:45:01 UTC,2026-06-19 18:44:54 UTC,2026-06-19 18:44:54 UTC,2026-06-19 18:44:52 UTC,NA,2026-06-19 18:44:32 UTC,2026-06-19 18:44:31 UTC,2026-06-19 18:44:27 UTC,2026-06-19 18:44:22 UTC,2026-06-19 18:44:18 UTC,2026-06-19 18:43:45 UTC,2026-06-19 18:42:42 UTC,2026-06-19 18:42:16 UTC,2026-06-19 18:41:45 UTC,2026-06-19 18:41:21 UTC,2026-06-19 18:40:40 UTC,NA,2026-06-19 18:39:59 UTC,2026-06-19 18:39:22 UTC,2026-06-19 18:38:52 UTC,2026-06-19 18:38:40 UTC,2026-06-19 18:45:02 UTC,2026-06-19 18:45:03 UTC,2026-06-19 18:44:33 UTC,2026-06-19 18:43:59 UTC,end_normal
acaf7317123100dfcb1915151db1813b,2026-05-13 16:17:31 UTC,2026-05-13 16:26:03 UTC,2026-05-13 16:17:45 UTC,1,2,2,3,1,NA,NA,NA,NA,NA,NA,NA,option_1,option_1,option_2,option_2,option_2,6,enhedslisten,NA,3,NA,3,hovedstaden,mellemlang_videre,1999,Kvinde,380,NA,2026-05-13 16:18:25 UTC,NA,2026-05-13 16:18:10 UTC,2026-05-13 16:17:58 UTC,2026-05-13 16:17:54 UTC,2026-05-13 16:17:48 UTC,NA,2026-05-13 16:24:08 UTC,2026-05-13 16:23:17 UTC,2026-05-13 16:22:56 UTC,2026-05-13 16:21:44 UTC,2026-05-13 16:20:47 UTC,2026-05-13 16:18:41 UTC,2026-05-13 16:18:36 UTC,2026-05-13 16:25:18 UTC,2026-05-13 16:25:21 UTC,2026-05-13 16:25:03 UTC,2026-05-13 16:24:56 UTC,NA,NA,NA,NA,NA,NA,2026-05-13 16:24:09 UTC,2026-05-13 16:23:46 UTC,2026-05-13 16:22:58 UTC,2026-05-13 16:21:47 UTC,2026-05-13 16:20:48 UTC,2026-05-13 16:18:51 UTC,2026-05-13 16:18:47 UTC,2026-05-13 16:18:28 UTC,2026-05-13 16:18:00 UTC,2026-05-13 16:17:41 UTC,2026-05-13 16:17:31 UTC,2026-05-13 16:25:13 UTC,2026-05-13 16:25:23 UTC,2026-05-13 16:24:46 UTC,2026-05-13 16:24:17 UTC,end_normal
acd3380c6089044e9cf87811d1fcc5e0,2026-05-17 20:31:18 UTC,2026-05-17 20:37:29 UTC,2026-05-17 20:31:43 UTC,5,5,5,5,5,NA,5,5,5,5,4,NA,option_2,option_2,option_2,option_2,option_2,4,socialdemokratiet,3,2,NA,3,sjaelland,gymnasial,1954,Kvinde,1258,2026-05-17 20:32:47 UTC,2026-05-17 20:32:38 UTC,NA,2026-05-17 20:32:28 UTC,2026-05-17 20:32:16 UTC,2026-05-17 20:32:10 UTC,2026-05-17 20:32:05 UTC,NA,2026-05-17 20:35:44 UTC,2026-05-17 20:35:18 UTC,2026-05-17 20:34:59 UTC,2026-05-17 20:34:31 UTC,2026-05-17 20:33:51 UTC,2026-05-17 20:33:08 UTC,2026-05-17 20:32:56 UTC,2026-05-17 20:36:58 UTC,2026-05-17 20:36:58 UTC,2026-05-17 20:36:57 UTC,2026-05-17 20:36:57 UTC,NA,2026-05-17 20:36:39 UTC,2026-05-17 20:36:36 UTC,2026-05-17 20:36:33 UTC,2026-05-17 20:36:31 UTC,2026-05-17 20:36:24 UTC,2026-05-17 20:35:44 UTC,2026-05-17 20:35:20 UTC,2026-05-17 20:35:01 UTC,2026-05-17 20:34:35 UTC,2026-05-17 20:33:55 UTC,2026-05-17 20:33:21 UTC,2026-05-17 20:33:09 UTC,2026-05-17 20:32:47 UTC,2026-05-17 20:32:18 UTC,NA,2026-05-17 20:31:18 UTC,2026-05-17 20:37:00 UTC,2026-05-17 20:37:01 UTC,2026-05-17 20:36:39 UTC,2026-05-17 20:35:54 UTC,end_normal
acfbde2a15e8679d186fe2205ba30283,2026-05-14 05:28:18 UTC,2026-05-14 05:37:02 UTC,2026-05-14 05:28:34 UTC,1,3,4,3,4,NA,2,4,2,3,3,NA,option_2,option_1,option_2,option_2,option_2,7,sf,NA,3,NA,3,nordjylland,mellemlang_videre,1955,Kvinde,347,NA,2026-05-14 05:29:24 UTC,NA,2026-05-14 05:29:06 UTC,2026-05-14 05:28:56 UTC,2026-05-14 05:28:53 UTC,2026-05-14 05:28:42 UTC,NA,2026-05-14 05:33:05 UTC,2026-05-14 05:32:25 UTC,2026-05-14 05:31:59 UTC,2026-05-14 05:31:20 UTC,2026-05-14 05:30:42 UTC,2026-05-14 05:29:52 UTC,2026-05-14 05:29:32 UTC,2026-05-14 05:36:05 UTC,2026-05-14 05:36:01 UTC,2026-05-14 05:35:49 UTC,2026-05-14 05:35:40 UTC,NA,2026-05-14 05:35:12 UTC,2026-05-14 05:34:52 UTC,2026-05-14 05:34:47 UTC,2026-05-14 05:34:19 UTC,2026-05-14 05:33:56 UTC,2026-05-14 05:33:06 UTC,2026-05-14 05:32:27 UTC,2026-05-14 05:32:00 UTC,2026-05-14 05:31:24 UTC,2026-05-14 05:30:43 UTC,2026-05-14 05:30:08 UTC,2026-05-14 05:29:54 UTC,2026-05-14 05:29:25 UTC,2026-05-14 05:28:57 UTC,2026-05-14 05:28:30 UTC,2026-05-14 05:28:18 UTC,2026-05-14 05:36:14 UTC,2026-05-14 05:36:16 UTC,2026-05-14 05:35:14 UTC,2026-05-14 05:33:16 UTC,end_normal
ad1627e91d99247e2ce4cb3c7be4b9c1,2026-05-16 14:49:51 UTC,2026-05-16 15:06:03 UTC,2026-05-16 14:50:06 UTC,4,3,4,4,3,NA,1,4,3,3,3,NA,option_2,option_2,option_1,option_1,option_1,3,venstre,NA,1,NA,1,hovedstaden,gymnasial,1968,Mand,229,NA,2026-05-16 14:51:18 UTC,NA,2026-05-16 14:51:12 UTC,2026-05-16 14:50:57 UTC,2026-05-16 14:50:41 UTC,2026-05-16 14:50:14 UTC,NA,2026-05-16 14:57:38 UTC,2026-05-16 14:56:57 UTC,2026-05-16 14:55:56 UTC,2026-05-16 14:55:29 UTC,2026-05-16 14:53:23 UTC,2026-05-16 14:52:20 UTC,2026-05-16 14:51:31 UTC,2026-05-16 14:59:43 UTC,2026-05-16 14:59:39 UTC,2026-05-16 14:59:36 UTC,2026-05-16 14:59:29 UTC,NA,2026-05-16 14:59:05 UTC,2026-05-16 14:58:56 UTC,2026-05-16 14:58:45 UTC,2026-05-16 14:58:39 UTC,2026-05-16 14:58:38 UTC,2026-05-16 14:57:42 UTC,2026-05-16 14:57:00 UTC,2026-05-16 14:55:58 UTC,2026-05-16 14:55:30 UTC,2026-05-16 14:53:33 UTC,2026-05-16 14:52:27 UTC,2026-05-16 14:52:20 UTC,2026-05-16 14:51:19 UTC,2026-05-16 14:50:59 UTC,2026-05-16 14:50:02 UTC,2026-05-16 14:49:51 UTC,2026-05-16 14:59:50 UTC,2026-05-16 14:59:58 UTC,2026-05-16 14:59:05 UTC,2026-05-16 14:57:49 UTC,end_normal
ad1e96350f4350e35e078bbe78deb2be,2026-06-19 21:13:38 UTC,2026-06-19 21:17:38 UTC,2026-06-19 21:13:53 UTC,NA,NA,NA,NA,NA,NA,NA,NA,NA,NA,NA,NA,NA,NA,NA,NA,NA,8,socialdemokratiet,3,2,1,2,syddanmark,mellemlang_videre,1959,Kvinde,630,2026-06-19 21:15:29 UTC,2026-06-19 21:15:11 UTC,2026-06-19 21:14:59 UTC,2026-06-19 21:14:45 UTC,2026-06-19 21:14:31 UTC,2026-06-19 21:14:25 UTC,2026-06-19 21:14:15 UTC,NA,NA,NA,NA,NA,NA,2026-06-19 21:15:50 UTC,2026-06-19 21:15:40 UTC,NA,NA,NA,NA,NA,NA,NA,NA,NA,NA,NA,NA,NA,NA,NA,NA,2026-06-19 21:15:51 UTC,2026-06-19 21:15:31 UTC,2026-06-19 21:14:33 UTC,2026-06-19 21:13:48 UTC,2026-06-19 21:13:38 UTC,NA,NA,NA,NA,cbc_intro
ad47313c9a403e49b5605ff8db040db6,2026-05-21 14:48:43 UTC,2026-05-21 14:53:37 UTC,2026-05-21 14:48:53 UTC,3,3,3,4,4,NA,2,2,3,3,2,NA,option_1,option_2,option_2,option_2,option_2,7,socialdemokratiet,3,2,NA,3,syddanmark,mellemlang_videre,1986,Kvinde,1771,2026-05-21 14:49:31 UTC,2026-05-21 14:49:18 UTC,NA,2026-05-21 14:49:12 UTC,2026-05-21 14:49:05 UTC,2026-05-21 14:49:01 UTC,2026-05-21 14:48:58 UTC,NA,2026-05-21 14:52:00 UTC,2026-05-21 14:51:46 UTC,2026-05-21 14:51:19 UTC,2026-05-21 14:50:55 UTC,2026-05-21 14:50:27 UTC,2026-05-21 14:49:49 UTC,2026-05-21 14:49:45 UTC,2026-05-21 14:52:57 UTC,2026-05-21 14:52:55 UTC,2026-05-21 14:52:50 UTC,2026-05-21 14:52:48 UTC,NA,2026-05-21 14:52:37 UTC,2026-05-21 14:52:34 UTC,2026-05-21 14:52:31 UTC,2026-05-21 14:52:27 UTC,2026-05-21 14:52:22 UTC,2026-05-21 14:52:02 UTC,2026-05-21 14:51:47 UTC,2026-05-21 14:51:24 UTC,2026-05-21 14:50:56 UTC,2026-05-21 14:50:28 UTC,2026-05-21 14:49:57 UTC,2026-05-21 14:49:53 UTC,2026-05-21 14:49:34 UTC,2026-05-21 14:49:05 UTC,2026-05-21 14:48:51 UTC,2026-05-21 14:48:43 UTC,2026-05-21 14:52:58 UTC,2026-05-21 14:53:00 UTC,2026-05-21 14:52:39 UTC,2026-05-21 14:52:09 UTC,end_normal
ad77caee9c851038d210d81adcf2607f,2026-05-17 10:46:21 UTC,2026-05-17 10:51:54 UTC,2026-05-17 10:46:34 UTC,1,1,1,2,1,NA,1,3,3,2,2,NA,option_1,option_1,option_1,option_2,option_1,6,moderaterne,1,2,NA,1,sjaelland,mellemlang_videre,1968,Kvinde,838,2026-05-17 10:47:36 UTC,2026-05-17 10:47:22 UTC,NA,2026-05-17 10:47:05 UTC,2026-05-17 10:46:57 UTC,2026-05-17 10:46:52 UTC,2026-05-17 10:46:44 UTC,NA,2026-05-17 10:49:46 UTC,2026-05-17 10:49:33 UTC,2026-05-17 10:49:18 UTC,2026-05-17 10:48:55 UTC,2026-05-17 10:48:29 UTC,2026-05-17 10:47:55 UTC,2026-05-17 10:47:47 UTC,2026-05-17 10:51:18 UTC,2026-05-17 10:51:15 UTC,2026-05-17 10:51:10 UTC,2026-05-17 10:51:05 UTC,NA,2026-05-17 10:50:39 UTC,2026-05-17 10:50:36 UTC,2026-05-17 10:50:33 UTC,2026-05-17 10:50:28 UTC,2026-05-17 10:50:19 UTC,2026-05-17 10:49:48 UTC,2026-05-17 10:49:35 UTC,2026-05-17 10:49:19 UTC,2026-05-17 10:48:57 UTC,2026-05-17 10:48:31 UTC,2026-05-17 10:48:03 UTC,2026-05-17 10:47:56 UTC,2026-05-17 10:47:37 UTC,2026-05-17 10:46:58 UTC,2026-05-17 10:46:30 UTC,2026-05-17 10:46:21 UTC,2026-05-17 10:51:22 UTC,2026-05-17 10:51:23 UTC,2026-05-17 10:50:41 UTC,2026-05-17 10:49:54 UTC,end_normal
adcf73544ef5fb4b906f4d0fc2218a27,2026-05-13 16:05:50 UTC,2026-05-13 16:12:57 UTC,2026-05-13 16:06:11 UTC,2,2,2,2,2,NA,4,4,4,4,4,NA,option_2,option_2,option_1,option_2,option_1,6,socialdemokratiet,3,2,1,2,hovedstaden,kort_videre,1991,Kvinde,1178,2026-05-13 16:07:19 UTC,2026-05-13 16:07:14 UTC,2026-05-13 16:06:55 UTC,2026-05-13 16:06:47 UTC,2026-05-13 16:06:24 UTC,2026-05-13 16:06:20 UTC,2026-05-13 16:06:16 UTC,NA,2026-05-13 16:11:08 UTC,2026-05-13 16:10:50 UTC,2026-05-13 16:09:47 UTC,2026-05-13 16:09:13 UTC,2026-05-13 16:08:16 UTC,2026-05-13 16:07:37 UTC,2026-05-13 16:07:30 UTC,2026-05-13 16:12:32 UTC,2026-05-13 16:12:29 UTC,2026-05-13 16:12:25 UTC,2026-05-13 16:12:22 UTC,NA,2026-05-13 16:11:57 UTC,2026-05-13 16:11:56 UTC,2026-05-13 16:11:41 UTC,2026-05-13 16:11:39 UTC,2026-05-13 16:11:35 UTC,2026-05-13 16:11:09 UTC,2026-05-13 16:10:50 UTC,2026-05-13 16:09:47 UTC,2026-05-13 16:09:14 UTC,2026-05-13 16:08:16 UTC,2026-05-13 16:07:52 UTC,2026-05-13 16:07:43 UTC,2026-05-13 16:07:20 UTC,2026-05-13 16:06:24 UTC,2026-05-13 16:06:06 UTC,2026-05-13 16:05:50 UTC,2026-05-13 16:12:35 UTC,2026-05-13 16:12:36 UTC,2026-05-13 16:11:57 UTC,2026-05-13 16:11:14 UTC,end_normal
ae5bd0fc2c149f45ad278e70345e7f4d,2026-05-27 05:41:53 UTC,2026-05-27 05:49:02 UTC,2026-05-27 05:42:25 UTC,1,2,1,1,2,NA,1,2,3,4,2,NA,option_1,option_2,option_1,option_1,option_2,4,alternativet,NA,3,NA,3,midtjylland,lang_videre,1999,Kvinde,1252,NA,2026-05-27 05:42:56 UTC,NA,2026-05-27 05:42:48 UTC,2026-05-27 05:42:39 UTC,2026-05-27 05:42:35 UTC,2026-05-27 05:42:29 UTC,NA,2026-05-27 05:46:28 UTC,2026-05-27 05:46:06 UTC,2026-05-27 05:45:24 UTC,2026-05-27 05:44:54 UTC,2026-05-27 05:44:28 UTC,2026-05-27 05:43:16 UTC,2026-05-27 05:43:05 UTC,2026-05-27 05:48:13 UTC,2026-05-27 05:48:09 UTC,2026-05-27 05:48:08 UTC,2026-05-27 05:48:05 UTC,NA,2026-05-27 05:47:18 UTC,2026-05-27 05:47:50 UTC,2026-05-27 05:47:35 UTC,2026-05-27 05:47:29 UTC,2026-05-27 05:47:32 UTC,2026-05-27 05:46:39 UTC,2026-05-27 05:46:07 UTC,2026-05-27 05:45:28 UTC,2026-05-27 05:44:54 UTC,2026-05-27 05:44:30 UTC,2026-05-27 05:43:46 UTC,2026-05-27 05:43:18 UTC,2026-05-27 05:42:57 UTC,2026-05-27 05:42:39 UTC,2026-05-27 05:42:19 UTC,2026-05-27 05:41:53 UTC,2026-05-27 05:48:15 UTC,2026-05-27 05:48:21 UTC,2026-05-27 05:47:53 UTC,2026-05-27 05:46:49 UTC,end_normal
aed58ce25a7e0bcea383d826b1608228,2026-06-19 20:17:58 UTC,2026-06-19 20:26:36 UTC,2026-06-19 20:18:23 UTC,3,3,3,3,3,NA,2,3,4,4,3,NA,option_2,option_1,option_2,option_1,option_2,8,socialdemokratiet,3,2,NA,1,midtjylland,mellemlang_videre,1958,Kvinde,1811,2026-06-19 20:19:44 UTC,2026-06-19 20:19:07 UTC,NA,2026-06-19 20:18:54 UTC,2026-06-19 20:18:41 UTC,2026-06-19 20:18:36 UTC,2026-06-19 20:18:30 UTC,NA,2026-06-19 20:23:24 UTC,2026-06-19 20:22:57 UTC,2026-06-19 20:22:07 UTC,2026-06-19 20:21:32 UTC,2026-06-19 20:21:01 UTC,2026-06-19 20:20:07 UTC,2026-06-19 20:19:59 UTC,2026-06-19 20:25:34 UTC,2026-06-19 20:25:29 UTC,2026-06-19 20:25:26 UTC,2026-06-19 20:25:12 UTC,NA,2026-06-19 20:24:47 UTC,2026-06-19 20:24:40 UTC,2026-06-19 20:24:31 UTC,2026-06-19 20:24:24 UTC,2026-06-19 20:24:18 UTC,2026-06-19 20:23:26 UTC,2026-06-19 20:22:59 UTC,2026-06-19 20:22:09 UTC,2026-06-19 20:21:33 UTC,2026-06-19 20:21:04 UTC,2026-06-19 20:20:21 UTC,2026-06-19 20:20:08 UTC,2026-06-19 20:19:45 UTC,2026-06-19 20:18:43 UTC,2026-06-19 20:18:16 UTC,2026-06-19 20:17:58 UTC,2026-06-19 20:25:37 UTC,2026-06-19 20:25:38 UTC,2026-06-19 20:24:49 UTC,2026-06-19 20:23:40 UTC,end_normal
af090eacaa1adc5cad86499b5c0bd1b0,2026-05-13 15:43:47 UTC,2026-05-13 15:49:24 UTC,2026-05-13 15:44:04 UTC,NA,NA,NA,NA,NA,NA,NA,NA,NA,NA,NA,NA,NA,NA,NA,NA,NA,NA,NA,NA,NA,NA,NA,NA,erhvervsuddannelse,NA,Kvinde,1403,NA,NA,NA,NA,NA,2026-05-13 15:44:42 UTC,NA,NA,NA,NA,NA,NA,NA,NA,NA,NA,NA,NA,NA,NA,NA,NA,NA,NA,NA,NA,NA,NA,NA,NA,NA,NA,NA,NA,2026-05-13 15:43:59 UTC,2026-05-13 15:43:47 UTC,NA,NA,NA,NA,Background
af10ceceed73fd0a46668c16ac9c3400,2026-06-20 23:41:08 UTC,2026-06-20 23:48:56 UTC,2026-06-20 23:41:37 UTC,4,5,5,5,5,NA,1,1,1,2,1,NA,option_2,option_1,option_1,option_1,option_1,8,enhedslisten,NA,3,NA,3,sjaelland,mellemlang_videre,1972,Kvinde,692,NA,2026-06-20 23:42:14 UTC,NA,2026-06-20 23:42:05 UTC,2026-06-20 23:41:53 UTC,2026-06-20 23:41:49 UTC,2026-06-20 23:41:43 UTC,NA,2026-06-20 23:45:37 UTC,2026-06-20 23:45:16 UTC,2026-06-20 23:44:22 UTC,2026-06-20 23:43:45 UTC,2026-06-20 23:43:17 UTC,2026-06-20 23:42:35 UTC,2026-06-20 23:42:23 UTC,2026-06-20 23:48:09 UTC,2026-06-20 23:48:05 UTC,2026-06-20 23:47:57 UTC,2026-06-20 23:47:50 UTC,NA,2026-06-20 23:46:58 UTC,2026-06-20 23:46:48 UTC,2026-06-20 23:46:41 UTC,2026-06-20 23:46:33 UTC,2026-06-20 23:46:17 UTC,2026-06-20 23:45:39 UTC,2026-06-20 23:45:16 UTC,2026-06-20 23:44:23 UTC,2026-06-20 23:43:47 UTC,2026-06-20 23:43:20 UTC,2026-06-20 23:42:52 UTC,2026-06-20 23:42:36 UTC,2026-06-20 23:42:14 UTC,2026-06-20 23:41:55 UTC,2026-06-20 23:41:32 UTC,2026-06-20 23:41:08 UTC,2026-06-20 23:48:22 UTC,2026-06-20 23:48:24 UTC,2026-06-20 23:46:59 UTC,2026-06-20 23:45:48 UTC,end_normal
af15eb5a931bca13f4257ba3e593a88c,2026-05-14 18:32:26 UTC,2026-05-14 18:45:03 UTC,2026-05-14 18:32:48 UTC,4,4,4,5,4,NA,5,5,5,5,5,NA,option_1,option_2,option_2,option_1,option_1,5,socialdemokratiet,NA,3,NA,1,nordjylland,mellemlang_videre,1977,Kvinde,838,NA,2026-05-14 18:33:22 UTC,NA,2026-05-14 18:33:10 UTC,2026-05-14 18:33:01 UTC,2026-05-14 18:32:57 UTC,2026-05-14 18:32:54 UTC,NA,2026-05-14 18:35:23 UTC,2026-05-14 18:35:05 UTC,2026-05-14 18:34:49 UTC,2026-05-14 18:34:31 UTC,2026-05-14 18:34:11 UTC,2026-05-14 18:33:32 UTC,2026-05-14 18:33:28 UTC,2026-05-14 18:36:42 UTC,2026-05-14 18:36:39 UTC,2026-05-14 18:36:35 UTC,2026-05-14 18:36:27 UTC,NA,2026-05-14 18:35:57 UTC,2026-05-14 18:35:55 UTC,2026-05-14 18:35:53 UTC,2026-05-14 18:35:49 UTC,2026-05-14 18:35:48 UTC,2026-05-14 18:35:24 UTC,2026-05-14 18:35:06 UTC,2026-05-14 18:34:50 UTC,2026-05-14 18:34:32 UTC,2026-05-14 18:34:13 UTC,2026-05-14 18:33:44 UTC,2026-05-14 18:33:35 UTC,2026-05-14 18:33:22 UTC,2026-05-14 18:33:01 UTC,2026-05-14 18:32:35 UTC,2026-05-14 18:32:26 UTC,2026-05-14 18:36:43 UTC,2026-05-14 18:36:44 UTC,2026-05-14 18:35:59 UTC,2026-05-14 18:35:33 UTC,end_normal
af49e3494ab6f75a446d22e177255fb7,2026-06-20 10:39:29 UTC,2026-06-20 10:40:12 UTC,2026-06-20 10:39:47 UTC,NA,NA,NA,NA,NA,NA,NA,NA,NA,NA,NA,NA,NA,NA,NA,NA,NA,NA,NA,NA,NA,NA,NA,NA,NA,1975,Kvinde,1795,NA,NA,NA,NA,NA,NA,2026-06-20 10:39:51 UTC,NA,NA,NA,NA,NA,NA,NA,NA,NA,NA,NA,NA,NA,NA,NA,NA,NA,NA,NA,NA,NA,NA,NA,NA,NA,NA,NA,2026-06-20 10:39:41 UTC,2026-06-20 10:39:29 UTC,NA,NA,NA,NA,Background
af57d040dcfcd258c86d725330690870,2026-05-13 18:18:41 UTC,2026-05-13 18:25:05 UTC,2026-05-13 18:18:56 UTC,4,5,4,4,5,NA,1,1,1,2,1,NA,option_1,option_1,option_2,option_1,option_1,7,enhedslisten,NA,3,1,2,hovedstaden,erhvervsuddannelse,1976,Mand,1440,NA,2026-05-13 18:20:03 UTC,2026-05-13 18:19:45 UTC,2026-05-13 18:19:23 UTC,2026-05-13 18:19:11 UTC,2026-05-13 18:19:06 UTC,2026-05-13 18:19:02 UTC,NA,2026-05-13 18:23:04 UTC,2026-05-13 18:22:38 UTC,2026-05-13 18:22:08 UTC,2026-05-13 18:21:51 UTC,2026-05-13 18:21:18 UTC,2026-05-13 18:20:23 UTC,2026-05-13 18:20:14 UTC,2026-05-13 18:24:37 UTC,2026-05-13 18:24:35 UTC,2026-05-13 18:24:35 UTC,2026-05-13 18:24:35 UTC,NA,2026-05-13 18:24:23 UTC,2026-05-13 18:24:20 UTC,2026-05-13 18:24:10 UTC,2026-05-13 18:24:03 UTC,2026-05-13 18:23:58 UTC,2026-05-13 18:23:05 UTC,2026-05-13 18:22:38 UTC,2026-05-13 18:22:09 UTC,2026-05-13 18:21:53 UTC,2026-05-13 18:21:19 UTC,2026-05-13 18:20:33 UTC,2026-05-13 18:20:24 UTC,2026-05-13 18:20:03 UTC,2026-05-13 18:19:12 UTC,2026-05-13 18:18:49 UTC,2026-05-13 18:18:41 UTC,2026-05-13 18:24:37 UTC,2026-05-13 18:24:38 UTC,2026-05-13 18:24:24 UTC,2026-05-13 18:23:24 UTC,end_normal
af762c5d8971251b658ccae309351e4c,2026-05-23 14:15:19 UTC,2026-05-23 14:21:05 UTC,2026-05-23 14:15:35 UTC,3,3,3,3,3,NA,3,3,3,3,3,NA,option_2,option_1,option_2,option_2,option_1,7,liberal_alliance,NA,1,NA,1,midtjylland,erhvervsuddannelse,1998,Mand,1044,NA,2026-05-23 14:16:02 UTC,NA,2026-05-23 14:15:58 UTC,2026-05-23 14:15:50 UTC,2026-05-23 14:15:43 UTC,2026-05-23 14:15:39 UTC,NA,2026-05-23 14:18:10 UTC,2026-05-23 14:17:54 UTC,2026-05-23 14:17:41 UTC,2026-05-23 14:17:21 UTC,2026-05-23 14:16:42 UTC,2026-05-23 14:16:14 UTC,2026-05-23 14:16:10 UTC,2026-05-23 14:18:49 UTC,2026-05-23 14:18:50 UTC,2026-05-23 14:18:50 UTC,2026-05-23 14:18:51 UTC,NA,2026-05-23 14:18:35 UTC,2026-05-23 14:18:35 UTC,2026-05-23 14:18:35 UTC,2026-05-23 14:18:33 UTC,2026-05-23 14:18:32 UTC,2026-05-23 14:18:11 UTC,2026-05-23 14:17:55 UTC,2026-05-23 14:17:41 UTC,2026-05-23 14:17:24 UTC,2026-05-23 14:16:43 UTC,2026-05-23 14:16:20 UTC,2026-05-23 14:16:16 UTC,2026-05-23 14:16:04 UTC,2026-05-23 14:15:50 UTC,2026-05-23 14:15:31 UTC,2026-05-23 14:15:19 UTC,2026-05-23 14:18:49 UTC,2026-05-23 14:18:51 UTC,2026-05-23 14:18:36 UTC,2026-05-23 14:18:15 UTC,end_normal
b01f38d38f54810107042617a7975122,2026-05-13 23:09:42 UTC,2026-05-13 23:15:02 UTC,2026-05-13 23:10:02 UTC,1,3,4,3,2,NA,3,2,3,4,2,NA,option_2,option_2,option_2,option_2,option_1,4,stemte_ikke,1,2,1,2,hovedstaden,mellemlang_videre,2004,Mand,932,2026-05-13 23:10:58 UTC,2026-05-13 23:10:53 UTC,2026-05-13 23:10:38 UTC,2026-05-13 23:10:29 UTC,2026-05-13 23:10:19 UTC,2026-05-13 23:10:15 UTC,2026-05-13 23:10:04 UTC,NA,2026-05-13 23:13:15 UTC,2026-05-13 23:13:06 UTC,2026-05-13 23:12:54 UTC,2026-05-13 23:12:25 UTC,2026-05-13 23:11:54 UTC,2026-05-13 23:11:28 UTC,2026-05-13 23:11:16 UTC,2026-05-13 23:14:39 UTC,2026-05-13 23:14:36 UTC,2026-05-13 23:14:32 UTC,2026-05-13 23:14:25 UTC,NA,2026-05-13 23:13:55 UTC,2026-05-13 23:13:53 UTC,2026-05-13 23:13:50 UTC,2026-05-13 23:13:48 UTC,2026-05-13 23:13:38 UTC,2026-05-13 23:13:17 UTC,2026-05-13 23:13:10 UTC,2026-05-13 23:12:54 UTC,2026-05-13 23:12:29 UTC,2026-05-13 23:11:55 UTC,2026-05-13 23:11:32 UTC,2026-05-13 23:11:30 UTC,2026-05-13 23:10:59 UTC,2026-05-13 23:10:22 UTC,2026-05-13 23:09:58 UTC,2026-05-13 23:09:42 UTC,2026-05-13 23:14:42 UTC,2026-05-13 23:14:44 UTC,2026-05-13 23:14:00 UTC,2026-05-13 23:13:21 UTC,end_normal
b026f59dd55a63d5ed177e87cff34ca3,2026-05-19 18:09:57 UTC,2026-05-19 18:21:53 UTC,2026-05-19 18:10:26 UTC,3,2,3,3,1,NA,3,2,3,4,1,NA,option_1,option_2,option_2,option_1,option_1,6,sf,NA,3,NA,3,hovedstaden,mellemlang_videre,1983,Kvinde,1169,NA,2026-05-19 18:11:31 UTC,NA,2026-05-19 18:11:05 UTC,2026-05-19 18:10:38 UTC,2026-05-19 18:10:37 UTC,2026-05-19 18:10:30 UTC,NA,2026-05-19 18:17:56 UTC,2026-05-19 18:16:46 UTC,2026-05-19 18:15:55 UTC,2026-05-19 18:15:20 UTC,2026-05-19 18:13:50 UTC,2026-05-19 18:11:44 UTC,2026-05-19 18:11:36 UTC,2026-05-19 18:21:04 UTC,2026-05-19 18:20:42 UTC,2026-05-19 18:20:59 UTC,2026-05-19 18:20:33 UTC,NA,2026-05-19 18:20:05 UTC,2026-05-19 18:19:42 UTC,2026-05-19 18:19:00 UTC,2026-05-19 18:19:32 UTC,2026-05-19 18:18:46 UTC,2026-05-19 18:17:57 UTC,2026-05-19 18:16:47 UTC,2026-05-19 18:15:56 UTC,2026-05-19 18:15:21 UTC,2026-05-19 18:13:56 UTC,2026-05-19 18:12:07 UTC,2026-05-19 18:11:52 UTC,2026-05-19 18:11:31 UTC,2026-05-19 18:10:40 UTC,2026-05-19 18:10:22 UTC,2026-05-19 18:09:57 UTC,2026-05-19 18:21:21 UTC,2026-05-19 18:21:30 UTC,2026-05-19 18:20:07 UTC,2026-05-19 18:18:07 UTC,end_normal
b0d589dfa97f746801df3884cbcb1e18,2026-06-15 15:41:27 UTC,2026-06-15 15:49:01 UTC,2026-06-15 15:41:50 UTC,4,4,3,3,3,NA,4,5,3,3,3,NA,option_2,option_1,option_1,option_1,option_2,8,sf,NA,3,3,2,syddanmark,lang_videre,1975,Mand,1855,NA,2026-06-15 15:43:18 UTC,2026-06-15 15:42:25 UTC,2026-06-15 15:42:14 UTC,2026-06-15 15:42:04 UTC,2026-06-15 15:42:01 UTC,2026-06-15 15:41:58 UTC,NA,2026-06-15 15:47:14 UTC,2026-06-15 15:46:52 UTC,2026-06-15 15:46:31 UTC,2026-06-15 15:46:10 UTC,2026-06-15 15:44:53 UTC,2026-06-15 15:43:31 UTC,2026-06-15 15:43:25 UTC,2026-06-15 15:48:24 UTC,2026-06-15 15:48:22 UTC,2026-06-15 15:48:20 UTC,2026-06-15 15:48:18 UTC,NA,2026-06-15 15:47:54 UTC,2026-06-15 15:47:52 UTC,2026-06-15 15:47:48 UTC,2026-06-15 15:47:45 UTC,2026-06-15 15:47:57 UTC,2026-06-15 15:47:15 UTC,2026-06-15 15:46:53 UTC,2026-06-15 15:46:32 UTC,2026-06-15 15:46:11 UTC,2026-06-15 15:44:54 UTC,2026-06-15 15:43:47 UTC,2026-06-15 15:43:32 UTC,2026-06-15 15:43:19 UTC,2026-06-15 15:42:04 UTC,2026-06-15 15:41:45 UTC,2026-06-15 15:41:27 UTC,2026-06-15 15:48:26 UTC,2026-06-15 15:48:27 UTC,2026-06-15 15:47:58 UTC,2026-06-15 15:47:23 UTC,end_normal
b0ebe72d3fc79e251cd54754cbf36056,2026-05-25 15:25:57 UTC,2026-05-25 15:29:19 UTC,2026-05-25 15:26:10 UTC,NA,NA,NA,NA,NA,NA,NA,NA,NA,NA,NA,NA,NA,NA,NA,option_1,option_2,3,alternativet,NA,3,NA,3,midtjylland,gymnasial,1956,Mand,337,NA,2026-05-25 15:26:53 UTC,NA,2026-05-25 15:26:44 UTC,2026-05-25 15:26:37 UTC,2026-05-25 15:26:29 UTC,2026-05-25 15:26:19 UTC,NA,NA,NA,NA,2026-05-25 15:28:53 UTC,2026-05-25 15:28:18 UTC,2026-05-25 15:27:14 UTC,2026-05-25 15:27:01 UTC,NA,NA,NA,NA,NA,NA,NA,NA,NA,NA,NA,NA,NA,2026-05-25 15:28:55 UTC,2026-05-25 15:28:20 UTC,2026-05-25 15:27:20 UTC,2026-05-25 15:27:15 UTC,2026-05-25 15:26:54 UTC,2026-05-25 15:26:38 UTC,2026-05-25 15:26:06 UTC,2026-05-25 15:25:57 UTC,NA,NA,NA,NA,cbc_q3_page
b1517bb59437397c5897e7f7baf4f0bd,2026-05-17 19:23:51 UTC,2026-05-17 19:33:21 UTC,2026-05-17 19:24:38 UTC,4,4,4,4,4,NA,4,4,4,4,4,NA,option_1,option_2,option_2,option_1,option_1,8,socialdemokratiet,1,2,NA,1,sjaelland,mellemlang_videre,1947,Kvinde,704,2026-05-17 19:27:15 UTC,2026-05-17 19:26:45 UTC,NA,2026-05-17 19:26:21 UTC,2026-05-17 19:25:22 UTC,2026-05-17 19:25:17 UTC,2026-05-17 19:26:02 UTC,NA,2026-05-17 19:30:06 UTC,2026-05-17 19:29:50 UTC,2026-05-17 19:29:27 UTC,2026-05-17 19:29:00 UTC,2026-05-17 19:28:33 UTC,2026-05-17 19:27:33 UTC,2026-05-17 19:27:24 UTC,2026-05-17 19:31:56 UTC,2026-05-17 19:31:52 UTC,2026-05-17 19:31:46 UTC,2026-05-17 19:31:44 UTC,NA,2026-05-17 19:31:10 UTC,2026-05-17 19:31:08 UTC,2026-05-17 19:31:07 UTC,2026-05-17 19:31:02 UTC,2026-05-17 19:30:53 UTC,2026-05-17 19:30:08 UTC,2026-05-17 19:29:53 UTC,2026-05-17 19:29:30 UTC,2026-05-17 19:29:02 UTC,2026-05-17 19:28:36 UTC,2026-05-17 19:27:54 UTC,2026-05-17 19:27:36 UTC,2026-05-17 19:27:16 UTC,2026-05-17 19:26:06 UTC,2026-05-17 19:24:30 UTC,2026-05-17 19:23:51 UTC,2026-05-17 19:31:54 UTC,2026-05-17 19:31:59 UTC,2026-05-17 19:31:14 UTC,2026-05-17 19:30:22 UTC,end_normal
b153565b16fbfc36591125bb860232ee,2026-05-13 07:10:03 UTC,2026-05-13 07:17:21 UTC,2026-05-13 07:10:19 UTC,4,3,3,3,3,NA,4,3,3,3,3,NA,option_2,option_2,option_1,option_1,option_1,3,liberal_alliance,1,2,1,2,midtjylland,mellemlang_videre,1993,Kvinde,1671,2026-05-13 07:11:44 UTC,2026-05-13 07:11:35 UTC,2026-05-13 07:11:11 UTC,2026-05-13 07:10:54 UTC,2026-05-13 07:10:33 UTC,2026-05-13 07:10:28 UTC,2026-05-13 07:10:24 UTC,NA,2026-05-13 07:15:33 UTC,2026-05-13 07:15:08 UTC,2026-05-13 07:14:48 UTC,2026-05-13 07:14:12 UTC,2026-05-13 07:13:10 UTC,2026-05-13 07:12:17 UTC,2026-05-13 07:12:06 UTC,2026-05-13 07:16:51 UTC,2026-05-13 07:16:51 UTC,2026-05-13 07:16:50 UTC,2026-05-13 07:16:49 UTC,NA,2026-05-13 07:16:32 UTC,2026-05-13 07:16:26 UTC,2026-05-13 07:16:22 UTC,2026-05-13 07:16:18 UTC,2026-05-13 07:16:16 UTC,2026-05-13 07:15:34 UTC,2026-05-13 07:15:09 UTC,2026-05-13 07:14:49 UTC,2026-05-13 07:14:15 UTC,2026-05-13 07:13:13 UTC,2026-05-13 07:12:29 UTC,2026-05-13 07:12:19 UTC,2026-05-13 07:11:46 UTC,2026-05-13 07:10:35 UTC,2026-05-13 07:10:15 UTC,2026-05-13 07:10:03 UTC,2026-05-13 07:16:53 UTC,2026-05-13 07:16:54 UTC,2026-05-13 07:16:34 UTC,2026-05-13 07:15:47 UTC,end_normal
b1766beadf6569addab641ab37c9f4a1,2026-06-19 18:46:07 UTC,2026-06-19 18:48:08 UTC,2026-06-19 18:46:22 UTC,NA,NA,NA,NA,NA,NA,NA,NA,NA,NA,NA,NA,NA,NA,NA,NA,NA,0,onsker_ikke,NA,1,NA,1,sjaelland,kort_videre,1964,Kvinde,75,NA,2026-06-19 18:47:25 UTC,NA,2026-06-19 18:47:23 UTC,2026-06-19 18:46:44 UTC,2026-06-19 18:46:40 UTC,2026-06-19 18:46:30 UTC,NA,NA,NA,NA,NA,NA,2026-06-19 18:47:37 UTC,2026-06-19 18:47:36 UTC,NA,NA,NA,NA,NA,NA,NA,NA,NA,NA,NA,NA,NA,NA,NA,2026-06-19 18:47:48 UTC,2026-06-19 18:47:45 UTC,2026-06-19 18:47:26 UTC,2026-06-19 18:46:45 UTC,2026-06-19 18:46:18 UTC,2026-06-19 18:46:07 UTC,NA,NA,NA,NA,cbc_q1_page
b198627b825b4657ed5c6956d1877830,2026-05-17 18:31:18 UTC,2026-05-17 18:37:33 UTC,2026-05-17 18:31:31 UTC,NA,NA,NA,NA,NA,NA,NA,NA,NA,NA,NA,NA,NA,NA,NA,NA,NA,0,borgernes_parti,3,2,NA,1,midtjylland,anden,1969,Kvinde,788,2026-05-17 18:32:48 UTC,2026-05-17 18:32:34 UTC,NA,2026-05-17 18:32:10 UTC,2026-05-17 18:31:55 UTC,2026-05-17 18:31:52 UTC,2026-05-17 18:31:38 UTC,NA,NA,NA,NA,NA,NA,2026-05-17 18:33:00 UTC,2026-05-17 18:32:56 UTC,NA,NA,NA,NA,NA,NA,NA,NA,NA,NA,NA,NA,NA,NA,NA,2026-05-17 18:33:11 UTC,2026-05-17 18:33:03 UTC,2026-05-17 18:32:48 UTC,2026-05-17 18:31:58 UTC,2026-05-17 18:31:27 UTC,2026-05-17 18:31:18 UTC,NA,NA,NA,NA,cbc_q1_page
b1d2c4086f4032d550d1a8efcf9df52e,2026-05-13 16:35:39 UTC,2026-05-13 16:40:15 UTC,2026-05-13 16:35:49 UTC,NA,NA,NA,NA,NA,NA,NA,NA,NA,NA,NA,NA,NA,NA,option_2,option_2,option_1,6,sf,3,2,1,2,hovedstaden,lang_videre,1973,Kvinde,1960,2026-05-13 16:36:53 UTC,2026-05-13 16:36:43 UTC,2026-05-13 16:36:25 UTC,2026-05-13 16:36:11 UTC,2026-05-13 16:36:01 UTC,2026-05-13 16:35:59 UTC,2026-05-13 16:35:55 UTC,NA,NA,NA,2026-05-13 16:38:39 UTC,2026-05-13 16:38:11 UTC,2026-05-13 16:37:50 UTC,2026-05-13 16:37:03 UTC,2026-05-13 16:37:12 UTC,NA,NA,NA,NA,NA,NA,NA,NA,NA,NA,NA,NA,2026-05-13 16:38:51 UTC,2026-05-13 16:38:14 UTC,2026-05-13 16:37:51 UTC,2026-05-13 16:37:22 UTC,2026-05-13 16:37:14 UTC,2026-05-13 16:36:56 UTC,2026-05-13 16:36:02 UTC,2026-05-13 16:35:46 UTC,2026-05-13 16:35:39 UTC,NA,NA,NA,NA,cbc_q4_page
b1f418512c5f4feb3b9a7a01faac79d7,2026-05-16 22:33:02 UTC,2026-05-16 22:48:26 UTC,2026-05-16 22:33:12 UTC,2,2,2,2,2,NA,3,3,3,3,3,NA,option_1,option_2,option_2,option_2,option_1,5,liberal_alliance,1,2,NA,1,sjaelland,lang_videre,1966,Kvinde,998,2026-05-16 22:34:25 UTC,2026-05-16 22:34:16 UTC,NA,2026-05-16 22:33:55 UTC,2026-05-16 22:33:31 UTC,2026-05-16 22:33:27 UTC,2026-05-16 22:33:19 UTC,NA,2026-05-16 22:37:16 UTC,2026-05-16 22:36:59 UTC,2026-05-16 22:36:36 UTC,2026-05-16 22:36:09 UTC,2026-05-16 22:35:07 UTC,2026-05-16 22:34:40 UTC,2026-05-16 22:34:34 UTC,2026-05-16 22:38:17 UTC,2026-05-16 22:38:16 UTC,2026-05-16 22:38:15 UTC,2026-05-16 22:38:13 UTC,NA,2026-05-16 22:37:47 UTC,2026-05-16 22:37:46 UTC,2026-05-16 22:37:46 UTC,2026-05-16 22:37:44 UTC,2026-05-16 22:37:43 UTC,2026-05-16 22:37:20 UTC,2026-05-16 22:37:02 UTC,2026-05-16 22:36:38 UTC,2026-05-16 22:36:12 UTC,2026-05-16 22:35:09 UTC,2026-05-16 22:34:47 UTC,2026-05-16 22:34:43 UTC,2026-05-16 22:34:27 UTC,2026-05-16 22:33:32 UTC,2026-05-16 22:33:08 UTC,2026-05-16 22:33:02 UTC,2026-05-16 22:38:17 UTC,2026-05-16 22:38:19 UTC,2026-05-16 22:37:50 UTC,2026-05-16 22:37:25 UTC,end_normal
b2092e7fee2c66ff9b31e06f75bc78e7,2026-05-13 21:41:41 UTC,2026-05-13 21:54:40 UTC,2026-05-13 21:41:53 UTC,NA,NA,NA,NA,NA,NA,NA,NA,NA,NA,NA,NA,NA,NA,NA,NA,NA,5,konservative,1,2,NA,1,syddanmark,kort_videre,2000,Mand,99,2026-05-13 21:42:37 UTC,2026-05-13 21:42:25 UTC,NA,2026-05-13 21:42:15 UTC,2026-05-13 21:42:03 UTC,2026-05-13 21:42:00 UTC,2026-05-13 21:41:57 UTC,NA,NA,NA,NA,NA,NA,2026-05-13 21:42:56 UTC,2026-05-13 21:42:50 UTC,NA,NA,NA,NA,NA,NA,NA,NA,NA,NA,NA,NA,NA,NA,NA,2026-05-13 21:43:21 UTC,2026-05-13 21:42:57 UTC,2026-05-13 21:42:37 UTC,2026-05-13 21:42:03 UTC,2026-05-13 21:41:48 UTC,2026-05-13 21:41:41 UTC,NA,NA,NA,NA,cbc_q1_page
b277b09e5a67110e003b40699c1b9f15,2026-06-20 02:50:06 UTC,2026-06-20 02:55:12 UTC,2026-06-20 02:50:15 UTC,5,4,5,4,4,NA,3,5,5,5,3,NA,option_1,option_1,option_2,option_2,option_2,7,dansk_folkeparti,NA,1,NA,1,midtjylland,lang_videre,1972,Kvinde,1810,NA,2026-06-20 02:50:37 UTC,NA,2026-06-20 02:50:33 UTC,2026-06-20 02:50:28 UTC,2026-06-20 02:50:25 UTC,2026-06-20 02:50:22 UTC,NA,2026-06-20 02:52:52 UTC,2026-06-20 02:52:36 UTC,2026-06-20 02:52:08 UTC,2026-06-20 02:51:52 UTC,2026-06-20 02:51:36 UTC,2026-06-20 02:50:54 UTC,2026-06-20 02:50:47 UTC,2026-06-20 02:54:20 UTC,2026-06-20 02:54:15 UTC,2026-06-20 02:54:11 UTC,2026-06-20 02:54:09 UTC,NA,2026-06-20 02:53:50 UTC,2026-06-20 02:53:40 UTC,2026-06-20 02:53:34 UTC,2026-06-20 02:53:33 UTC,2026-06-20 02:53:20 UTC,2026-06-20 02:52:55 UTC,2026-06-20 02:52:39 UTC,2026-06-20 02:52:12 UTC,2026-06-20 02:51:53 UTC,2026-06-20 02:51:38 UTC,2026-06-20 02:50:59 UTC,2026-06-20 02:50:57 UTC,2026-06-20 02:50:40 UTC,2026-06-20 02:50:29 UTC,2026-06-20 02:50:13 UTC,2026-06-20 02:50:06 UTC,2026-06-20 02:54:21 UTC,2026-06-20 02:54:24 UTC,2026-06-20 02:53:52 UTC,2026-06-20 02:53:01 UTC,end_normal
b3aaedaa3c84cee43f03d5614366f8c9,2026-06-20 16:50:20 UTC,2026-06-20 16:56:02 UTC,2026-06-20 16:50:36 UTC,5,5,5,5,5,NA,5,5,5,5,5,NA,option_2,option_1,option_2,option_2,option_2,3,dansk_folkeparti,3,2,NA,1,midtjylland,erhvervsuddannelse,1971,Mand,771,2026-06-20 16:51:40 UTC,2026-06-20 16:51:24 UTC,NA,2026-06-20 16:51:05 UTC,2026-06-20 16:50:55 UTC,2026-06-20 16:50:48 UTC,2026-06-20 16:50:43 UTC,NA,2026-06-20 16:54:00 UTC,2026-06-20 16:53:42 UTC,2026-06-20 16:53:24 UTC,2026-06-20 16:53:03 UTC,2026-06-20 16:52:37 UTC,2026-06-20 16:51:57 UTC,2026-06-20 16:51:50 UTC,2026-06-20 16:55:11 UTC,2026-06-20 16:55:09 UTC,2026-06-20 16:55:09 UTC,2026-06-20 16:55:31 UTC,NA,2026-06-20 16:54:47 UTC,2026-06-20 16:54:46 UTC,2026-06-20 16:54:44 UTC,2026-06-20 16:54:44 UTC,2026-06-20 16:54:57 UTC,2026-06-20 16:54:01 UTC,2026-06-20 16:53:43 UTC,2026-06-20 16:53:26 UTC,2026-06-20 16:53:04 UTC,2026-06-20 16:52:38 UTC,2026-06-20 16:52:08 UTC,2026-06-20 16:52:00 UTC,2026-06-20 16:51:41 UTC,2026-06-20 16:50:56 UTC,2026-06-20 16:50:31 UTC,2026-06-20 16:50:20 UTC,2026-06-20 16:55:11 UTC,2026-06-20 16:55:31 UTC,2026-06-20 16:54:58 UTC,2026-06-20 16:54:16 UTC,end_normal
b3d6dd393b6575731f5664339c78d4f6,2026-06-20 11:39:14 UTC,2026-06-20 11:43:56 UTC,2026-06-20 11:39:24 UTC,1,2,2,2,3,NA,1,1,2,2,2,NA,option_2,option_2,option_2,option_1,option_2,4,venstre,3,2,NA,3,midtjylland,mellemlang_videre,1978,Kvinde,1248,2026-06-20 11:39:49 UTC,2026-06-20 11:39:47 UTC,NA,2026-06-20 11:39:45 UTC,2026-06-20 11:39:39 UTC,2026-06-20 11:39:37 UTC,2026-06-20 11:39:33 UTC,NA,2026-06-20 11:42:18 UTC,2026-06-20 11:41:57 UTC,2026-06-20 11:41:30 UTC,2026-06-20 11:41:04 UTC,2026-06-20 11:40:39 UTC,2026-06-20 11:40:07 UTC,2026-06-20 11:40:05 UTC,2026-06-20 11:43:27 UTC,2026-06-20 11:43:26 UTC,2026-06-20 11:43:24 UTC,2026-06-20 11:43:23 UTC,NA,2026-06-20 11:43:03 UTC,2026-06-20 11:43:00 UTC,2026-06-20 11:42:58 UTC,2026-06-20 11:42:53 UTC,2026-06-20 11:42:50 UTC,2026-06-20 11:42:23 UTC,2026-06-20 11:41:59 UTC,2026-06-20 11:41:31 UTC,2026-06-20 11:41:05 UTC,2026-06-20 11:40:41 UTC,2026-06-20 11:40:11 UTC,2026-06-20 11:40:08 UTC,2026-06-20 11:39:50 UTC,2026-06-20 11:39:39 UTC,2026-06-20 11:39:20 UTC,2026-06-20 11:39:14 UTC,2026-06-20 11:43:29 UTC,2026-06-20 11:43:30 UTC,2026-06-20 11:43:03 UTC,2026-06-20 11:42:33 UTC,end_normal
b41ff2e462a1aaab79184c8f4562f133,2026-06-20 07:35:55 UTC,2026-06-20 07:42:11 UTC,2026-06-20 07:36:06 UTC,1,1,1,1,1,NA,1,1,1,1,1,NA,option_1,option_2,option_1,option_1,option_2,1,enhedslisten,NA,3,3,2,syddanmark,mellemlang_videre,1977,Kvinde,1436,NA,2026-06-20 07:37:12 UTC,2026-06-20 07:37:04 UTC,2026-06-20 07:36:52 UTC,2026-06-20 07:36:23 UTC,2026-06-20 07:36:20 UTC,2026-06-20 07:36:14 UTC,NA,2026-06-20 07:40:13 UTC,2026-06-20 07:39:35 UTC,2026-06-20 07:39:02 UTC,2026-06-20 07:38:35 UTC,2026-06-20 07:38:09 UTC,2026-06-20 07:37:28 UTC,2026-06-20 07:37:22 UTC,2026-06-20 07:41:42 UTC,2026-06-20 07:41:42 UTC,2026-06-20 07:41:40 UTC,2026-06-20 07:41:39 UTC,NA,2026-06-20 07:40:56 UTC,2026-06-20 07:41:00 UTC,2026-06-20 07:41:00 UTC,2026-06-20 07:40:59 UTC,2026-06-20 07:40:59 UTC,2026-06-20 07:40:15 UTC,2026-06-20 07:39:38 UTC,2026-06-20 07:39:05 UTC,2026-06-20 07:38:39 UTC,2026-06-20 07:38:10 UTC,2026-06-20 07:37:44 UTC,2026-06-20 07:37:31 UTC,2026-06-20 07:37:13 UTC,2026-06-20 07:36:24 UTC,2026-06-20 07:36:02 UTC,2026-06-20 07:35:55 UTC,2026-06-20 07:41:43 UTC,2026-06-20 07:41:45 UTC,2026-06-20 07:41:30 UTC,2026-06-20 07:40:26 UTC,end_normal
b42605017b5672057e7c7262bd7d3510,2026-05-13 16:16:34 UTC,2026-05-13 16:18:50 UTC,2026-05-13 16:16:47 UTC,NA,NA,NA,NA,NA,NA,NA,NA,NA,NA,NA,NA,NA,NA,NA,NA,NA,NA,NA,NA,3,NA,3,hovedstaden,mellemlang_videre,1953,Kvinde,1566,NA,2026-05-13 16:17:26 UTC,NA,2026-05-13 16:17:20 UTC,2026-05-13 16:17:08 UTC,2026-05-13 16:17:03 UTC,2026-05-13 16:16:57 UTC,NA,NA,NA,NA,NA,NA,NA,NA,NA,NA,NA,NA,NA,NA,NA,NA,NA,NA,NA,NA,NA,NA,NA,NA,NA,NA,2026-05-13 16:17:09 UTC,2026-05-13 16:16:42 UTC,2026-05-13 16:16:34 UTC,NA,NA,NA,NA,issue_positions
b464c0c9e702a69555ce2231c5cd9822,2026-06-19 21:09:42 UTC,2026-06-19 21:15:02 UTC,2026-06-19 21:10:06 UTC,3,5,2,4,4,NA,1,1,2,2,2,NA,option_2,option_1,option_1,option_2,option_1,7,konservative,1,2,NA,1,midtjylland,erhvervsuddannelse,1995,Mand,1062,2026-06-19 21:11:01 UTC,2026-06-19 21:10:46 UTC,NA,2026-06-19 21:10:30 UTC,2026-06-19 21:10:18 UTC,2026-06-19 21:10:14 UTC,2026-06-19 21:10:12 UTC,NA,2026-06-19 21:13:33 UTC,2026-06-19 21:13:16 UTC,2026-06-19 21:12:51 UTC,2026-06-19 21:12:24 UTC,2026-06-19 21:12:02 UTC,2026-06-19 21:11:19 UTC,2026-06-19 21:11:14 UTC,2026-06-19 21:14:34 UTC,2026-06-19 21:14:31 UTC,2026-06-19 21:14:28 UTC,2026-06-19 21:14:26 UTC,NA,2026-06-19 21:14:11 UTC,2026-06-19 21:14:08 UTC,2026-06-19 21:14:02 UTC,2026-06-19 21:14:00 UTC,2026-06-19 21:13:58 UTC,2026-06-19 21:13:34 UTC,2026-06-19 21:13:17 UTC,2026-06-19 21:12:52 UTC,2026-06-19 21:12:27 UTC,2026-06-19 21:12:04 UTC,2026-06-19 21:11:25 UTC,2026-06-19 21:11:20 UTC,2026-06-19 21:11:08 UTC,2026-06-19 21:10:18 UTC,2026-06-19 21:10:02 UTC,2026-06-19 21:09:42 UTC,2026-06-19 21:14:37 UTC,2026-06-19 21:14:37 UTC,2026-06-19 21:14:12 UTC,2026-06-19 21:13:42 UTC,end_normal
b493efb4841a9fc0547f48a009d9b356,2026-06-19 18:32:22 UTC,2026-06-19 18:38:47 UTC,2026-06-19 18:32:39 UTC,NA,NA,NA,NA,NA,NA,2,3,3,3,2,NA,option_1,option_2,NA,option_1,option_1,7,socialdemokratiet,NA,3,NA,3,sjaelland,kort_videre,1969,Kvinde,1531,NA,2026-06-19 18:33:24 UTC,NA,2026-06-19 18:33:10 UTC,2026-06-19 18:33:00 UTC,2026-06-19 18:32:56 UTC,2026-06-19 18:32:46 UTC,NA,2026-06-19 18:36:02 UTC,2026-06-19 18:35:42 UTC,NA,2026-06-19 18:34:54 UTC,2026-06-19 18:34:40 UTC,2026-06-19 18:33:46 UTC,2026-06-19 18:33:38 UTC,NA,NA,NA,NA,NA,2026-06-19 18:37:07 UTC,2026-06-19 18:37:05 UTC,2026-06-19 18:37:01 UTC,2026-06-19 18:36:55 UTC,2026-06-19 18:36:49 UTC,2026-06-19 18:36:03 UTC,2026-06-19 18:35:42 UTC,2026-06-19 18:35:22 UTC,2026-06-19 18:34:59 UTC,2026-06-19 18:34:41 UTC,NA,2026-06-19 18:33:47 UTC,2026-06-19 18:33:24 UTC,2026-06-19 18:33:00 UTC,2026-06-19 18:32:35 UTC,2026-06-19 18:32:22 UTC,NA,2026-06-19 18:38:15 UTC,2026-06-19 18:37:08 UTC,2026-06-19 18:36:15 UTC,end_normal
b4ed6e9a087be0096ccc7599f28c334e,2026-06-19 19:05:23 UTC,2026-06-19 19:12:29 UTC,2026-06-19 19:05:37 UTC,1,1,1,2,1,NA,3,3,3,3,3,NA,option_2,NA,option_2,option_1,option_1,3,danmarksdemokraterne,3,2,NA,1,syddanmark,erhvervsuddannelse,1967,Kvinde,798,2026-06-19 19:06:17 UTC,2026-06-19 19:06:09 UTC,NA,2026-06-19 19:06:03 UTC,2026-06-19 19:05:52 UTC,2026-06-19 19:05:49 UTC,2026-06-19 19:05:43 UTC,NA,2026-06-19 19:08:28 UTC,NA,2026-06-19 19:07:53 UTC,2026-06-19 19:07:29 UTC,2026-06-19 19:07:12 UTC,2026-06-19 19:06:32 UTC,2026-06-19 19:06:27 UTC,2026-06-19 19:09:19 UTC,2026-06-19 19:09:18 UTC,2026-06-19 19:09:14 UTC,2026-06-19 19:09:13 UTC,NA,2026-06-19 19:09:00 UTC,2026-06-19 19:08:59 UTC,2026-06-19 19:08:58 UTC,2026-06-19 19:08:56 UTC,2026-06-19 19:08:54 UTC,2026-06-19 19:08:28 UTC,2026-06-19 19:08:12 UTC,NA,2026-06-19 19:07:29 UTC,2026-06-19 19:07:12 UTC,2026-06-19 19:06:42 UTC,NA,2026-06-19 19:06:17 UTC,2026-06-19 19:05:56 UTC,2026-06-19 19:05:32 UTC,2026-06-19 19:05:23 UTC,2026-06-19 19:09:19 UTC,2026-06-19 19:09:28 UTC,2026-06-19 19:09:02 UTC,2026-06-19 19:08:35 UTC,end_normal
b4f0870138d6b787f88707b27b5bc0b7,2026-06-20 21:49:43 UTC,2026-06-20 22:02:34 UTC,2026-06-20 21:49:56 UTC,NA,NA,NA,NA,NA,NA,2,2,2,4,3,NA,option_2,option_1,option_2,option_1,option_2,6,socialdemokratiet,3,2,3,2,sjaelland,mellemlang_videre,1961,Kvinde,1268,2026-06-20 21:51:10 UTC,2026-06-20 21:50:47 UTC,2026-06-20 21:50:37 UTC,2026-06-20 21:50:27 UTC,2026-06-20 21:50:16 UTC,2026-06-20 21:50:13 UTC,2026-06-20 21:50:04 UTC,NA,2026-06-20 21:53:59 UTC,2026-06-20 21:53:14 UTC,2026-06-20 21:52:50 UTC,2026-06-20 21:52:23 UTC,2026-06-20 21:52:04 UTC,2026-06-20 21:51:25 UTC,2026-06-20 21:51:21 UTC,NA,NA,NA,NA,NA,2026-06-20 21:54:54 UTC,2026-06-20 21:54:49 UTC,2026-06-20 21:54:45 UTC,2026-06-20 21:54:39 UTC,2026-06-20 21:54:35 UTC,2026-06-20 21:54:00 UTC,2026-06-20 21:53:28 UTC,2026-06-20 21:52:51 UTC,2026-06-20 21:52:25 UTC,2026-06-20 21:52:05 UTC,2026-06-20 21:51:35 UTC,2026-06-20 21:51:26 UTC,2026-06-20 21:51:13 UTC,2026-06-20 21:50:20 UTC,2026-06-20 21:49:51 UTC,2026-06-20 21:49:43 UTC,NA,NA,2026-06-20 21:54:56 UTC,2026-06-20 21:54:10 UTC,single_profile_2
b53ac858b9c959b9eee169d1497a9058,2026-05-13 19:15:04 UTC,2026-05-13 19:20:14 UTC,2026-05-13 19:15:18 UTC,5,4,4,4,4,NA,5,3,3,3,3,NA,option_2,option_1,option_1,option_1,option_2,0,konservative,NA,1,NA,1,hovedstaden,kort_videre,1999,Mand,1116,NA,2026-05-13 19:16:10 UTC,NA,2026-05-13 19:15:38 UTC,2026-05-13 19:15:26 UTC,2026-05-13 19:15:22 UTC,2026-05-13 19:15:20 UTC,NA,2026-05-13 19:18:45 UTC,2026-05-13 19:18:27 UTC,2026-05-13 19:18:11 UTC,2026-05-13 19:17:35 UTC,2026-05-13 19:17:19 UTC,2026-05-13 19:16:44 UTC,2026-05-13 19:16:38 UTC,2026-05-13 19:19:48 UTC,2026-05-13 19:19:49 UTC,2026-05-13 19:19:50 UTC,2026-05-13 19:19:50 UTC,NA,2026-05-13 19:19:28 UTC,2026-05-13 19:19:30 UTC,2026-05-13 19:19:38 UTC,2026-05-13 19:19:37 UTC,2026-05-13 19:19:36 UTC,2026-05-13 19:18:45 UTC,2026-05-13 19:18:32 UTC,2026-05-13 19:18:11 UTC,2026-05-13 19:17:35 UTC,2026-05-13 19:17:20 UTC,2026-05-13 19:16:49 UTC,2026-05-13 19:16:44 UTC,2026-05-13 19:16:11 UTC,2026-05-13 19:15:28 UTC,2026-05-13 19:15:13 UTC,2026-05-13 19:15:04 UTC,2026-05-13 19:19:47 UTC,2026-05-13 19:19:53 UTC,2026-05-13 19:19:39 UTC,2026-05-13 19:18:49 UTC,end_normal
b55934578715b3f856c9823afc179a93,2026-05-16 12:24:32 UTC,2026-05-16 12:28:37 UTC,2026-05-16 12:24:50 UTC,2,4,4,4,4,NA,4,4,4,4,4,NA,option_2,option_1,option_2,option_2,option_2,2,moderaterne,1,2,3,2,sjaelland,lang_videre,1975,Kvinde,1428,2026-05-16 12:25:41 UTC,2026-05-16 12:25:28 UTC,2026-05-16 12:25:21 UTC,2026-05-16 12:25:13 UTC,2026-05-16 12:25:04 UTC,2026-05-16 12:25:01 UTC,2026-05-16 12:24:56 UTC,NA,2026-05-16 12:27:13 UTC,2026-05-16 12:26:58 UTC,2026-05-16 12:26:45 UTC,2026-05-16 12:26:33 UTC,2026-05-16 12:26:14 UTC,2026-05-16 12:25:53 UTC,2026-05-16 12:25:49 UTC,2026-05-16 12:27:58 UTC,2026-05-16 12:27:57 UTC,2026-05-16 12:27:54 UTC,2026-05-16 12:27:52 UTC,NA,2026-05-16 12:27:40 UTC,2026-05-16 12:27:39 UTC,2026-05-16 12:27:34 UTC,2026-05-16 12:27:32 UTC,2026-05-16 12:27:30 UTC,2026-05-16 12:27:14 UTC,2026-05-16 12:27:00 UTC,2026-05-16 12:26:45 UTC,2026-05-16 12:26:35 UTC,2026-05-16 12:26:17 UTC,2026-05-16 12:26:00 UTC,2026-05-16 12:25:55 UTC,2026-05-16 12:25:43 UTC,2026-05-16 12:25:05 UTC,2026-05-16 12:24:46 UTC,2026-05-16 12:24:32 UTC,2026-05-16 12:27:59 UTC,2026-05-16 12:28:02 UTC,2026-05-16 12:27:41 UTC,2026-05-16 12:27:17 UTC,end_normal
b6052b1fec969a6e7aa69e2068690177,2026-05-17 19:38:39 UTC,2026-05-17 19:46:02 UTC,2026-05-17 19:38:50 UTC,NA,NA,NA,NA,NA,NA,NA,NA,NA,NA,NA,NA,NA,option_2,option_1,option_2,option_2,7,alternativet,NA,3,NA,3,hovedstaden,lang_videre,1988,Kvinde,45,NA,2026-05-17 19:39:21 UTC,NA,2026-05-17 19:39:14 UTC,2026-05-17 19:39:03 UTC,2026-05-17 19:39:00 UTC,2026-05-17 19:38:55 UTC,NA,NA,2026-05-17 19:41:52 UTC,2026-05-17 19:41:19 UTC,2026-05-17 19:40:51 UTC,2026-05-17 19:40:14 UTC,2026-05-17 19:39:37 UTC,2026-05-17 19:39:31 UTC,NA,NA,NA,NA,NA,NA,NA,NA,NA,NA,NA,2026-05-17 19:41:54 UTC,2026-05-17 19:41:31 UTC,2026-05-17 19:40:52 UTC,2026-05-17 19:40:15 UTC,2026-05-17 19:39:42 UTC,2026-05-17 19:39:39 UTC,2026-05-17 19:39:24 UTC,2026-05-17 19:39:05 UTC,2026-05-17 19:38:45 UTC,2026-05-17 19:38:39 UTC,NA,NA,NA,NA,cbc_q5_page
b62708a8a8ec6f57fda80a860082c6a5,2026-05-16 05:47:25 UTC,2026-05-16 05:48:29 UTC,2026-05-16 05:47:40 UTC,NA,NA,NA,NA,NA,NA,NA,NA,NA,NA,NA,NA,NA,NA,NA,NA,NA,NA,NA,NA,NA,NA,NA,hovedstaden,erhvervsuddannelse,1984,Kvinde,777,NA,NA,NA,NA,2026-05-16 05:47:59 UTC,2026-05-16 05:47:56 UTC,2026-05-16 05:47:45 UTC,NA,NA,NA,NA,NA,NA,NA,NA,NA,NA,NA,NA,NA,NA,NA,NA,NA,NA,NA,NA,NA,NA,NA,NA,NA,NA,2026-05-16 05:48:00 UTC,2026-05-16 05:47:35 UTC,2026-05-16 05:47:25 UTC,NA,NA,NA,NA,issue_positions
b63b6dc31e2d63eee258529e78c519a9,2026-06-19 21:36:56 UTC,2026-06-19 21:43:54 UTC,2026-06-19 21:37:08 UTC,3,3,4,3,3,NA,2,4,4,4,4,NA,option_2,option_2,option_1,option_2,option_2,6,enhedslisten,NA,3,NA,1,midtjylland,erhvervsuddannelse,1957,Mand,1850,NA,2026-06-19 21:38:28 UTC,NA,2026-06-19 21:38:00 UTC,2026-06-19 21:37:39 UTC,2026-06-19 21:37:36 UTC,2026-06-19 21:37:18 UTC,NA,2026-06-19 21:41:44 UTC,2026-06-19 21:41:22 UTC,2026-06-19 21:40:39 UTC,2026-06-19 21:40:17 UTC,2026-06-19 21:39:51 UTC,2026-06-19 21:38:53 UTC,2026-06-19 21:38:41 UTC,2026-06-19 21:43:29 UTC,2026-06-19 21:43:21 UTC,2026-06-19 21:43:18 UTC,2026-06-19 21:43:08 UTC,NA,2026-06-19 21:42:51 UTC,2026-06-19 21:42:45 UTC,2026-06-19 21:42:37 UTC,2026-06-19 21:42:31 UTC,2026-06-19 21:42:25 UTC,2026-06-19 21:41:46 UTC,2026-06-19 21:41:26 UTC,2026-06-19 21:40:40 UTC,2026-06-19 21:40:19 UTC,2026-06-19 21:39:51 UTC,2026-06-19 21:39:13 UTC,2026-06-19 21:38:57 UTC,2026-06-19 21:38:30 UTC,2026-06-19 21:37:42 UTC,2026-06-19 21:37:06 UTC,2026-06-19 21:36:56 UTC,2026-06-19 21:43:33 UTC,2026-06-19 21:43:33 UTC,2026-06-19 21:42:55 UTC,NA,end_normal
b65298088222863e94c16498d2ae3b99,2026-05-23 18:36:46 UTC,2026-05-23 18:48:49 UTC,2026-05-23 18:37:01 UTC,1,3,4,4,4,NA,1,3,4,4,3,NA,option_1,option_1,option_2,option_2,option_1,5,moderaterne,NA,3,3,2,midtjylland,erhvervsuddannelse,1956,Mand,1888,NA,2026-05-23 18:38:17 UTC,2026-05-23 18:38:02 UTC,2026-05-23 18:37:44 UTC,2026-05-23 18:37:25 UTC,2026-05-23 18:37:16 UTC,2026-05-23 18:37:10 UTC,NA,2026-05-23 18:41:58 UTC,2026-05-23 18:41:11 UTC,2026-05-23 18:40:40 UTC,2026-05-23 18:40:05 UTC,2026-05-23 18:39:34 UTC,2026-05-23 18:38:35 UTC,2026-05-23 18:38:27 UTC,2026-05-23 18:43:52 UTC,2026-05-23 18:43:48 UTC,2026-05-23 18:43:44 UTC,2026-05-23 18:43:41 UTC,NA,2026-05-23 18:43:14 UTC,2026-05-23 18:42:59 UTC,2026-05-23 18:42:55 UTC,2026-05-23 18:42:49 UTC,2026-05-23 18:42:41 UTC,2026-05-23 18:41:59 UTC,2026-05-23 18:41:15 UTC,2026-05-23 18:40:41 UTC,2026-05-23 18:40:08 UTC,2026-05-23 18:39:35 UTC,2026-05-23 18:38:53 UTC,2026-05-23 18:38:38 UTC,2026-05-23 18:38:18 UTC,2026-05-23 18:37:27 UTC,2026-05-23 18:36:57 UTC,2026-05-23 18:36:46 UTC,2026-05-23 18:43:54 UTC,2026-05-23 18:43:56 UTC,2026-05-23 18:43:17 UTC,2026-05-23 18:42:12 UTC,end_normal
b661b3ff6c44ece851faab9c6e41fd41,2026-06-20 11:34:17 UTC,2026-06-20 11:36:33 UTC,2026-06-20 11:34:57 UTC,NA,NA,NA,NA,NA,NA,NA,NA,NA,NA,NA,NA,NA,NA,NA,NA,NA,4,venstre,3,2,NA,3,midtjylland,mellemlang_videre,1978,Kvinde,1944,2026-06-20 11:35:51 UTC,2026-06-20 11:35:39 UTC,NA,2026-06-20 11:35:27 UTC,2026-06-20 11:35:15 UTC,2026-06-20 11:35:12 UTC,2026-06-20 11:35:04 UTC,NA,NA,NA,NA,NA,NA,2026-06-20 11:36:05 UTC,2026-06-20 11:36:01 UTC,NA,NA,NA,NA,NA,NA,NA,NA,NA,NA,NA,NA,NA,NA,NA,NA,2026-06-20 11:36:06 UTC,2026-06-20 11:35:52 UTC,2026-06-20 11:35:15 UTC,2026-06-20 11:34:53 UTC,2026-06-20 11:34:17 UTC,NA,NA,NA,NA,cbc_intro
b6a4cf60233d983cb5005c1d1f9c67a8,2026-06-20 12:43:50 UTC,2026-06-20 12:49:59 UTC,2026-06-20 12:44:10 UTC,3,3,3,4,4,NA,5,4,3,4,4,NA,option_1,option_1,option_2,option_1,option_2,3,radikale,1,2,NA,3,syddanmark,gymnasial,2008,Kvinde,1169,2026-06-20 12:45:11 UTC,2026-06-20 12:44:55 UTC,NA,2026-06-20 12:44:44 UTC,2026-06-20 12:44:29 UTC,2026-06-20 12:44:24 UTC,2026-06-20 12:44:16 UTC,NA,2026-06-20 12:48:00 UTC,2026-06-20 12:47:43 UTC,2026-06-20 12:47:20 UTC,2026-06-20 12:46:59 UTC,2026-06-20 12:46:40 UTC,2026-06-20 12:45:30 UTC,2026-06-20 12:45:20 UTC,2026-06-20 12:49:14 UTC,2026-06-20 12:49:08 UTC,2026-06-20 12:49:07 UTC,2026-06-20 12:49:05 UTC,NA,2026-06-20 12:48:54 UTC,2026-06-20 12:48:48 UTC,2026-06-20 12:48:44 UTC,2026-06-20 12:48:38 UTC,2026-06-20 12:48:35 UTC,2026-06-20 12:48:01 UTC,2026-06-20 12:47:43 UTC,2026-06-20 12:47:20 UTC,2026-06-20 12:47:00 UTC,2026-06-20 12:46:41 UTC,2026-06-20 12:45:47 UTC,2026-06-20 12:45:31 UTC,2026-06-20 12:45:14 UTC,2026-06-20 12:44:31 UTC,2026-06-20 12:44:01 UTC,2026-06-20 12:43:50 UTC,2026-06-20 12:49:15 UTC,2026-06-20 12:49:16 UTC,2026-06-20 12:48:55 UTC,2026-06-20 12:48:09 UTC,end_normal
b6abd47a36f5f5cafa99afebe1300612,2026-06-02 16:24:39 UTC,2026-06-02 16:32:13 UTC,2026-06-02 16:25:18 UTC,1,1,1,2,1,NA,1,1,2,3,2,NA,option_1,option_1,option_1,option_1,option_2,4,dansk_folkeparti,NA,1,NA,1,midtjylland,mellemlang_videre,1962,Kvinde,688,NA,2026-06-02 16:26:01 UTC,NA,2026-06-02 16:25:45 UTC,2026-06-02 16:25:32 UTC,2026-06-02 16:25:29 UTC,2026-06-02 16:25:25 UTC,NA,2026-06-02 16:29:40 UTC,2026-06-02 16:29:26 UTC,2026-06-02 16:28:46 UTC,2026-06-02 16:27:53 UTC,2026-06-02 16:27:24 UTC,2026-06-02 16:26:21 UTC,2026-06-02 16:26:14 UTC,2026-06-02 16:31:33 UTC,2026-06-02 16:31:31 UTC,2026-06-02 16:31:28 UTC,2026-06-02 16:31:24 UTC,NA,2026-06-02 16:31:04 UTC,2026-06-02 16:31:00 UTC,2026-06-02 16:30:56 UTC,2026-06-02 16:30:52 UTC,2026-06-02 16:30:46 UTC,2026-06-02 16:29:41 UTC,2026-06-02 16:29:27 UTC,2026-06-02 16:28:47 UTC,2026-06-02 16:27:56 UTC,2026-06-02 16:27:25 UTC,2026-06-02 16:26:39 UTC,2026-06-02 16:26:22 UTC,2026-06-02 16:26:04 UTC,2026-06-02 16:25:34 UTC,2026-06-02 16:25:12 UTC,2026-06-02 16:24:39 UTC,2026-06-02 16:31:34 UTC,2026-06-02 16:31:36 UTC,2026-06-02 16:31:05 UTC,2026-06-02 16:30:01 UTC,end_normal
b6e23596ee4c51cf01bff0a1e620cfb7,2026-06-19 18:15:11 UTC,2026-06-19 18:23:22 UTC,2026-06-19 18:15:42 UTC,2,5,5,4,4,NA,1,1,1,3,1,NA,option_2,option_1,option_2,option_2,option_1,6,moderaterne,3,2,1,2,midtjylland,mellemlang_videre,1964,Kvinde,728,2026-06-19 18:16:26 UTC,2026-06-19 18:16:14 UTC,2026-06-19 18:16:07 UTC,2026-06-19 18:16:02 UTC,2026-06-19 18:15:53 UTC,2026-06-19 18:15:50 UTC,2026-06-19 18:15:46 UTC,NA,2026-06-19 18:18:27 UTC,2026-06-19 18:18:09 UTC,2026-06-19 18:17:39 UTC,2026-06-19 18:17:26 UTC,2026-06-19 18:17:10 UTC,2026-06-19 18:16:36 UTC,2026-06-19 18:16:33 UTC,2026-06-19 18:19:47 UTC,2026-06-19 18:19:45 UTC,2026-06-19 18:19:41 UTC,2026-06-19 18:19:39 UTC,NA,2026-06-19 18:19:18 UTC,2026-06-19 18:19:14 UTC,2026-06-19 18:19:11 UTC,2026-06-19 18:19:07 UTC,2026-06-19 18:19:02 UTC,2026-06-19 18:18:27 UTC,2026-06-19 18:18:10 UTC,2026-06-19 18:17:41 UTC,NA,2026-06-19 18:17:14 UTC,2026-06-19 18:16:43 UTC,2026-06-19 18:16:37 UTC,2026-06-19 18:16:26 UTC,2026-06-19 18:15:54 UTC,2026-06-19 18:15:36 UTC,2026-06-19 18:15:11 UTC,2026-06-19 18:19:56 UTC,2026-06-19 18:19:58 UTC,2026-06-19 18:19:18 UTC,2026-06-19 18:18:33 UTC,end_normal
b6e66f37d12ff4745720321e49bef4a3,2026-05-21 15:37:49 UTC,2026-05-21 15:48:42 UTC,2026-05-21 15:40:29 UTC,5,3,3,4,4,NA,4,2,3,3,2,NA,option_1,option_1,option_2,option_2,option_1,7,sf,NA,3,3,2,sjaelland,gymnasial,2006,Mand,803,NA,2026-05-21 15:41:59 UTC,2026-05-21 15:41:33 UTC,2026-05-21 15:41:29 UTC,2026-05-21 15:41:19 UTC,2026-05-21 15:41:16 UTC,2026-05-21 15:40:33 UTC,NA,2026-05-21 15:46:09 UTC,2026-05-21 15:45:08 UTC,2026-05-21 15:44:58 UTC,2026-05-21 15:44:13 UTC,2026-05-21 15:43:02 UTC,2026-05-21 15:42:24 UTC,2026-05-21 15:42:15 UTC,2026-05-21 15:48:21 UTC,2026-05-21 15:48:05 UTC,2026-05-21 15:47:59 UTC,2026-05-21 15:47:50 UTC,NA,2026-05-21 15:47:29 UTC,2026-05-21 15:47:24 UTC,2026-05-21 15:47:40 UTC,2026-05-21 15:47:18 UTC,2026-05-21 15:46:27 UTC,2026-05-21 15:46:10 UTC,2026-05-21 15:45:19 UTC,2026-05-21 15:44:59 UTC,2026-05-21 15:44:14 UTC,2026-05-21 15:43:03 UTC,2026-05-21 15:42:34 UTC,2026-05-21 15:42:24 UTC,2026-05-21 15:42:09 UTC,2026-05-21 15:41:20 UTC,2026-05-21 15:40:24 UTC,2026-05-21 15:37:49 UTC,2026-05-21 15:48:19 UTC,2026-05-21 15:48:22 UTC,2026-05-21 15:47:41 UTC,2026-05-21 15:46:18 UTC,end_normal
b70f840ce1acaa42756c011be720edc8,2026-05-18 11:42:21 UTC,2026-05-18 11:50:18 UTC,2026-05-18 11:42:44 UTC,3,3,4,3,3,NA,1,3,2,3,3,NA,option_2,option_2,option_2,option_1,option_1,8,socialdemokratiet,3,2,NA,1,midtjylland,mellemlang_videre,1958,Kvinde,1591,2026-05-18 11:43:48 UTC,2026-05-18 11:43:34 UTC,NA,2026-05-18 11:43:18 UTC,2026-05-18 11:43:06 UTC,2026-05-18 11:42:59 UTC,2026-05-18 11:42:53 UTC,NA,2026-05-18 11:47:15 UTC,2026-05-18 11:46:35 UTC,2026-05-18 11:46:11 UTC,2026-05-18 11:45:51 UTC,2026-05-18 11:45:15 UTC,2026-05-18 11:44:07 UTC,2026-05-18 11:43:58 UTC,2026-05-18 11:49:11 UTC,2026-05-18 11:49:06 UTC,2026-05-18 11:49:00 UTC,2026-05-18 11:48:57 UTC,NA,2026-05-18 11:48:37 UTC,2026-05-18 11:48:25 UTC,2026-05-18 11:48:16 UTC,2026-05-18 11:48:10 UTC,2026-05-18 11:47:55 UTC,2026-05-18 11:47:16 UTC,2026-05-18 11:46:36 UTC,2026-05-18 11:46:12 UTC,2026-05-18 11:45:52 UTC,2026-05-18 11:45:16 UTC,2026-05-18 11:44:25 UTC,2026-05-18 11:44:08 UTC,2026-05-18 11:43:50 UTC,2026-05-18 11:43:07 UTC,2026-05-18 11:42:40 UTC,2026-05-18 11:42:21 UTC,2026-05-18 11:49:15 UTC,2026-05-18 11:49:17 UTC,2026-05-18 11:48:38 UTC,2026-05-18 11:47:26 UTC,end_normal
b730d9831045c3bac0c19cb6628ab8f2,2026-06-03 13:15:50 UTC,2026-06-03 13:23:42 UTC,2026-06-03 13:16:16 UTC,5,5,5,5,5,NA,1,2,3,4,4,NA,option_2,option_2,option_1,option_2,option_1,7,moderaterne,NA,3,1,2,midtjylland,erhvervsuddannelse,1954,Mand,1984,NA,2026-06-03 13:17:33 UTC,2026-06-03 13:17:21 UTC,2026-06-03 13:17:09 UTC,2026-06-03 13:16:56 UTC,2026-06-03 13:16:53 UTC,2026-06-03 13:16:26 UTC,NA,2026-06-03 13:20:44 UTC,2026-06-03 13:20:25 UTC,2026-06-03 13:19:59 UTC,2026-06-03 13:19:27 UTC,2026-06-03 13:18:43 UTC,2026-06-03 13:17:57 UTC,2026-06-03 13:17:43 UTC,2026-06-03 13:23:11 UTC,2026-06-03 13:23:07 UTC,2026-06-03 13:23:01 UTC,2026-06-03 13:22:59 UTC,NA,2026-06-03 13:22:42 UTC,2026-06-03 13:22:35 UTC,2026-06-03 13:22:32 UTC,2026-06-03 13:22:27 UTC,2026-06-03 13:22:20 UTC,2026-06-03 13:20:47 UTC,2026-06-03 13:20:28 UTC,2026-06-03 13:20:03 UTC,2026-06-03 13:19:28 UTC,2026-06-03 13:18:46 UTC,2026-06-03 13:18:15 UTC,2026-06-03 13:18:01 UTC,2026-06-03 13:17:34 UTC,2026-06-03 13:16:59 UTC,2026-06-03 13:16:11 UTC,2026-06-03 13:15:50 UTC,2026-06-03 13:23:14 UTC,2026-06-03 13:23:16 UTC,2026-06-03 13:22:44 UTC,2026-06-03 13:21:16 UTC,end_normal
b76e0f8f06582c5b8e249c1c39f6c3c1,2026-06-19 21:07:08 UTC,2026-06-19 21:10:12 UTC,2026-06-19 21:07:36 UTC,NA,NA,NA,NA,NA,NA,NA,NA,NA,NA,NA,NA,NA,NA,NA,NA,NA,6,sf,NA,3,3,2,midtjylland,mellemlang_videre,1967,Kvinde,1844,NA,2026-06-19 21:08:45 UTC,2026-06-19 21:08:30 UTC,2026-06-19 21:08:15 UTC,2026-06-19 21:08:01 UTC,2026-06-19 21:07:57 UTC,2026-06-19 21:07:48 UTC,NA,NA,NA,NA,NA,NA,2026-06-19 21:09:04 UTC,2026-06-19 21:08:58 UTC,NA,NA,NA,NA,NA,NA,NA,NA,NA,NA,NA,NA,NA,NA,NA,2026-06-19 21:09:16 UTC,2026-06-19 21:09:06 UTC,2026-06-19 21:08:46 UTC,2026-06-19 21:08:02 UTC,2026-06-19 21:07:31 UTC,2026-06-19 21:07:08 UTC,NA,NA,NA,NA,cbc_q1_page
b7908393d056e16299e83dfa881bc86f,2026-05-18 05:52:51 UTC,2026-05-18 05:57:06 UTC,2026-05-18 05:53:06 UTC,NA,NA,NA,NA,NA,NA,NA,NA,NA,NA,NA,NA,option_2,option_2,option_2,option_1,option_1,7,enhedslisten,NA,3,3,2,midtjylland,erhvervsuddannelse,2006,Kvinde,462,NA,2026-05-18 05:53:51 UTC,2026-05-18 05:53:40 UTC,2026-05-18 05:53:31 UTC,2026-05-18 05:53:18 UTC,2026-05-18 05:53:15 UTC,2026-05-18 05:53:09 UTC,NA,2026-05-18 05:56:08 UTC,2026-05-18 05:55:45 UTC,2026-05-18 05:55:20 UTC,2026-05-18 05:55:00 UTC,2026-05-18 05:54:28 UTC,2026-05-18 05:54:04 UTC,2026-05-18 05:53:59 UTC,NA,NA,NA,NA,NA,NA,NA,NA,NA,NA,2026-05-18 05:56:08 UTC,2026-05-18 05:55:53 UTC,2026-05-18 05:55:25 UTC,2026-05-18 05:55:04 UTC,2026-05-18 05:54:43 UTC,2026-05-18 05:54:09 UTC,2026-05-18 05:54:06 UTC,2026-05-18 05:53:52 UTC,2026-05-18 05:53:20 UTC,2026-05-18 05:53:02 UTC,2026-05-18 05:52:51 UTC,NA,NA,NA,2026-05-18 05:56:13 UTC,single_profile_1
b7d622b813ab2d651233a8fd4d7ed4df,2026-06-21 12:02:21 UTC,2026-06-21 12:03:52 UTC,2026-06-21 12:02:32 UTC,NA,NA,NA,NA,NA,NA,NA,NA,NA,NA,NA,NA,NA,NA,NA,NA,NA,NA,NA,NA,NA,NA,NA,midtjylland,erhvervsuddannelse,1981,Kvinde,1687,NA,NA,NA,NA,2026-06-21 12:02:54 UTC,2026-06-21 12:02:50 UTC,2026-06-21 12:02:40 UTC,NA,NA,NA,NA,NA,NA,NA,NA,NA,NA,NA,NA,NA,NA,NA,NA,NA,NA,NA,NA,NA,NA,NA,NA,NA,NA,2026-06-21 12:02:55 UTC,2026-06-21 12:02:27 UTC,2026-06-21 12:02:21 UTC,NA,NA,NA,NA,issue_positions
b7d873707454e8f331a6f386aeeba725,2026-05-19 13:44:37 UTC,2026-05-19 13:49:51 UTC,NA,NA,NA,NA,NA,NA,NA,NA,NA,NA,NA,NA,NA,NA,NA,NA,NA,NA,NA,NA,NA,NA,NA,NA,NA,NA,NA,NA,605,NA,NA,NA,NA,NA,NA,NA,NA,NA,NA,NA,NA,NA,NA,NA,NA,NA,NA,NA,NA,NA,NA,NA,NA,NA,NA,NA,NA,NA,NA,NA,NA,NA,NA,2026-05-19 13:44:46 UTC,2026-05-19 13:44:37 UTC,NA,NA,NA,NA,Background
b84ccd930747450b049abaf7060bf055,2026-06-19 20:01:25 UTC,2026-06-19 20:09:27 UTC,2026-06-19 20:01:52 UTC,NA,NA,NA,NA,NA,NA,4,4,3,4,4,NA,option_2,option_2,option_1,option_1,option_2,4,konservative,1,2,1,2,sjaelland,erhvervsuddannelse,1945,Mand,210,2026-06-19 20:03:44 UTC,2026-06-19 20:03:28 UTC,2026-06-19 20:03:15 UTC,2026-06-19 20:02:57 UTC,2026-06-19 20:02:43 UTC,2026-06-19 20:02:37 UTC,2026-06-19 20:02:16 UTC,NA,2026-06-19 20:07:56 UTC,2026-06-19 20:07:51 UTC,2026-06-19 20:06:49 UTC,2026-06-19 20:06:15 UTC,2026-06-19 20:05:44 UTC,2026-06-19 20:04:18 UTC,2026-06-19 20:04:07 UTC,NA,NA,NA,NA,NA,2026-06-19 20:08:46 UTC,2026-06-19 20:08:46 UTC,2026-06-19 20:08:42 UTC,2026-06-19 20:08:39 UTC,2026-06-19 20:08:36 UTC,2026-06-19 20:07:56 UTC,2026-06-19 20:07:51 UTC,2026-06-19 20:06:50 UTC,2026-06-19 20:06:17 UTC,2026-06-19 20:05:44 UTC,2026-06-19 20:04:34 UTC,2026-06-19 20:04:22 UTC,2026-06-19 20:03:45 UTC,2026-06-19 20:02:46 UTC,2026-06-19 20:01:47 UTC,2026-06-19 20:01:25 UTC,NA,NA,2026-06-19 20:08:47 UTC,2026-06-19 20:08:00 UTC,single_profile_2
b86aabbb09f8cf2e8e6a762a65221a1a,2026-06-19 20:20:58 UTC,2026-06-19 20:27:15 UTC,2026-06-19 20:22:48 UTC,1,3,4,2,2,NA,1,1,1,2,2,NA,option_1,option_1,option_2,option_1,option_2,9,sf,NA,3,1,2,syddanmark,gymnasial,2007,Mand,1467,NA,2026-06-19 20:23:28 UTC,2026-06-19 20:23:16 UTC,2026-06-19 20:23:08 UTC,2026-06-19 20:23:00 UTC,2026-06-19 20:22:55 UTC,2026-06-19 20:22:51 UTC,NA,2026-06-19 20:25:55 UTC,2026-06-19 20:25:28 UTC,2026-06-19 20:24:53 UTC,2026-06-19 20:24:34 UTC,2026-06-19 20:24:13 UTC,2026-06-19 20:23:35 UTC,2026-06-19 20:23:38 UTC,2026-06-19 20:26:55 UTC,2026-06-19 20:26:49 UTC,2026-06-19 20:26:46 UTC,2026-06-19 20:26:45 UTC,NA,2026-06-19 20:26:30 UTC,2026-06-19 20:26:28 UTC,2026-06-19 20:26:23 UTC,2026-06-19 20:26:20 UTC,2026-06-19 20:26:14 UTC,2026-06-19 20:25:57 UTC,2026-06-19 20:25:34 UTC,2026-06-19 20:24:53 UTC,2026-06-19 20:24:36 UTC,2026-06-19 20:24:15 UTC,2026-06-19 20:23:53 UTC,2026-06-19 20:23:49 UTC,2026-06-19 20:23:28 UTC,2026-06-19 20:23:00 UTC,2026-06-19 20:21:06 UTC,2026-06-19 20:20:58 UTC,2026-06-19 20:26:56 UTC,2026-06-19 20:26:56 UTC,2026-06-19 20:26:34 UTC,NA,end_normal
b89f68d93d8b54868da947d385a3b420,2026-06-19 21:22:11 UTC,2026-06-19 21:27:05 UTC,2026-06-19 21:22:28 UTC,1,3,3,1,2,NA,4,3,4,4,3,NA,option_1,option_2,option_1,option_2,option_1,8,konservative,NA,3,NA,1,hovedstaden,forsker,1996,Mand,1101,NA,2026-06-19 21:23:17 UTC,NA,2026-06-19 21:23:05 UTC,2026-06-19 21:22:55 UTC,2026-06-19 21:22:47 UTC,2026-06-19 21:22:42 UTC,NA,2026-06-19 21:25:27 UTC,2026-06-19 21:25:06 UTC,2026-06-19 21:24:44 UTC,2026-06-19 21:24:21 UTC,2026-06-19 21:24:00 UTC,2026-06-19 21:23:33 UTC,2026-06-19 21:23:27 UTC,2026-06-19 21:26:34 UTC,2026-06-19 21:26:30 UTC,2026-06-19 21:26:27 UTC,2026-06-19 21:26:23 UTC,NA,2026-06-19 21:26:08 UTC,2026-06-19 21:26:05 UTC,2026-06-19 21:26:02 UTC,2026-06-19 21:26:00 UTC,2026-06-19 21:25:59 UTC,2026-06-19 21:25:29 UTC,2026-06-19 21:25:08 UTC,2026-06-19 21:24:46 UTC,2026-06-19 21:24:30 UTC,2026-06-19 21:24:03 UTC,2026-06-19 21:23:42 UTC,2026-06-19 21:23:36 UTC,2026-06-19 21:23:19 UTC,2026-06-19 21:22:56 UTC,2026-06-19 21:22:20 UTC,2026-06-19 21:22:11 UTC,2026-06-19 21:26:36 UTC,2026-06-19 21:26:39 UTC,2026-06-19 21:26:11 UTC,2026-06-19 21:25:40 UTC,end_normal
b8e354d2d28af0c15a6b7285c98ed94a,2026-06-19 21:15:39 UTC,2026-06-19 21:28:36 UTC,2026-06-19 21:15:57 UTC,1,3,5,5,5,NA,1,4,1,2,1,NA,option_2,option_1,option_1,option_2,option_1,3,alternativet,NA,3,3,2,midtjylland,mellemlang_videre,1969,Mand,464,NA,2026-06-19 21:17:57 UTC,2026-06-19 21:17:37 UTC,2026-06-19 21:17:19 UTC,2026-06-19 21:16:29 UTC,2026-06-19 21:16:21 UTC,2026-06-19 21:16:58 UTC,NA,2026-06-19 21:23:58 UTC,2026-06-19 21:23:19 UTC,2026-06-19 21:22:08 UTC,2026-06-19 21:20:57 UTC,2026-06-19 21:19:46 UTC,2026-06-19 21:18:21 UTC,2026-06-19 21:18:10 UTC,2026-06-19 21:27:45 UTC,2026-06-19 21:26:21 UTC,2026-06-19 21:26:17 UTC,2026-06-19 21:26:09 UTC,NA,2026-06-19 21:25:38 UTC,2026-06-19 21:25:32 UTC,2026-06-19 21:25:15 UTC,2026-06-19 21:25:09 UTC,2026-06-19 21:25:03 UTC,2026-06-19 21:24:00 UTC,2026-06-19 21:23:20 UTC,2026-06-19 21:22:09 UTC,2026-06-19 21:20:59 UTC,2026-06-19 21:19:48 UTC,2026-06-19 21:18:47 UTC,2026-06-19 21:18:23 UTC,2026-06-19 21:18:00 UTC,2026-06-19 21:17:01 UTC,2026-06-19 21:15:51 UTC,2026-06-19 21:15:39 UTC,2026-06-19 21:27:50 UTC,2026-06-19 21:27:51 UTC,2026-06-19 21:25:38 UTC,2026-06-19 21:24:18 UTC,end_normal
b8e42fe35777427a7320d0ac67784115,2026-05-16 17:46:01 UTC,2026-05-16 17:53:00 UTC,2026-05-16 17:46:13 UTC,1,1,1,3,1,NA,3,3,3,3,3,NA,option_1,option_1,option_1,option_2,option_2,8,socialdemokratiet,3,2,1,2,sjaelland,mellemlang_videre,1968,Kvinde,1940,2026-05-16 17:47:12 UTC,2026-05-16 17:47:06 UTC,2026-05-16 17:46:59 UTC,2026-05-16 17:46:40 UTC,2026-05-16 17:46:26 UTC,2026-05-16 17:46:21 UTC,2026-05-16 17:46:19 UTC,NA,2026-05-16 17:51:01 UTC,2026-05-16 17:49:49 UTC,2026-05-16 17:49:18 UTC,2026-05-16 17:48:50 UTC,2026-05-16 17:48:04 UTC,2026-05-16 17:47:29 UTC,2026-05-16 17:47:24 UTC,2026-05-16 17:52:32 UTC,2026-05-16 17:52:29 UTC,2026-05-16 17:52:27 UTC,2026-05-16 17:52:23 UTC,NA,2026-05-16 17:52:07 UTC,2026-05-16 17:51:55 UTC,2026-05-16 17:51:52 UTC,2026-05-16 17:51:52 UTC,2026-05-16 17:51:44 UTC,2026-05-16 17:51:01 UTC,2026-05-16 17:49:51 UTC,2026-05-16 17:49:19 UTC,2026-05-16 17:48:55 UTC,2026-05-16 17:48:05 UTC,2026-05-16 17:47:34 UTC,2026-05-16 17:47:30 UTC,2026-05-16 17:47:13 UTC,2026-05-16 17:46:27 UTC,2026-05-16 17:46:10 UTC,2026-05-16 17:46:01 UTC,2026-05-16 17:52:35 UTC,2026-05-16 17:52:35 UTC,2026-05-16 17:52:07 UTC,2026-05-16 17:51:06 UTC,end_normal
b92bc4f1d6db293f55afcfea791c64b9,2026-05-20 08:35:17 UTC,2026-05-20 08:41:05 UTC,2026-05-20 08:35:42 UTC,2,2,2,2,2,NA,2,4,4,4,4,NA,option_1,option_2,option_2,option_2,option_2,3,konservative,NA,1,NA,1,sjaelland,kort_videre,1970,Kvinde,1178,NA,2026-05-20 08:36:18 UTC,NA,2026-05-20 08:36:11 UTC,2026-05-20 08:36:01 UTC,2026-05-20 08:35:58 UTC,2026-05-20 08:35:53 UTC,NA,2026-05-20 08:38:59 UTC,2026-05-20 08:38:31 UTC,2026-05-20 08:38:10 UTC,2026-05-20 08:37:45 UTC,2026-05-20 08:37:25 UTC,2026-05-20 08:36:42 UTC,2026-05-20 08:36:37 UTC,2026-05-20 08:40:28 UTC,2026-05-20 08:40:26 UTC,2026-05-20 08:40:24 UTC,2026-05-20 08:40:21 UTC,NA,2026-05-20 08:40:01 UTC,2026-05-20 08:39:55 UTC,2026-05-20 08:39:50 UTC,2026-05-20 08:39:46 UTC,2026-05-20 08:39:42 UTC,2026-05-20 08:39:00 UTC,2026-05-20 08:38:32 UTC,2026-05-20 08:38:13 UTC,2026-05-20 08:37:46 UTC,2026-05-20 08:37:25 UTC,2026-05-20 08:36:56 UTC,2026-05-20 08:36:46 UTC,2026-05-20 08:36:20 UTC,2026-05-20 08:36:02 UTC,2026-05-20 08:35:38 UTC,2026-05-20 08:35:17 UTC,2026-05-20 08:40:29 UTC,2026-05-20 08:40:30 UTC,2026-05-20 08:40:04 UTC,2026-05-20 08:39:11 UTC,end_normal
b9a5dcd5e6733c10c0b0293c427f62b7,2026-05-18 08:44:29 UTC,2026-05-18 08:48:19 UTC,2026-05-18 08:44:40 UTC,NA,NA,NA,NA,NA,NA,1,1,1,1,1,NA,option_1,option_1,option_1,option_1,option_1,7,sf,NA,3,NA,1,syddanmark,mellemlang_videre,1965,Kvinde,1399,NA,2026-05-18 08:45:26 UTC,NA,2026-05-18 08:45:15 UTC,2026-05-18 08:45:05 UTC,2026-05-18 08:44:57 UTC,2026-05-18 08:44:48 UTC,NA,2026-05-18 08:47:13 UTC,2026-05-18 08:46:36 UTC,2026-05-18 08:46:29 UTC,2026-05-18 08:46:18 UTC,2026-05-18 08:46:06 UTC,2026-05-18 08:45:42 UTC,2026-05-18 08:45:36 UTC,NA,NA,NA,NA,NA,2026-05-18 08:47:58 UTC,2026-05-18 08:47:55 UTC,2026-05-18 08:47:51 UTC,2026-05-18 08:47:48 UTC,2026-05-18 08:47:44 UTC,2026-05-18 08:47:18 UTC,2026-05-18 08:46:36 UTC,2026-05-18 08:46:29 UTC,2026-05-18 08:46:18 UTC,2026-05-18 08:46:06 UTC,2026-05-18 08:45:47 UTC,2026-05-18 08:45:44 UTC,2026-05-18 08:45:29 UTC,2026-05-18 08:45:06 UTC,2026-05-18 08:44:37 UTC,2026-05-18 08:44:29 UTC,NA,NA,2026-05-18 08:47:58 UTC,2026-05-18 08:47:20 UTC,single_profile_2
b9c08ff9606de739c10806b572ec104e,2026-05-12 13:49:36 UTC,2026-05-12 13:56:17 UTC,2026-05-12 13:49:51 UTC,2,4,4,4,3,NA,1,1,1,1,2,NA,option_2,option_1,option_2,option_1,option_1,8,sf,NA,3,NA,1,midtjylland,erhvervsuddannelse,1974,Kvinde,126,NA,2026-05-12 13:50:29 UTC,NA,2026-05-12 13:50:20 UTC,2026-05-12 13:50:07 UTC,2026-05-12 13:50:06 UTC,2026-05-12 13:50:01 UTC,NA,2026-05-12 13:53:41 UTC,2026-05-12 13:52:51 UTC,2026-05-12 13:52:33 UTC,2026-05-12 13:52:13 UTC,2026-05-12 13:51:42 UTC,2026-05-12 13:50:44 UTC,2026-05-12 13:50:38 UTC,2026-05-12 13:55:34 UTC,2026-05-12 13:55:32 UTC,2026-05-12 13:55:25 UTC,2026-05-12 13:55:12 UTC,NA,2026-05-12 13:54:48 UTC,2026-05-12 13:54:41 UTC,2026-05-12 13:54:35 UTC,2026-05-12 13:54:33 UTC,2026-05-12 13:54:25 UTC,2026-05-12 13:53:43 UTC,2026-05-12 13:53:01 UTC,2026-05-12 13:52:35 UTC,2026-05-12 13:52:15 UTC,2026-05-12 13:51:44 UTC,2026-05-12 13:51:00 UTC,2026-05-12 13:50:46 UTC,2026-05-12 13:50:29 UTC,2026-05-12 13:50:09 UTC,2026-05-12 13:49:46 UTC,2026-05-12 13:49:36 UTC,2026-05-12 13:55:41 UTC,2026-05-12 13:55:45 UTC,2026-05-12 13:54:50 UTC,2026-05-12 13:53:53 UTC,end_normal
ba0d2355b6be0613033616796669412b,2026-05-13 15:21:47 UTC,2026-05-13 15:28:02 UTC,2026-05-13 15:22:03 UTC,4,4,4,4,4,NA,2,2,4,4,2,NA,option_2,option_2,option_1,option_1,option_2,7,radikale,3,2,NA,3,hovedstaden,mellemlang_videre,1998,Kvinde,977,2026-05-13 15:23:37 UTC,2026-05-13 15:22:42 UTC,NA,2026-05-13 15:22:33 UTC,2026-05-13 15:22:21 UTC,2026-05-13 15:22:19 UTC,2026-05-13 15:22:07 UTC,NA,2026-05-13 15:26:10 UTC,2026-05-13 15:25:40 UTC,2026-05-13 15:25:23 UTC,2026-05-13 15:24:58 UTC,2026-05-13 15:24:30 UTC,2026-05-13 15:23:48 UTC,2026-05-13 15:23:43 UTC,2026-05-13 15:27:20 UTC,2026-05-13 15:27:19 UTC,2026-05-13 15:27:17 UTC,2026-05-13 15:27:15 UTC,NA,2026-05-13 15:27:00 UTC,2026-05-13 15:26:55 UTC,2026-05-13 15:26:52 UTC,2026-05-13 15:26:47 UTC,2026-05-13 15:26:45 UTC,2026-05-13 15:26:12 UTC,2026-05-13 15:25:40 UTC,2026-05-13 15:25:25 UTC,2026-05-13 15:24:59 UTC,2026-05-13 15:24:31 UTC,2026-05-13 15:23:56 UTC,2026-05-13 15:23:50 UTC,2026-05-13 15:23:37 UTC,2026-05-13 15:22:22 UTC,2026-05-13 15:21:58 UTC,2026-05-13 15:21:47 UTC,2026-05-13 15:27:22 UTC,2026-05-13 15:27:23 UTC,2026-05-13 15:27:01 UTC,2026-05-13 15:26:17 UTC,end_normal
ba48c523070cf4d496c8388bca751e60,2026-05-21 08:05:33 UTC,2026-05-21 08:14:17 UTC,2026-05-21 08:05:57 UTC,3,3,3,3,3,NA,3,3,3,3,3,NA,option_1,option_2,option_1,option_1,option_1,8,sf,NA,3,NA,3,midtjylland,lang_videre,1982,Mand,1009,NA,2026-05-21 08:06:32 UTC,NA,2026-05-21 08:06:28 UTC,2026-05-21 08:06:08 UTC,2026-05-21 08:06:05 UTC,2026-05-21 08:06:02 UTC,NA,2026-05-21 08:12:09 UTC,2026-05-21 08:11:38 UTC,2026-05-21 08:11:16 UTC,2026-05-21 08:10:37 UTC,2026-05-21 08:10:04 UTC,2026-05-21 08:08:10 UTC,2026-05-21 08:06:39 UTC,2026-05-21 08:13:41 UTC,2026-05-21 08:13:40 UTC,2026-05-21 08:13:39 UTC,2026-05-21 08:13:39 UTC,NA,2026-05-21 08:13:24 UTC,2026-05-21 08:13:23 UTC,2026-05-21 08:13:22 UTC,2026-05-21 08:13:21 UTC,2026-05-21 08:13:21 UTC,2026-05-21 08:12:10 UTC,2026-05-21 08:11:41 UTC,2026-05-21 08:11:17 UTC,2026-05-21 08:10:41 UTC,2026-05-21 08:10:05 UTC,2026-05-21 08:08:20 UTC,2026-05-21 08:08:11 UTC,2026-05-21 08:06:33 UTC,2026-05-21 08:06:09 UTC,2026-05-21 08:05:51 UTC,2026-05-21 08:05:33 UTC,2026-05-21 08:13:41 UTC,2026-05-21 08:13:43 UTC,2026-05-21 08:13:24 UTC,2026-05-21 08:12:18 UTC,end_normal
ba6d998c536306cdb640601aecb42282,2026-05-17 20:54:16 UTC,2026-05-17 20:58:43 UTC,2026-05-17 20:54:26 UTC,4,4,4,4,5,NA,4,3,4,4,3,NA,option_1,option_1,option_2,option_1,option_2,8,venstre,NA,1,NA,1,sjaelland,anden,1978,Mand,375,NA,2026-05-17 20:55:01 UTC,NA,2026-05-17 20:54:51 UTC,2026-05-17 20:54:41 UTC,2026-05-17 20:54:38 UTC,2026-05-17 20:54:31 UTC,NA,2026-05-17 20:57:15 UTC,2026-05-17 20:56:49 UTC,2026-05-17 20:56:33 UTC,2026-05-17 20:56:07 UTC,2026-05-17 20:55:40 UTC,2026-05-17 20:55:13 UTC,2026-05-17 20:55:09 UTC,2026-05-17 20:58:10 UTC,2026-05-17 20:58:08 UTC,2026-05-17 20:58:05 UTC,2026-05-17 20:58:01 UTC,NA,2026-05-17 20:57:47 UTC,2026-05-17 20:57:41 UTC,2026-05-17 20:57:38 UTC,2026-05-17 20:57:37 UTC,2026-05-17 20:57:32 UTC,2026-05-17 20:57:16 UTC,2026-05-17 20:56:50 UTC,2026-05-17 20:56:34 UTC,2026-05-17 20:56:08 UTC,2026-05-17 20:55:40 UTC,2026-05-17 20:55:19 UTC,2026-05-17 20:55:14 UTC,2026-05-17 20:55:02 UTC,2026-05-17 20:54:44 UTC,2026-05-17 20:54:22 UTC,2026-05-17 20:54:16 UTC,2026-05-17 20:58:13 UTC,2026-05-17 20:58:13 UTC,2026-05-17 20:57:49 UTC,2026-05-17 20:57:20 UTC,end_normal
ba83c9744750b9bc6191aa4a6ac146a7,2026-05-23 10:15:54 UTC,2026-05-23 10:16:46 UTC,2026-05-23 10:16:03 UTC,NA,NA,NA,NA,NA,NA,NA,NA,NA,NA,NA,NA,NA,NA,NA,NA,NA,NA,NA,NA,NA,NA,NA,hovedstaden,lang_videre,2000,Kvinde,951,NA,NA,NA,NA,2026-05-23 10:16:21 UTC,2026-05-23 10:16:16 UTC,2026-05-23 10:16:09 UTC,NA,NA,NA,NA,NA,NA,NA,NA,NA,NA,NA,NA,NA,NA,NA,NA,NA,NA,NA,NA,NA,NA,NA,NA,NA,NA,2026-05-23 10:16:21 UTC,2026-05-23 10:15:59 UTC,2026-05-23 10:15:54 UTC,NA,NA,NA,NA,issue_positions
baa00cf45436a837cf51204dfc9e0d94,2026-05-17 13:08:18 UTC,2026-05-17 13:15:04 UTC,2026-05-17 13:08:40 UTC,2,4,3,2,2,NA,3,5,4,4,3,NA,option_2,option_2,option_2,option_2,option_1,3,danmarksdemokraterne,NA,3,NA,3,syddanmark,grundskole,2001,Kvinde,1540,NA,2026-05-17 13:09:33 UTC,NA,2026-05-17 13:09:16 UTC,2026-05-17 13:09:03 UTC,2026-05-17 13:08:58 UTC,2026-05-17 13:08:46 UTC,NA,2026-05-17 13:13:08 UTC,2026-05-17 13:12:53 UTC,2026-05-17 13:12:14 UTC,2026-05-17 13:11:46 UTC,2026-05-17 13:11:14 UTC,2026-05-17 13:10:19 UTC,2026-05-17 13:09:54 UTC,2026-05-17 13:14:39 UTC,2026-05-17 13:14:35 UTC,2026-05-17 13:14:29 UTC,2026-05-17 13:14:26 UTC,NA,2026-05-17 13:14:09 UTC,2026-05-17 13:14:03 UTC,2026-05-17 13:13:57 UTC,2026-05-17 13:13:51 UTC,2026-05-17 13:13:45 UTC,2026-05-17 13:13:11 UTC,2026-05-17 13:12:53 UTC,2026-05-17 13:12:26 UTC,2026-05-17 13:11:48 UTC,2026-05-17 13:11:18 UTC,NA,2026-05-17 13:10:20 UTC,2026-05-17 13:09:34 UTC,2026-05-17 13:09:04 UTC,2026-05-17 13:08:35 UTC,2026-05-17 13:08:18 UTC,2026-05-17 13:14:43 UTC,2026-05-17 13:14:44 UTC,2026-05-17 13:14:09 UTC,2026-05-17 13:13:13 UTC,end_normal
bb3ad96c2290b1b5646754315e8a43c4,2026-05-17 20:49:17 UTC,2026-05-17 20:54:11 UTC,2026-05-17 20:49:33 UTC,1,1,1,1,1,NA,1,1,1,1,1,NA,option_1,option_1,option_1,option_1,option_1,5,enhedslisten,NA,3,NA,1,midtjylland,mellemlang_videre,1968,Kvinde,358,NA,2026-05-17 20:50:16 UTC,NA,2026-05-17 20:50:05 UTC,2026-05-17 20:49:47 UTC,2026-05-17 20:49:43 UTC,2026-05-17 20:49:40 UTC,NA,2026-05-17 20:52:24 UTC,2026-05-17 20:52:09 UTC,2026-05-17 20:51:49 UTC,2026-05-17 20:51:31 UTC,2026-05-17 20:51:16 UTC,2026-05-17 20:50:33 UTC,2026-05-17 20:50:27 UTC,2026-05-17 20:53:48 UTC,2026-05-17 20:53:48 UTC,2026-05-17 20:53:44 UTC,2026-05-17 20:53:40 UTC,NA,2026-05-17 20:53:12 UTC,2026-05-17 20:53:07 UTC,2026-05-17 20:53:08 UTC,2026-05-17 20:53:04 UTC,2026-05-17 20:52:55 UTC,2026-05-17 20:52:26 UTC,2026-05-17 20:52:10 UTC,2026-05-17 20:51:50 UTC,2026-05-17 20:51:35 UTC,2026-05-17 20:51:17 UTC,2026-05-17 20:50:42 UTC,2026-05-17 20:50:34 UTC,2026-05-17 20:50:17 UTC,2026-05-17 20:49:48 UTC,2026-05-17 20:49:28 UTC,2026-05-17 20:49:17 UTC,2026-05-17 20:53:49 UTC,2026-05-17 20:53:50 UTC,2026-05-17 20:53:17 UTC,2026-05-17 20:52:34 UTC,end_normal
bbf8e14be0d6653670ee322f8a856778,2026-05-23 12:15:32 UTC,2026-05-23 12:21:12 UTC,2026-05-23 12:15:51 UTC,1,1,1,1,1,NA,1,1,1,1,1,NA,option_2,option_1,option_1,option_2,option_1,0,stemte_ikke,3,2,NA,3,midtjylland,gymnasial,1980,Mand,1298,2026-05-23 12:16:53 UTC,2026-05-23 12:16:37 UTC,NA,2026-05-23 12:16:23 UTC,2026-05-23 12:16:12 UTC,2026-05-23 12:16:09 UTC,2026-05-23 12:15:58 UTC,NA,2026-05-23 12:19:45 UTC,2026-05-23 12:19:23 UTC,2026-05-23 12:18:56 UTC,2026-05-23 12:18:36 UTC,2026-05-23 12:18:06 UTC,2026-05-23 12:17:03 UTC,2026-05-23 12:17:18 UTC,2026-05-23 12:20:45 UTC,2026-05-23 12:20:44 UTC,2026-05-23 12:20:44 UTC,2026-05-23 12:20:42 UTC,NA,2026-05-23 12:20:24 UTC,2026-05-23 12:20:21 UTC,2026-05-23 12:20:20 UTC,2026-05-23 12:20:18 UTC,2026-05-23 12:20:17 UTC,2026-05-23 12:19:46 UTC,2026-05-23 12:19:24 UTC,2026-05-23 12:18:57 UTC,2026-05-23 12:18:38 UTC,2026-05-23 12:18:09 UTC,2026-05-23 12:17:41 UTC,2026-05-23 12:17:22 UTC,2026-05-23 12:16:56 UTC,2026-05-23 12:16:13 UTC,2026-05-23 12:15:47 UTC,2026-05-23 12:15:32 UTC,2026-05-23 12:20:45 UTC,2026-05-23 12:20:46 UTC,2026-05-23 12:20:25 UTC,2026-05-23 12:19:59 UTC,end_normal
bc2d1d2be2ae379b51a8399e301d62ea,2026-05-23 13:01:27 UTC,2026-05-23 13:06:43 UTC,2026-05-23 13:01:39 UTC,1,2,3,2,4,NA,1,2,3,4,4,NA,option_1,option_2,option_1,option_2,option_1,7,sf,NA,3,NA,1,midtjylland,lang_videre,1960,Kvinde,740,NA,2026-05-23 13:02:22 UTC,NA,2026-05-23 13:02:15 UTC,2026-05-23 13:02:00 UTC,2026-05-23 13:01:55 UTC,2026-05-23 13:01:49 UTC,NA,2026-05-23 13:04:46 UTC,2026-05-23 13:04:24 UTC,2026-05-23 13:04:00 UTC,2026-05-23 13:03:38 UTC,2026-05-23 13:03:11 UTC,2026-05-23 13:02:39 UTC,2026-05-23 13:02:32 UTC,2026-05-23 13:06:10 UTC,2026-05-23 13:06:07 UTC,2026-05-23 13:06:03 UTC,2026-05-23 13:05:55 UTC,NA,2026-05-23 13:05:38 UTC,2026-05-23 13:05:30 UTC,2026-05-23 13:05:27 UTC,2026-05-23 13:05:23 UTC,2026-05-23 13:05:20 UTC,2026-05-23 13:04:48 UTC,2026-05-23 13:04:26 UTC,2026-05-23 13:04:02 UTC,2026-05-23 13:03:41 UTC,NA,2026-05-23 13:02:49 UTC,2026-05-23 13:02:40 UTC,2026-05-23 13:02:22 UTC,2026-05-23 13:02:01 UTC,2026-05-23 13:01:35 UTC,2026-05-23 13:01:27 UTC,2026-05-23 13:06:14 UTC,2026-05-23 13:06:15 UTC,2026-05-23 13:05:38 UTC,2026-05-23 13:04:53 UTC,end_normal
bca5fcb03ce33bc1b24129a4a16714e3,2026-05-13 16:40:41 UTC,2026-05-13 16:50:09 UTC,2026-05-13 16:41:04 UTC,3,3,4,4,4,NA,1,1,1,3,2,NA,option_2,option_2,option_1,option_1,option_1,5,sf,3,2,3,2,hovedstaden,lang_videre,1998,Mand,907,2026-05-13 16:42:07 UTC,2026-05-13 16:42:03 UTC,2026-05-13 16:41:46 UTC,2026-05-13 16:41:41 UTC,2026-05-13 16:41:19 UTC,2026-05-13 16:41:16 UTC,2026-05-13 16:41:08 UTC,NA,2026-05-13 16:44:24 UTC,2026-05-13 16:44:12 UTC,2026-05-13 16:43:58 UTC,2026-05-13 16:43:30 UTC,2026-05-13 16:43:08 UTC,2026-05-13 16:42:18 UTC,2026-05-13 16:42:14 UTC,2026-05-13 16:45:56 UTC,2026-05-13 16:45:54 UTC,2026-05-13 16:45:48 UTC,2026-05-13 16:45:41 UTC,NA,2026-05-13 16:45:21 UTC,2026-05-13 16:45:20 UTC,2026-05-13 16:45:10 UTC,2026-05-13 16:45:01 UTC,2026-05-13 16:44:50 UTC,2026-05-13 16:44:24 UTC,2026-05-13 16:44:12 UTC,2026-05-13 16:43:59 UTC,2026-05-13 16:43:33 UTC,2026-05-13 16:43:15 UTC,2026-05-13 16:42:36 UTC,2026-05-13 16:42:23 UTC,2026-05-13 16:42:09 UTC,2026-05-13 16:41:21 UTC,2026-05-13 16:40:59 UTC,2026-05-13 16:40:41 UTC,2026-05-13 16:46:11 UTC,2026-05-13 16:46:11 UTC,2026-05-13 16:45:24 UTC,2026-05-13 16:44:32 UTC,end_normal
bcc4679b42eeec3a8ddc9a3b0700f5a2,2026-05-18 15:42:41 UTC,2026-05-18 15:50:43 UTC,2026-05-18 15:42:55 UTC,1,1,1,1,1,NA,4,4,4,4,3,NA,option_1,option_2,option_1,option_2,option_2,6,dansk_folkeparti,NA,3,NA,1,midtjylland,mellemlang_videre,1973,Kvinde,1837,NA,2026-05-18 15:43:35 UTC,NA,2026-05-18 15:43:25 UTC,2026-05-18 15:43:16 UTC,2026-05-18 15:43:13 UTC,2026-05-18 15:43:04 UTC,NA,2026-05-18 15:48:08 UTC,2026-05-18 15:47:15 UTC,2026-05-18 15:46:37 UTC,2026-05-18 15:45:30 UTC,2026-05-18 15:44:53 UTC,2026-05-18 15:43:58 UTC,2026-05-18 15:43:47 UTC,2026-05-18 15:50:10 UTC,2026-05-18 15:50:04 UTC,2026-05-18 15:50:03 UTC,2026-05-18 15:49:54 UTC,NA,2026-05-18 15:49:22 UTC,2026-05-18 15:49:13 UTC,2026-05-18 15:49:31 UTC,2026-05-18 15:49:03 UTC,2026-05-18 15:48:51 UTC,2026-05-18 15:48:10 UTC,2026-05-18 15:47:16 UTC,2026-05-18 15:46:40 UTC,2026-05-18 15:45:33 UTC,2026-05-18 15:44:54 UTC,2026-05-18 15:44:08 UTC,2026-05-18 15:43:59 UTC,2026-05-18 15:43:35 UTC,2026-05-18 15:43:17 UTC,2026-05-18 15:42:51 UTC,2026-05-18 15:42:41 UTC,2026-05-18 15:50:15 UTC,2026-05-18 15:50:16 UTC,2026-05-18 15:49:32 UTC,2026-05-18 15:48:18 UTC,end_normal
bd126b0c670e909f8aeb0e9493dcbb27,2026-05-20 08:33:58 UTC,2026-05-20 08:39:08 UTC,2026-05-20 08:34:13 UTC,1,4,3,4,4,NA,3,4,4,3,4,NA,option_2,option_1,option_1,option_1,option_2,6,danmarksdemokraterne,3,2,1,2,sjaelland,erhvervsuddannelse,1965,Mand,1366,2026-05-20 08:35:02 UTC,2026-05-20 08:34:48 UTC,2026-05-20 08:34:40 UTC,2026-05-20 08:34:32 UTC,2026-05-20 08:34:21 UTC,2026-05-20 08:34:17 UTC,2026-05-20 08:34:11 UTC,NA,2026-05-20 08:37:16 UTC,2026-05-20 08:37:01 UTC,2026-05-20 08:36:34 UTC,2026-05-20 08:36:15 UTC,2026-05-20 08:35:54 UTC,2026-05-20 08:35:21 UTC,2026-05-20 08:35:12 UTC,2026-05-20 08:38:39 UTC,2026-05-20 08:38:37 UTC,2026-05-20 08:38:33 UTC,2026-05-20 08:38:34 UTC,NA,2026-05-20 08:38:10 UTC,2026-05-20 08:38:01 UTC,2026-05-20 08:38:00 UTC,2026-05-20 08:38:09 UTC,2026-05-20 08:38:08 UTC,2026-05-20 08:37:19 UTC,2026-05-20 08:37:02 UTC,2026-05-20 08:36:42 UTC,2026-05-20 08:36:16 UTC,2026-05-20 08:35:56 UTC,2026-05-20 08:35:26 UTC,2026-05-20 08:35:22 UTC,2026-05-20 08:35:03 UTC,2026-05-20 08:34:22 UTC,2026-05-20 08:34:04 UTC,2026-05-20 08:33:58 UTC,2026-05-20 08:38:41 UTC,2026-05-20 08:38:42 UTC,2026-05-20 08:38:11 UTC,2026-05-20 08:37:23 UTC,end_normal
bdffffb23467a0bc2fd2cf1d2348a875,2026-06-21 12:34:22 UTC,2026-06-21 12:41:22 UTC,2026-06-21 12:34:42 UTC,NA,NA,NA,NA,NA,NA,NA,NA,NA,NA,NA,NA,NA,NA,NA,NA,NA,NA,NA,NA,NA,NA,3,midtjylland,mellemlang_videre,2002,Kvinde,111,NA,NA,NA,2026-06-21 12:35:07 UTC,2026-06-21 12:34:56 UTC,2026-06-21 12:34:52 UTC,2026-06-21 12:34:46 UTC,NA,NA,NA,NA,NA,NA,NA,NA,NA,NA,NA,NA,NA,NA,NA,NA,NA,NA,NA,NA,NA,NA,NA,NA,NA,NA,2026-06-21 12:34:58 UTC,2026-06-21 12:34:34 UTC,2026-06-21 12:34:22 UTC,NA,NA,NA,NA,issue_positions
be020045afbc35739b2e8e4136b7cbfc,2026-06-19 20:01:21 UTC,2026-06-19 20:28:33 UTC,2026-06-19 20:01:32 UTC,4,3,3,3,3,NA,NA,NA,NA,NA,NA,NA,option_1,option_2,option_1,option_1,option_1,6,venstre,NA,1,NA,1,sjaelland,lang_videre,1985,Kvinde,1129,NA,2026-06-19 20:02:02 UTC,NA,2026-06-19 20:01:51 UTC,2026-06-19 20:01:42 UTC,2026-06-19 20:01:40 UTC,2026-06-19 20:01:36 UTC,NA,2026-06-19 20:04:40 UTC,2026-06-19 20:04:25 UTC,2026-06-19 20:04:07 UTC,2026-06-19 20:03:17 UTC,2026-06-19 20:02:55 UTC,2026-06-19 20:02:26 UTC,2026-06-19 20:02:10 UTC,2026-06-19 20:05:54 UTC,2026-06-19 20:05:53 UTC,2026-06-19 20:05:51 UTC,2026-06-19 20:05:50 UTC,NA,NA,NA,NA,NA,NA,2026-06-19 20:04:41 UTC,2026-06-19 20:04:26 UTC,2026-06-19 20:04:07 UTC,2026-06-19 20:03:18 UTC,2026-06-19 20:02:57 UTC,2026-06-19 20:02:34 UTC,2026-06-19 20:02:32 UTC,2026-06-19 20:02:02 UTC,2026-06-19 20:01:43 UTC,2026-06-19 20:01:28 UTC,2026-06-19 20:01:21 UTC,2026-06-19 20:05:57 UTC,2026-06-19 20:05:59 UTC,2026-06-19 20:05:31 UTC,2026-06-19 20:04:44 UTC,end_normal
be1ce025d59b91653311156ef0bcd10e,2026-06-20 15:47:04 UTC,2026-06-20 15:54:59 UTC,2026-06-20 15:47:17 UTC,4,4,4,4,4,NA,1,3,2,2,3,NA,option_2,option_2,option_1,option_1,option_1,7,socialdemokratiet,NA,3,NA,1,syddanmark,mellemlang_videre,1964,Kvinde,1520,NA,2026-06-20 15:47:54 UTC,NA,2026-06-20 15:47:46 UTC,2026-06-20 15:47:33 UTC,2026-06-20 15:47:29 UTC,2026-06-20 15:47:23 UTC,NA,2026-06-20 15:51:05 UTC,2026-06-20 15:50:00 UTC,2026-06-20 15:49:27 UTC,2026-06-20 15:49:07 UTC,2026-06-20 15:48:51 UTC,2026-06-20 15:48:02 UTC,2026-06-20 15:48:12 UTC,2026-06-20 15:52:39 UTC,2026-06-20 15:52:38 UTC,2026-06-20 15:52:35 UTC,2026-06-20 15:52:27 UTC,NA,2026-06-20 15:52:09 UTC,2026-06-20 15:52:07 UTC,2026-06-20 15:52:01 UTC,2026-06-20 15:51:59 UTC,2026-06-20 15:51:58 UTC,2026-06-20 15:51:07 UTC,2026-06-20 15:50:08 UTC,2026-06-20 15:49:29 UTC,2026-06-20 15:49:12 UTC,2026-06-20 15:48:52 UTC,2026-06-20 15:48:21 UTC,2026-06-20 15:48:14 UTC,2026-06-20 15:47:55 UTC,2026-06-20 15:47:35 UTC,2026-06-20 15:47:15 UTC,2026-06-20 15:47:04 UTC,2026-06-20 15:52:42 UTC,2026-06-20 15:52:43 UTC,2026-06-20 15:52:10 UTC,2026-06-20 15:51:13 UTC,end_normal
be29bd9b789df65b3ec077ad9aaca45f,2026-06-20 12:26:47 UTC,2026-06-20 12:31:35 UTC,2026-06-20 12:27:02 UTC,NA,NA,NA,NA,NA,NA,NA,NA,NA,NA,NA,NA,NA,NA,NA,NA,NA,3,liberal_alliance,NA,1,NA,1,nordjylland,erhvervsuddannelse,1975,Kvinde,661,NA,2026-06-20 12:27:33 UTC,NA,2026-06-20 12:27:20 UTC,2026-06-20 12:27:14 UTC,2026-06-20 12:27:10 UTC,2026-06-20 12:27:07 UTC,NA,NA,NA,NA,NA,NA,2026-06-20 12:27:40 UTC,2026-06-20 12:27:57 UTC,NA,NA,NA,NA,NA,NA,NA,NA,NA,NA,NA,NA,NA,NA,NA,2026-06-20 12:28:03 UTC,2026-06-20 12:28:01 UTC,2026-06-20 12:27:35 UTC,2026-06-20 12:27:16 UTC,2026-06-20 12:26:54 UTC,2026-06-20 12:26:47 UTC,NA,NA,NA,NA,cbc_q1_page
be4aa9f7625c04b25761f77bbef43b17,2026-05-13 08:58:16 UTC,2026-05-13 09:05:01 UTC,2026-05-13 08:58:29 UTC,1,1,1,2,1,NA,1,2,2,2,2,NA,option_2,option_2,option_1,option_2,option_2,3,enhedslisten,NA,3,NA,3,hovedstaden,forsker,1957,Kvinde,939,NA,2026-05-13 08:59:07 UTC,NA,2026-05-13 08:58:59 UTC,2026-05-13 08:58:50 UTC,2026-05-13 08:58:46 UTC,2026-05-13 08:58:39 UTC,NA,2026-05-13 09:03:16 UTC,2026-05-13 09:02:32 UTC,2026-05-13 09:01:37 UTC,2026-05-13 09:01:19 UTC,2026-05-13 09:00:33 UTC,2026-05-13 08:59:21 UTC,2026-05-13 08:59:16 UTC,2026-05-13 09:04:15 UTC,2026-05-13 09:04:13 UTC,2026-05-13 09:04:12 UTC,2026-05-13 09:04:09 UTC,NA,2026-05-13 09:03:53 UTC,2026-05-13 09:03:51 UTC,2026-05-13 09:03:49 UTC,2026-05-13 09:03:44 UTC,2026-05-13 09:03:40 UTC,2026-05-13 09:03:17 UTC,2026-05-13 09:02:33 UTC,2026-05-13 09:01:39 UTC,2026-05-13 09:01:21 UTC,2026-05-13 09:00:40 UTC,2026-05-13 08:59:33 UTC,2026-05-13 08:59:24 UTC,2026-05-13 08:59:07 UTC,2026-05-13 08:58:50 UTC,2026-05-13 08:58:24 UTC,2026-05-13 08:58:16 UTC,2026-05-13 09:04:19 UTC,2026-05-13 09:04:22 UTC,2026-05-13 09:03:54 UTC,2026-05-13 09:03:25 UTC,end_normal
be53f30c9dca4a996681ad665d349ba7,2026-05-19 13:14:25 UTC,2026-05-19 13:20:25 UTC,2026-05-19 13:14:46 UTC,3,3,3,3,3,NA,3,4,4,4,4,NA,option_1,option_1,option_2,option_1,option_1,8,socialdemokratiet,3,2,NA,1,sjaelland,erhvervsuddannelse,1968,Kvinde,138,2026-05-19 13:15:51 UTC,2026-05-19 13:15:27 UTC,NA,2026-05-19 13:15:17 UTC,2026-05-19 13:15:08 UTC,2026-05-19 13:15:03 UTC,2026-05-19 13:14:54 UTC,NA,2026-05-19 13:18:20 UTC,2026-05-19 13:18:00 UTC,2026-05-19 13:17:28 UTC,2026-05-19 13:17:00 UTC,2026-05-19 13:16:40 UTC,2026-05-19 13:16:02 UTC,2026-05-19 13:15:57 UTC,2026-05-19 13:19:51 UTC,2026-05-19 13:19:45 UTC,2026-05-19 13:19:41 UTC,2026-05-19 13:19:35 UTC,NA,2026-05-19 13:19:17 UTC,2026-05-19 13:19:10 UTC,2026-05-19 13:19:08 UTC,2026-05-19 13:19:04 UTC,2026-05-19 13:19:03 UTC,2026-05-19 13:18:22 UTC,2026-05-19 13:18:02 UTC,2026-05-19 13:17:30 UTC,2026-05-19 13:17:04 UTC,2026-05-19 13:16:41 UTC,2026-05-19 13:16:17 UTC,2026-05-19 13:16:03 UTC,2026-05-19 13:15:52 UTC,2026-05-19 13:15:08 UTC,2026-05-19 13:14:42 UTC,2026-05-19 13:14:25 UTC,2026-05-19 13:19:54 UTC,2026-05-19 13:19:55 UTC,2026-05-19 13:19:18 UTC,2026-05-19 13:18:32 UTC,end_normal
be6b93ef7a9af2f766ca420b5eeaf914,2026-06-19 20:15:42 UTC,2026-06-19 20:31:05 UTC,2026-06-19 20:15:55 UTC,1,4,3,3,4,NA,1,3,3,1,1,NA,option_2,option_2,option_2,option_1,option_2,7,liberal_alliance,NA,1,NA,1,syddanmark,mellemlang_videre,1983,Kvinde,44,NA,2026-06-19 20:16:36 UTC,NA,2026-06-19 20:16:31 UTC,2026-06-19 20:16:16 UTC,2026-06-19 20:16:09 UTC,2026-06-19 20:16:00 UTC,NA,2026-06-19 20:21:08 UTC,2026-06-19 20:20:38 UTC,2026-06-19 20:20:11 UTC,2026-06-19 20:19:03 UTC,2026-06-19 20:18:20 UTC,2026-06-19 20:17:02 UTC,2026-06-19 20:16:52 UTC,2026-06-19 20:23:33 UTC,2026-06-19 20:23:29 UTC,2026-06-19 20:23:26 UTC,2026-06-19 20:23:21 UTC,NA,2026-06-19 20:22:58 UTC,2026-06-19 20:22:50 UTC,2026-06-19 20:22:50 UTC,2026-06-19 20:21:51 UTC,2026-06-19 20:21:43 UTC,2026-06-19 20:21:09 UTC,2026-06-19 20:20:41 UTC,2026-06-19 20:20:13 UTC,2026-06-19 20:19:09 UTC,2026-06-19 20:18:21 UTC,2026-06-19 20:17:10 UTC,2026-06-19 20:17:02 UTC,NA,2026-06-19 20:16:22 UTC,2026-06-19 20:15:51 UTC,2026-06-19 20:15:42 UTC,2026-06-19 20:24:00 UTC,2026-06-19 20:24:01 UTC,2026-06-19 20:23:01 UTC,2026-06-19 20:21:20 UTC,end_normal
bed3f836dfec4c9505e20bd0fb2f3b43,2026-06-15 15:15:43 UTC,2026-06-15 15:22:01 UTC,2026-06-15 15:16:02 UTC,4,3,3,3,3,NA,3,2,3,3,3,NA,option_1,option_1,option_1,option_2,option_1,8,moderaterne,NA,3,1,2,syddanmark,erhvervsuddannelse,1963,Kvinde,1755,NA,2026-06-15 15:17:01 UTC,2026-06-15 15:16:51 UTC,2026-06-15 15:16:44 UTC,2026-06-15 15:16:28 UTC,2026-06-15 15:16:22 UTC,2026-06-15 15:16:08 UTC,NA,2026-06-15 15:19:35 UTC,2026-06-15 15:19:14 UTC,2026-06-15 15:18:50 UTC,2026-06-15 15:18:25 UTC,2026-06-15 15:17:55 UTC,2026-06-15 15:17:14 UTC,2026-06-15 15:17:10 UTC,2026-06-15 15:20:32 UTC,2026-06-15 15:20:30 UTC,2026-06-15 15:20:28 UTC,2026-06-15 15:20:27 UTC,NA,2026-06-15 15:20:08 UTC,2026-06-15 15:20:07 UTC,2026-06-15 15:20:02 UTC,2026-06-15 15:20:00 UTC,2026-06-15 15:19:59 UTC,2026-06-15 15:19:35 UTC,2026-06-15 15:19:14 UTC,2026-06-15 15:18:50 UTC,2026-06-15 15:18:25 UTC,2026-06-15 15:17:56 UTC,2026-06-15 15:17:26 UTC,2026-06-15 15:17:15 UTC,2026-06-15 15:17:02 UTC,2026-06-15 15:16:28 UTC,2026-06-15 15:15:58 UTC,2026-06-15 15:15:43 UTC,2026-06-15 15:20:34 UTC,2026-06-15 15:20:35 UTC,2026-06-15 15:20:08 UTC,2026-06-15 15:19:42 UTC,end_normal
bf3a6fff25a9025559b9fad8babb5f06,2026-06-20 07:14:45 UTC,2026-06-20 07:19:49 UTC,2026-06-20 07:15:07 UTC,3,2,3,3,3,NA,3,3,2,2,3,NA,option_2,option_1,option_1,option_1,option_1,2,dansk_folkeparti,1,2,NA,1,midtjylland,mellemlang_videre,1983,Mand,1108,2026-06-20 07:16:24 UTC,2026-06-20 07:16:16 UTC,NA,2026-06-20 07:15:56 UTC,2026-06-20 07:15:49 UTC,2026-06-20 07:15:22 UTC,2026-06-20 07:15:14 UTC,NA,2026-06-20 07:18:14 UTC,2026-06-20 07:17:57 UTC,2026-06-20 07:17:47 UTC,2026-06-20 07:17:31 UTC,2026-06-20 07:17:23 UTC,2026-06-20 07:16:36 UTC,2026-06-20 07:16:32 UTC,2026-06-20 07:19:27 UTC,2026-06-20 07:19:26 UTC,2026-06-20 07:19:18 UTC,2026-06-20 07:19:16 UTC,NA,2026-06-20 07:19:02 UTC,2026-06-20 07:19:00 UTC,2026-06-20 07:18:57 UTC,2026-06-20 07:18:52 UTC,2026-06-20 07:18:46 UTC,2026-06-20 07:18:15 UTC,2026-06-20 07:17:58 UTC,2026-06-20 07:17:48 UTC,2026-06-20 07:17:34 UTC,2026-06-20 07:17:24 UTC,2026-06-20 07:16:44 UTC,2026-06-20 07:16:38 UTC,2026-06-20 07:16:24 UTC,2026-06-20 07:15:49 UTC,2026-06-20 07:15:03 UTC,2026-06-20 07:14:45 UTC,2026-06-20 07:19:29 UTC,2026-06-20 07:19:29 UTC,2026-06-20 07:19:03 UTC,2026-06-20 07:18:20 UTC,end_normal
bf3e356307cdd0b0b8fc4413314dcd01,2026-05-17 13:28:50 UTC,2026-05-17 13:36:38 UTC,2026-05-17 13:29:02 UTC,2,2,2,2,2,NA,1,1,2,2,1,NA,option_2,option_2,option_2,option_1,option_2,8,socialdemokratiet,3,2,3,2,midtjylland,mellemlang_videre,1976,Kvinde,1102,2026-05-17 13:30:17 UTC,2026-05-17 13:29:49 UTC,2026-05-17 13:29:35 UTC,2026-05-17 13:29:28 UTC,2026-05-17 13:29:18 UTC,2026-05-17 13:29:11 UTC,2026-05-17 13:29:08 UTC,NA,2026-05-17 13:33:58 UTC,2026-05-17 13:33:36 UTC,2026-05-17 13:32:02 UTC,2026-05-17 13:31:39 UTC,2026-05-17 13:31:08 UTC,2026-05-17 13:30:31 UTC,2026-05-17 13:30:24 UTC,2026-05-17 13:36:14 UTC,2026-05-17 13:36:10 UTC,2026-05-17 13:36:10 UTC,2026-05-17 13:36:09 UTC,NA,2026-05-17 13:35:00 UTC,2026-05-17 13:34:49 UTC,2026-05-17 13:34:48 UTC,2026-05-17 13:34:57 UTC,2026-05-17 13:34:26 UTC,2026-05-17 13:33:59 UTC,2026-05-17 13:33:39 UTC,2026-05-17 13:32:06 UTC,2026-05-17 13:31:40 UTC,2026-05-17 13:31:09 UTC,2026-05-17 13:30:40 UTC,2026-05-17 13:30:31 UTC,2026-05-17 13:30:18 UTC,2026-05-17 13:29:19 UTC,2026-05-17 13:28:57 UTC,2026-05-17 13:28:50 UTC,2026-05-17 13:36:15 UTC,2026-05-17 13:36:17 UTC,2026-05-17 13:35:03 UTC,2026-05-17 13:34:09 UTC,end_normal
bf535160a5c1340505b6cfebc65a4b78,2026-06-20 00:51:57 UTC,2026-06-20 01:03:39 UTC,2026-06-20 00:52:13 UTC,3,3,3,3,4,NA,3,3,2,2,2,NA,option_1,option_2,option_1,option_1,option_1,5,socialdemokratiet,3,2,NA,1,sjaelland,grundskole,1971,Mand,112,2026-06-20 00:54:08 UTC,2026-06-20 00:53:28 UTC,NA,2026-06-20 00:53:02 UTC,2026-06-20 00:52:39 UTC,2026-06-20 00:52:30 UTC,2026-06-20 00:52:24 UTC,NA,2026-06-20 01:00:13 UTC,2026-06-20 00:59:13 UTC,2026-06-20 00:58:15 UTC,2026-06-20 00:57:23 UTC,2026-06-20 00:56:25 UTC,2026-06-20 00:54:42 UTC,2026-06-20 00:54:24 UTC,2026-06-20 01:02:18 UTC,2026-06-20 01:02:14 UTC,2026-06-20 01:02:10 UTC,2026-06-20 01:02:04 UTC,NA,2026-06-20 01:01:42 UTC,2026-06-20 01:01:35 UTC,2026-06-20 01:01:25 UTC,2026-06-20 01:01:24 UTC,2026-06-20 01:01:23 UTC,2026-06-20 01:00:16 UTC,2026-06-20 00:59:16 UTC,2026-06-20 00:58:16 UTC,2026-06-20 00:57:27 UTC,2026-06-20 00:56:28 UTC,2026-06-20 00:54:50 UTC,2026-06-20 00:54:45 UTC,2026-06-20 00:54:09 UTC,2026-06-20 00:52:40 UTC,2026-06-20 00:52:07 UTC,2026-06-20 00:51:57 UTC,2026-06-20 01:02:22 UTC,2026-06-20 01:02:24 UTC,2026-06-20 01:01:43 UTC,2026-06-20 01:00:20 UTC,end_normal
bf64dfd5bd5f1ce23b9dd6cee28a097a,2026-05-23 12:59:26 UTC,2026-05-23 13:05:32 UTC,2026-05-23 12:59:51 UTC,1,5,1,1,1,NA,2,4,2,2,3,NA,option_1,option_2,option_1,option_1,option_1,3,stemte_ikke,NA,1,NA,1,midtjylland,erhvervsuddannelse,2008,Mand,414,NA,2026-05-23 13:00:26 UTC,NA,2026-05-23 13:00:18 UTC,2026-05-23 13:00:11 UTC,2026-05-23 13:00:05 UTC,2026-05-23 12:59:53 UTC,NA,2026-05-23 13:02:18 UTC,2026-05-23 13:02:08 UTC,2026-05-23 13:01:52 UTC,2026-05-23 13:01:40 UTC,2026-05-23 13:01:20 UTC,2026-05-23 13:00:33 UTC,2026-05-23 13:00:41 UTC,2026-05-23 13:03:22 UTC,2026-05-23 13:03:20 UTC,2026-05-23 13:03:06 UTC,2026-05-23 13:03:03 UTC,NA,2026-05-23 13:02:53 UTC,2026-05-23 13:02:50 UTC,2026-05-23 13:02:47 UTC,2026-05-23 13:02:45 UTC,2026-05-23 13:02:42 UTC,2026-05-23 13:02:19 UTC,2026-05-23 13:02:09 UTC,2026-05-23 13:01:54 UTC,2026-05-23 13:01:42 UTC,2026-05-23 13:01:21 UTC,2026-05-23 13:00:53 UTC,2026-05-23 13:00:43 UTC,2026-05-23 13:00:27 UTC,2026-05-23 13:00:12 UTC,2026-05-23 12:59:47 UTC,2026-05-23 12:59:26 UTC,2026-05-23 13:03:23 UTC,2026-05-23 13:03:25 UTC,2026-05-23 13:02:54 UTC,2026-05-23 13:02:28 UTC,end_normal
bf65d4b4aea0d3c1feb9acbdfc42f798,2026-06-21 06:36:55 UTC,2026-06-21 06:45:05 UTC,2026-06-21 06:37:26 UTC,NA,NA,NA,NA,NA,NA,NA,NA,NA,NA,NA,NA,NA,option_2,option_1,option_2,option_2,7,radikale,3,2,NA,3,sjaelland,gymnasial,2006,Kvinde,1258,2026-06-21 06:38:29 UTC,2026-06-21 06:38:12 UTC,NA,2026-06-21 06:38:01 UTC,2026-06-21 06:37:45 UTC,2026-06-21 06:37:38 UTC,2026-06-21 06:37:29 UTC,NA,NA,2026-06-21 06:40:42 UTC,2026-06-21 06:40:24 UTC,2026-06-21 06:40:08 UTC,2026-06-21 06:39:42 UTC,2026-06-21 06:39:04 UTC,2026-06-21 06:38:55 UTC,NA,NA,NA,NA,NA,NA,NA,NA,NA,NA,NA,NA,2026-06-21 06:40:25 UTC,2026-06-21 06:40:08 UTC,2026-06-21 06:39:45 UTC,2026-06-21 06:39:19 UTC,2026-06-21 06:39:07 UTC,2026-06-21 06:38:32 UTC,2026-06-21 06:37:46 UTC,2026-06-21 06:37:20 UTC,2026-06-21 06:36:55 UTC,NA,NA,NA,NA,cbc_q4_page
bf8ebb803e0f2a3382abea4e67018057,2026-06-20 06:03:40 UTC,2026-06-20 06:09:17 UTC,2026-06-20 06:03:51 UTC,3,3,4,4,2,NA,1,3,2,3,3,NA,option_2,option_1,option_1,option_2,option_2,10,socialdemokratiet,NA,3,3,2,syddanmark,mellemlang_videre,1995,Kvinde,745,NA,2026-06-20 06:04:48 UTC,2026-06-20 06:04:40 UTC,2026-06-20 06:04:16 UTC,2026-06-20 06:04:06 UTC,2026-06-20 06:04:02 UTC,2026-06-20 06:03:55 UTC,NA,2026-06-20 06:07:01 UTC,2026-06-20 06:06:42 UTC,2026-06-20 06:06:21 UTC,2026-06-20 06:05:51 UTC,2026-06-20 06:05:28 UTC,2026-06-20 06:05:03 UTC,2026-06-20 06:04:57 UTC,2026-06-20 06:08:29 UTC,2026-06-20 06:08:21 UTC,2026-06-20 06:08:23 UTC,2026-06-20 06:08:14 UTC,NA,2026-06-20 06:07:38 UTC,2026-06-20 06:07:35 UTC,2026-06-20 06:07:32 UTC,2026-06-20 06:07:48 UTC,2026-06-20 06:07:26 UTC,2026-06-20 06:07:02 UTC,2026-06-20 06:06:42 UTC,2026-06-20 06:06:21 UTC,2026-06-20 06:05:52 UTC,2026-06-20 06:05:29 UTC,2026-06-20 06:05:10 UTC,2026-06-20 06:05:04 UTC,2026-06-20 06:04:49 UTC,2026-06-20 06:04:06 UTC,2026-06-20 06:03:46 UTC,2026-06-20 06:03:40 UTC,2026-06-20 06:08:31 UTC,2026-06-20 06:08:32 UTC,2026-06-20 06:07:48 UTC,2026-06-20 06:07:09 UTC,end_normal
bfb041c3bdd2141a80078bd5529e41e7,2026-06-20 07:08:33 UTC,2026-06-20 07:14:29 UTC,2026-06-20 07:08:46 UTC,5,5,5,5,5,NA,1,1,1,1,1,NA,option_2,option_2,option_1,option_2,option_2,2,enhedslisten,3,2,NA,3,syddanmark,mellemlang_videre,1994,Kvinde,1440,2026-06-20 07:09:48 UTC,2026-06-20 07:09:35 UTC,NA,2026-06-20 07:09:17 UTC,2026-06-20 07:09:07 UTC,2026-06-20 07:08:59 UTC,2026-06-20 07:08:53 UTC,NA,2026-06-20 07:12:27 UTC,2026-06-20 07:12:06 UTC,2026-06-20 07:11:43 UTC,2026-06-20 07:11:23 UTC,2026-06-20 07:10:55 UTC,2026-06-20 07:10:07 UTC,2026-06-20 07:10:01 UTC,2026-06-20 07:13:50 UTC,2026-06-20 07:13:48 UTC,2026-06-20 07:13:44 UTC,2026-06-20 07:13:42 UTC,NA,2026-06-20 07:13:28 UTC,2026-06-20 07:13:26 UTC,2026-06-20 07:13:23 UTC,2026-06-20 07:13:20 UTC,2026-06-20 07:13:14 UTC,2026-06-20 07:12:29 UTC,2026-06-20 07:12:07 UTC,2026-06-20 07:11:44 UTC,2026-06-20 07:11:25 UTC,2026-06-20 07:10:56 UTC,2026-06-20 07:10:13 UTC,2026-06-20 07:10:10 UTC,2026-06-20 07:09:52 UTC,2026-06-20 07:09:08 UTC,2026-06-20 07:08:41 UTC,2026-06-20 07:08:33 UTC,2026-06-20 07:13:51 UTC,2026-06-20 07:13:52 UTC,2026-06-20 07:13:29 UTC,2026-06-20 07:12:40 UTC,end_normal
bfb069fe3369719f9b103b7e8a740cd0,2026-06-19 19:50:14 UTC,2026-06-19 19:55:34 UTC,2026-06-19 19:50:38 UTC,1,1,4,1,1,NA,2,3,4,3,3,NA,option_2,option_2,option_1,option_2,option_2,8,alternativet,3,2,NA,3,syddanmark,gymnasial,2003,Kvinde,1441,2026-06-19 19:51:11 UTC,2026-06-19 19:51:04 UTC,NA,2026-06-19 19:50:53 UTC,2026-06-19 19:50:44 UTC,2026-06-19 19:50:40 UTC,2026-06-19 19:50:40 UTC,NA,2026-06-19 19:53:36 UTC,2026-06-19 19:53:19 UTC,2026-06-19 19:52:59 UTC,2026-06-19 19:52:40 UTC,2026-06-19 19:52:01 UTC,2026-06-19 19:51:25 UTC,2026-06-19 19:51:19 UTC,2026-06-19 19:54:37 UTC,2026-06-19 19:54:35 UTC,2026-06-19 19:54:33 UTC,2026-06-19 19:54:28 UTC,NA,2026-06-19 19:54:14 UTC,2026-06-19 19:54:08 UTC,2026-06-19 19:54:04 UTC,2026-06-19 19:54:02 UTC,2026-06-19 19:53:55 UTC,2026-06-19 19:53:37 UTC,2026-06-19 19:53:19 UTC,2026-06-19 19:52:59 UTC,2026-06-19 19:52:41 UTC,2026-06-19 19:52:01 UTC,2026-06-19 19:51:35 UTC,2026-06-19 19:51:26 UTC,2026-06-19 19:51:11 UTC,2026-06-19 19:50:45 UTC,2026-06-19 19:50:32 UTC,2026-06-19 19:50:14 UTC,2026-06-19 19:54:38 UTC,2026-06-19 19:54:39 UTC,2026-06-19 19:54:19 UTC,2026-06-19 19:53:43 UTC,end_normal
bfc5f7c7d88bf0418dcb7bf89214449f,2026-06-15 15:23:56 UTC,2026-06-15 15:30:06 UTC,2026-06-15 15:24:18 UTC,NA,NA,NA,NA,NA,NA,NA,NA,NA,NA,NA,NA,option_2,option_1,option_2,option_2,option_1,4,onsker_ikke,NA,3,1,2,sjaelland,erhvervsuddannelse,1969,Kvinde,3,NA,2026-06-15 15:25:54 UTC,2026-06-15 15:25:41 UTC,2026-06-15 15:25:08 UTC,2026-06-15 15:24:35 UTC,2026-06-15 15:24:31 UTC,2026-06-15 15:24:26 UTC,NA,2026-06-15 15:29:09 UTC,2026-06-15 15:28:42 UTC,2026-06-15 15:28:11 UTC,2026-06-15 15:27:40 UTC,2026-06-15 15:27:20 UTC,2026-06-15 15:26:25 UTC,2026-06-15 15:26:14 UTC,NA,NA,NA,NA,NA,NA,NA,NA,NA,NA,2026-06-15 15:29:12 UTC,2026-06-15 15:28:43 UTC,2026-06-15 15:28:12 UTC,2026-06-15 15:27:42 UTC,2026-06-15 15:27:21 UTC,2026-06-15 15:26:31 UTC,2026-06-15 15:26:27 UTC,2026-06-15 15:25:58 UTC,2026-06-15 15:24:36 UTC,2026-06-15 15:24:13 UTC,2026-06-15 15:23:56 UTC,NA,NA,NA,2026-06-15 15:29:22 UTC,single_profile_1
bfe78e02cfd7b0d7d5f870e096e23053,2026-06-20 02:29:29 UTC,2026-06-20 02:36:45 UTC,2026-06-20 02:29:42 UTC,3,3,4,4,2,NA,4,4,4,4,3,NA,option_1,option_2,option_2,option_1,option_1,2,sf,3,2,NA,3,syddanmark,mellemlang_videre,1990,Kvinde,410,2026-06-20 02:30:34 UTC,2026-06-20 02:30:14 UTC,NA,2026-06-20 02:30:05 UTC,2026-06-20 02:29:55 UTC,2026-06-20 02:29:52 UTC,2026-06-20 02:29:46 UTC,NA,2026-06-20 02:33:59 UTC,2026-06-20 02:33:29 UTC,2026-06-20 02:32:57 UTC,2026-06-20 02:32:08 UTC,2026-06-20 02:32:04 UTC,2026-06-20 02:30:55 UTC,2026-06-20 02:30:49 UTC,2026-06-20 02:35:27 UTC,2026-06-20 02:35:28 UTC,2026-06-20 02:35:13 UTC,2026-06-20 02:35:05 UTC,NA,2026-06-20 02:34:43 UTC,2026-06-20 02:34:40 UTC,2026-06-20 02:34:49 UTC,2026-06-20 02:34:35 UTC,2026-06-20 02:34:32 UTC,2026-06-20 02:34:03 UTC,2026-06-20 02:33:34 UTC,2026-06-20 02:32:58 UTC,2026-06-20 02:32:10 UTC,2026-06-20 02:32:04 UTC,2026-06-20 02:31:15 UTC,2026-06-20 02:30:58 UTC,2026-06-20 02:30:35 UTC,2026-06-20 02:29:56 UTC,2026-06-20 02:29:36 UTC,2026-06-20 02:29:29 UTC,2026-06-20 02:35:24 UTC,2026-06-20 02:35:38 UTC,2026-06-20 02:34:52 UTC,2026-06-20 02:34:08 UTC,end_normal
c004d54ffe2714de72a107822bcff848,2026-05-14 11:44:50 UTC,2026-05-14 11:51:31 UTC,2026-05-14 11:45:07 UTC,1,1,2,2,1,NA,1,2,3,2,3,NA,option_1,option_2,option_2,option_1,option_2,7,sf,3,2,3,2,hovedstaden,lang_videre,1976,Kvinde,1992,2026-05-14 11:46:21 UTC,2026-05-14 11:46:08 UTC,2026-05-14 11:45:52 UTC,2026-05-14 11:45:40 UTC,2026-05-14 11:45:23 UTC,2026-05-14 11:45:21 UTC,2026-05-14 11:45:11 UTC,NA,2026-05-14 11:49:12 UTC,2026-05-14 11:48:48 UTC,2026-05-14 11:48:23 UTC,2026-05-14 11:48:04 UTC,2026-05-14 11:47:27 UTC,2026-05-14 11:46:41 UTC,2026-05-14 11:46:30 UTC,2026-05-14 11:50:46 UTC,2026-05-14 11:50:44 UTC,2026-05-14 11:50:43 UTC,2026-05-14 11:50:35 UTC,NA,2026-05-14 11:50:23 UTC,2026-05-14 11:50:21 UTC,2026-05-14 11:50:18 UTC,2026-05-14 11:50:08 UTC,2026-05-14 11:49:47 UTC,2026-05-14 11:49:15 UTC,2026-05-14 11:48:51 UTC,2026-05-14 11:48:26 UTC,2026-05-14 11:48:08 UTC,2026-05-14 11:47:30 UTC,2026-05-14 11:46:51 UTC,2026-05-14 11:46:42 UTC,2026-05-14 11:46:24 UTC,2026-05-14 11:45:23 UTC,2026-05-14 11:45:03 UTC,2026-05-14 11:44:50 UTC,2026-05-14 11:50:48 UTC,2026-05-14 11:50:49 UTC,2026-05-14 11:50:24 UTC,2026-05-14 11:49:20 UTC,end_normal
c0135e19e4b5411bce71d4dabf6eab50,2026-05-17 20:04:04 UTC,2026-05-17 20:09:12 UTC,2026-05-17 20:04:15 UTC,1,1,1,1,1,NA,1,1,1,1,1,NA,option_1,option_1,option_1,option_1,option_1,9,socialdemokratiet,NA,3,3,2,midtjylland,lang_videre,1980,Kvinde,1302,NA,2026-05-17 20:05:07 UTC,2026-05-17 20:04:54 UTC,2026-05-17 20:04:38 UTC,2026-05-17 20:04:28 UTC,2026-05-17 20:04:25 UTC,2026-05-17 20:04:22 UTC,NA,2026-05-17 20:07:48 UTC,2026-05-17 20:07:17 UTC,2026-05-17 20:06:57 UTC,2026-05-17 20:06:33 UTC,2026-05-17 20:05:58 UTC,2026-05-17 20:05:19 UTC,2026-05-17 20:05:13 UTC,2026-05-17 20:08:35 UTC,2026-05-17 20:08:36 UTC,2026-05-17 20:08:34 UTC,2026-05-17 20:08:34 UTC,NA,2026-05-17 20:08:23 UTC,2026-05-17 20:08:19 UTC,2026-05-17 20:08:14 UTC,2026-05-17 20:08:12 UTC,2026-05-17 20:08:11 UTC,2026-05-17 20:07:50 UTC,2026-05-17 20:07:20 UTC,2026-05-17 20:07:01 UTC,2026-05-17 20:06:34 UTC,2026-05-17 20:05:59 UTC,2026-05-17 20:05:23 UTC,2026-05-17 20:05:19 UTC,2026-05-17 20:05:07 UTC,2026-05-17 20:04:28 UTC,2026-05-17 20:04:11 UTC,2026-05-17 20:04:04 UTC,2026-05-17 20:08:37 UTC,2026-05-17 20:08:38 UTC,2026-05-17 20:08:24 UTC,2026-05-17 20:07:53 UTC,end_normal
c031262c8629a785a560506b1d582c06,2026-05-19 14:27:09 UTC,2026-05-19 14:31:32 UTC,2026-05-19 14:27:21 UTC,NA,NA,NA,NA,NA,NA,NA,NA,NA,NA,NA,NA,option_1,option_2,option_1,option_2,option_1,5,konservative,1,2,3,2,sjaelland,anden,2000,Mand,1376,2026-05-19 14:28:39 UTC,2026-05-19 14:28:10 UTC,2026-05-19 14:28:33 UTC,2026-05-19 14:27:52 UTC,2026-05-19 14:27:41 UTC,2026-05-19 14:27:36 UTC,2026-05-19 14:27:25 UTC,NA,2026-05-19 14:31:00 UTC,2026-05-19 14:30:46 UTC,2026-05-19 14:30:34 UTC,2026-05-19 14:29:57 UTC,2026-05-19 14:29:35 UTC,2026-05-19 14:28:45 UTC,2026-05-19 14:28:58 UTC,NA,NA,NA,NA,NA,NA,NA,NA,NA,NA,2026-05-19 14:31:01 UTC,2026-05-19 14:30:46 UTC,2026-05-19 14:30:35 UTC,2026-05-19 14:29:57 UTC,2026-05-19 14:29:42 UTC,2026-05-19 14:29:07 UTC,2026-05-19 14:29:00 UTC,2026-05-19 14:28:39 UTC,2026-05-19 14:27:41 UTC,2026-05-19 14:27:17 UTC,2026-05-19 14:27:09 UTC,NA,NA,NA,2026-05-19 14:31:05 UTC,single_profile_1
c03b2c29e9c2ce2b9a320106c045caeb,2026-06-03 07:48:29 UTC,2026-06-03 07:56:44 UTC,2026-06-03 07:48:49 UTC,3,2,3,3,3,NA,3,4,3,3,3,NA,option_1,option_2,option_2,option_1,option_2,5,enhedslisten,NA,3,NA,3,midtjylland,mellemlang_videre,1948,Kvinde,1935,NA,2026-06-03 07:49:35 UTC,NA,2026-06-03 07:49:24 UTC,2026-06-03 07:49:11 UTC,2026-06-03 07:49:08 UTC,2026-06-03 07:48:56 UTC,NA,2026-06-03 07:52:59 UTC,2026-06-03 07:52:13 UTC,2026-06-03 07:51:41 UTC,2026-06-03 07:51:07 UTC,2026-06-03 07:50:39 UTC,2026-06-03 07:49:51 UTC,2026-06-03 07:49:45 UTC,2026-06-03 07:55:24 UTC,2026-06-03 07:55:13 UTC,2026-06-03 07:55:11 UTC,2026-06-03 07:55:09 UTC,NA,2026-06-03 07:54:51 UTC,2026-06-03 07:54:23 UTC,2026-06-03 07:54:17 UTC,2026-06-03 07:54:14 UTC,2026-06-03 07:54:02 UTC,2026-06-03 07:53:00 UTC,2026-06-03 07:52:14 UTC,2026-06-03 07:51:47 UTC,2026-06-03 07:51:09 UTC,2026-06-03 07:50:40 UTC,2026-06-03 07:50:09 UTC,2026-06-03 07:49:52 UTC,2026-06-03 07:49:35 UTC,2026-06-03 07:49:12 UTC,2026-06-03 07:48:44 UTC,2026-06-03 07:48:29 UTC,2026-06-03 07:55:28 UTC,2026-06-03 07:55:29 UTC,2026-06-03 07:54:52 UTC,2026-06-03 07:53:09 UTC,end_normal
c076d901f13cb75c0908dc6e5e74b00f,2026-05-20 17:31:45 UTC,2026-05-20 17:36:49 UTC,2026-05-20 17:32:02 UTC,NA,NA,NA,NA,NA,NA,NA,NA,NA,NA,NA,NA,option_1,option_2,option_2,option_2,option_2,0,sf,NA,3,NA,1,midtjylland,kort_videre,1957,Kvinde,1861,NA,2026-05-20 17:32:58 UTC,NA,2026-05-20 17:32:47 UTC,2026-05-20 17:32:31 UTC,2026-05-20 17:32:27 UTC,2026-05-20 17:32:14 UTC,NA,2026-05-20 17:35:32 UTC,2026-05-20 17:35:10 UTC,2026-05-20 17:34:44 UTC,2026-05-20 17:34:25 UTC,2026-05-20 17:33:58 UTC,2026-05-20 17:33:14 UTC,2026-05-20 17:33:07 UTC,NA,NA,NA,NA,NA,NA,NA,NA,NA,NA,2026-05-20 17:35:41 UTC,2026-05-20 17:35:12 UTC,2026-05-20 17:34:46 UTC,2026-05-20 17:34:30 UTC,2026-05-20 17:34:01 UTC,2026-05-20 17:33:29 UTC,2026-05-20 17:33:16 UTC,2026-05-20 17:32:59 UTC,2026-05-20 17:32:36 UTC,2026-05-20 17:31:57 UTC,2026-05-20 17:31:45 UTC,NA,NA,NA,2026-05-20 17:35:52 UTC,single_profile_1
c08a681876f2af886e3e56f37930c9e2,2026-06-19 21:13:06 UTC,2026-06-19 21:19:08 UTC,2026-06-19 21:13:17 UTC,4,3,4,3,3,NA,2,3,4,4,3,NA,option_2,option_1,option_2,option_2,option_1,6,sf,3,2,3,2,sjaelland,mellemlang_videre,1980,Kvinde,262,2026-06-19 21:14:11 UTC,2026-06-19 21:14:07 UTC,2026-06-19 21:13:57 UTC,2026-06-19 21:13:44 UTC,2026-06-19 21:13:28 UTC,2026-06-19 21:13:26 UTC,2026-06-19 21:13:22 UTC,NA,2026-06-19 21:17:25 UTC,2026-06-19 21:17:01 UTC,2026-06-19 21:16:19 UTC,2026-06-19 21:15:58 UTC,2026-06-19 21:15:16 UTC,2026-06-19 21:14:23 UTC,2026-06-19 21:14:19 UTC,2026-06-19 21:18:33 UTC,2026-06-19 21:18:35 UTC,2026-06-19 21:18:38 UTC,2026-06-19 21:18:40 UTC,NA,2026-06-19 21:17:55 UTC,2026-06-19 21:17:58 UTC,2026-06-19 21:18:06 UTC,2026-06-19 21:18:08 UTC,2026-06-19 21:18:11 UTC,2026-06-19 21:17:27 UTC,NA,2026-06-19 21:16:34 UTC,2026-06-19 21:16:01 UTC,2026-06-19 21:15:19 UTC,2026-06-19 21:14:37 UTC,2026-06-19 21:14:25 UTC,2026-06-19 21:14:14 UTC,2026-06-19 21:13:28 UTC,2026-06-19 21:13:13 UTC,2026-06-19 21:13:06 UTC,2026-06-19 21:18:31 UTC,2026-06-19 21:18:44 UTC,2026-06-19 21:18:15 UTC,2026-06-19 21:17:36 UTC,end_normal
c0bb1cfd8a0330e290f63b820f056abf,2026-06-15 17:17:22 UTC,2026-06-15 17:34:43 UTC,2026-06-15 17:17:41 UTC,4,3,3,3,3,NA,2,3,3,3,3,NA,option_2,option_1,option_2,option_2,option_2,2,liberal_alliance,NA,1,1,2,sjaelland,lang_videre,1969,Mand,340,NA,2026-06-15 17:18:39 UTC,2026-06-15 17:18:22 UTC,2026-06-15 17:18:10 UTC,2026-06-15 17:17:58 UTC,2026-06-15 17:17:54 UTC,2026-06-15 17:17:48 UTC,NA,2026-06-15 17:21:52 UTC,2026-06-15 17:21:28 UTC,2026-06-15 17:20:52 UTC,2026-06-15 17:20:19 UTC,2026-06-15 17:20:00 UTC,2026-06-15 17:19:32 UTC,2026-06-15 17:19:22 UTC,2026-06-15 17:24:00 UTC,2026-06-15 17:23:58 UTC,2026-06-15 17:23:53 UTC,2026-06-15 17:23:52 UTC,NA,2026-06-15 17:23:25 UTC,2026-06-15 17:23:15 UTC,2026-06-15 17:22:57 UTC,2026-06-15 17:22:48 UTC,2026-06-15 17:22:51 UTC,2026-06-15 17:21:53 UTC,2026-06-15 17:21:28 UTC,2026-06-15 17:20:53 UTC,2026-06-15 17:20:24 UTC,2026-06-15 17:20:01 UTC,2026-06-15 17:19:39 UTC,2026-06-15 17:19:33 UTC,2026-06-15 17:18:40 UTC,2026-06-15 17:18:03 UTC,2026-06-15 17:17:38 UTC,2026-06-15 17:17:22 UTC,2026-06-15 17:24:05 UTC,2026-06-15 17:24:08 UTC,2026-06-15 17:23:25 UTC,2026-06-15 17:22:03 UTC,end_normal
c0e169c04bed64412ebfa727b7ee194d,2026-05-18 13:32:20 UTC,2026-05-18 13:40:48 UTC,2026-05-18 13:33:06 UTC,3,4,3,4,3,NA,1,3,2,3,2,NA,option_1,option_2,option_2,option_2,option_2,4,konservative,NA,1,NA,1,midtjylland,erhvervsuddannelse,1947,Mand,929,NA,2026-05-18 13:34:17 UTC,NA,2026-05-18 13:34:01 UTC,2026-05-18 13:33:40 UTC,2026-05-18 13:33:22 UTC,2026-05-18 13:33:15 UTC,NA,2026-05-18 13:37:44 UTC,2026-05-18 13:37:05 UTC,2026-05-18 13:36:41 UTC,2026-05-18 13:36:16 UTC,2026-05-18 13:35:47 UTC,2026-05-18 13:34:42 UTC,2026-05-18 13:34:28 UTC,2026-05-18 13:39:33 UTC,2026-05-18 13:39:28 UTC,2026-05-18 13:39:23 UTC,2026-05-18 13:39:19 UTC,NA,2026-05-18 13:38:54 UTC,2026-05-18 13:38:56 UTC,2026-05-18 13:38:45 UTC,2026-05-18 13:38:39 UTC,2026-05-18 13:38:32 UTC,2026-05-18 13:37:44 UTC,2026-05-18 13:37:06 UTC,2026-05-18 13:36:42 UTC,2026-05-18 13:36:17 UTC,2026-05-18 13:35:49 UTC,2026-05-18 13:35:10 UTC,2026-05-18 13:34:43 UTC,2026-05-18 13:34:18 UTC,2026-05-18 13:33:42 UTC,2026-05-18 13:33:01 UTC,2026-05-18 13:32:20 UTC,2026-05-18 13:39:36 UTC,2026-05-18 13:39:37 UTC,2026-05-18 13:38:57 UTC,2026-05-18 13:37:55 UTC,end_normal
c1161d3478f686a02613bf7f8c0163b2,2026-06-20 06:25:30 UTC,2026-06-20 06:33:31 UTC,2026-06-20 06:26:18 UTC,1,3,3,2,3,NA,3,2,4,4,2,NA,option_2,option_2,option_2,option_1,option_1,7,enhedslisten,NA,3,NA,3,syddanmark,mellemlang_videre,1956,Kvinde,1546,NA,2026-06-20 06:27:06 UTC,NA,2026-06-20 06:26:52 UTC,2026-06-20 06:26:41 UTC,2026-06-20 06:26:36 UTC,2026-06-20 06:26:26 UTC,NA,2026-06-20 06:30:29 UTC,2026-06-20 06:29:58 UTC,2026-06-20 06:29:40 UTC,2026-06-20 06:29:17 UTC,2026-06-20 06:28:51 UTC,2026-06-20 06:27:46 UTC,2026-06-20 06:27:19 UTC,2026-06-20 06:32:51 UTC,2026-06-20 06:32:48 UTC,2026-06-20 06:32:43 UTC,2026-06-20 06:32:36 UTC,NA,2026-06-20 06:32:02 UTC,2026-06-20 06:31:36 UTC,2026-06-20 06:31:32 UTC,2026-06-20 06:31:21 UTC,2026-06-20 06:31:15 UTC,2026-06-20 06:30:31 UTC,2026-06-20 06:30:00 UTC,2026-06-20 06:29:43 UTC,2026-06-20 06:29:20 UTC,2026-06-20 06:28:52 UTC,2026-06-20 06:28:01 UTC,2026-06-20 06:27:47 UTC,2026-06-20 06:27:07 UTC,2026-06-20 06:26:42 UTC,2026-06-20 06:26:12 UTC,2026-06-20 06:25:30 UTC,2026-06-20 06:32:55 UTC,2026-06-20 06:32:56 UTC,2026-06-20 06:32:05 UTC,2026-06-20 06:30:39 UTC,end_normal
c12723858597c5e558fa253bc73093d4,2026-05-14 06:39:19 UTC,2026-05-14 06:49:53 UTC,2026-05-14 06:39:36 UTC,3,3,4,4,4,NA,3,3,4,4,4,NA,option_1,option_1,option_1,option_1,option_2,8,sf,NA,1,3,2,sjaelland,lang_videre,1997,Mand,576,NA,2026-05-14 06:40:24 UTC,2026-05-14 06:40:12 UTC,2026-05-14 06:39:58 UTC,2026-05-14 06:39:48 UTC,2026-05-14 06:39:44 UTC,2026-05-14 06:39:41 UTC,NA,2026-05-14 06:43:12 UTC,2026-05-14 06:42:38 UTC,2026-05-14 06:42:21 UTC,2026-05-14 06:42:01 UTC,2026-05-14 06:41:40 UTC,2026-05-14 06:40:40 UTC,2026-05-14 06:40:36 UTC,2026-05-14 06:44:38 UTC,2026-05-14 06:44:37 UTC,2026-05-14 06:44:35 UTC,2026-05-14 06:44:34 UTC,NA,2026-05-14 06:44:15 UTC,2026-05-14 06:43:57 UTC,2026-05-14 06:43:48 UTC,2026-05-14 06:43:46 UTC,2026-05-14 06:43:41 UTC,2026-05-14 06:43:13 UTC,2026-05-14 06:42:39 UTC,2026-05-14 06:42:22 UTC,2026-05-14 06:42:02 UTC,2026-05-14 06:41:41 UTC,2026-05-14 06:40:53 UTC,2026-05-14 06:40:43 UTC,2026-05-14 06:40:27 UTC,2026-05-14 06:39:51 UTC,2026-05-14 06:39:32 UTC,2026-05-14 06:39:19 UTC,2026-05-14 06:44:45 UTC,2026-05-14 06:44:46 UTC,2026-05-14 06:44:21 UTC,2026-05-14 06:43:22 UTC,end_normal
c134c296cf923225d838979270d37c47,2026-05-16 13:04:10 UTC,2026-05-16 13:05:25 UTC,2026-05-16 13:04:40 UTC,NA,NA,NA,NA,NA,NA,NA,NA,NA,NA,NA,NA,NA,NA,NA,NA,NA,NA,NA,NA,NA,NA,NA,hovedstaden,grundskole,2008,Mand,704,NA,NA,NA,NA,2026-05-16 13:04:54 UTC,2026-05-16 13:04:53 UTC,2026-05-16 13:04:51 UTC,NA,NA,NA,NA,NA,NA,NA,NA,NA,NA,NA,NA,NA,NA,NA,NA,NA,NA,NA,NA,NA,NA,NA,NA,NA,NA,2026-05-16 13:04:55 UTC,2026-05-16 13:04:24 UTC,2026-05-16 13:04:10 UTC,NA,NA,NA,NA,issue_positions
c16ac3f86cdf73b2d940deb5473ebdce,2026-05-17 19:42:57 UTC,2026-05-17 19:45:05 UTC,2026-05-17 19:43:08 UTC,NA,NA,NA,NA,NA,NA,NA,NA,NA,NA,NA,NA,NA,NA,NA,NA,NA,7,sf,3,2,NA,1,sjaelland,kort_videre,1976,Kvinde,6,2026-05-17 19:43:56 UTC,2026-05-17 19:43:46 UTC,NA,2026-05-17 19:43:39 UTC,2026-05-17 19:43:30 UTC,2026-05-17 19:43:23 UTC,2026-05-17 19:43:18 UTC,NA,NA,NA,NA,NA,NA,2026-05-17 19:44:09 UTC,2026-05-17 19:44:03 UTC,NA,NA,NA,NA,NA,NA,NA,NA,NA,NA,NA,NA,NA,NA,NA,2026-05-17 19:44:14 UTC,2026-05-17 19:44:10 UTC,2026-05-17 19:43:57 UTC,2026-05-17 19:43:34 UTC,2026-05-17 19:43:05 UTC,2026-05-17 19:42:57 UTC,NA,NA,NA,NA,cbc_q1_page
c17c476542db731178ffe688b6dad9ff,2026-06-20 09:09:52 UTC,2026-06-20 09:15:09 UTC,2026-06-20 09:10:04 UTC,5,5,5,5,5,NA,1,2,1,2,2,NA,option_1,option_2,option_2,option_2,option_2,8,sf,NA,3,NA,1,syddanmark,gymnasial,1999,Kvinde,1573,NA,2026-06-20 09:10:51 UTC,NA,2026-06-20 09:10:42 UTC,2026-06-20 09:10:25 UTC,2026-06-20 09:10:15 UTC,2026-06-20 09:10:08 UTC,NA,2026-06-20 09:13:00 UTC,2026-06-20 09:12:49 UTC,2026-06-20 09:12:31 UTC,2026-06-20 09:12:11 UTC,2026-06-20 09:11:45 UTC,2026-06-20 09:11:05 UTC,2026-06-20 09:10:58 UTC,2026-06-20 09:14:22 UTC,2026-06-20 09:14:19 UTC,2026-06-20 09:14:16 UTC,2026-06-20 09:14:13 UTC,NA,2026-06-20 09:14:02 UTC,2026-06-20 09:13:59 UTC,2026-06-20 09:13:55 UTC,2026-06-20 09:13:51 UTC,2026-06-20 09:13:39 UTC,2026-06-20 09:13:00 UTC,2026-06-20 09:12:49 UTC,2026-06-20 09:12:31 UTC,2026-06-20 09:12:13 UTC,2026-06-20 09:11:51 UTC,2026-06-20 09:11:14 UTC,2026-06-20 09:11:07 UTC,2026-06-20 09:10:52 UTC,2026-06-20 09:10:27 UTC,2026-06-20 09:10:00 UTC,2026-06-20 09:09:52 UTC,2026-06-20 09:14:24 UTC,2026-06-20 09:14:31 UTC,2026-06-20 09:14:03 UTC,2026-06-20 09:13:08 UTC,end_normal
c1d5a320c45885a90b9c7db75157c85d,2026-05-12 19:13:54 UTC,2026-05-12 19:20:42 UTC,2026-05-12 19:14:08 UTC,2,3,3,3,3,NA,4,4,4,4,4,NA,option_2,option_1,option_2,option_2,option_2,7,sf,NA,3,3,2,midtjylland,mellemlang_videre,1997,Kvinde,412,NA,2026-05-12 19:15:21 UTC,2026-05-12 19:15:07 UTC,2026-05-12 19:14:46 UTC,2026-05-12 19:14:28 UTC,2026-05-12 19:14:20 UTC,2026-05-12 19:14:13 UTC,NA,2026-05-12 19:17:53 UTC,2026-05-12 19:17:36 UTC,2026-05-12 19:17:12 UTC,2026-05-12 19:16:57 UTC,2026-05-12 19:16:16 UTC,2026-05-12 19:15:42 UTC,2026-05-12 19:15:31 UTC,2026-05-12 19:20:13 UTC,2026-05-12 19:20:04 UTC,2026-05-12 19:19:52 UTC,2026-05-12 19:19:35 UTC,NA,2026-05-12 19:19:22 UTC,2026-05-12 19:19:13 UTC,2026-05-12 19:19:00 UTC,2026-05-12 19:18:51 UTC,2026-05-12 19:18:39 UTC,2026-05-12 19:17:57 UTC,2026-05-12 19:17:37 UTC,2026-05-12 19:17:13 UTC,2026-05-12 19:16:59 UTC,2026-05-12 19:16:20 UTC,2026-05-12 19:15:46 UTC,2026-05-12 19:15:43 UTC,2026-05-12 19:15:22 UTC,2026-05-12 19:14:29 UTC,2026-05-12 19:14:04 UTC,2026-05-12 19:13:54 UTC,2026-05-12 19:20:16 UTC,2026-05-12 19:20:20 UTC,2026-05-12 19:19:24 UTC,2026-05-12 19:18:09 UTC,end_normal
c20322ef0fbe4fc0d5369a995db7f0c4,2026-05-15 16:38:26 UTC,2026-05-15 16:50:06 UTC,2026-05-15 16:38:45 UTC,3,3,3,4,4,NA,1,3,2,2,3,NA,option_2,option_2,option_1,option_2,option_2,9,socialdemokratiet,NA,3,3,2,nordjylland,grundskole,1959,Kvinde,164,NA,2026-05-15 16:39:57 UTC,2026-05-15 16:39:30 UTC,2026-05-15 16:39:17 UTC,2026-05-15 16:39:00 UTC,2026-05-15 16:38:57 UTC,2026-05-15 16:38:53 UTC,NA,2026-05-15 16:43:12 UTC,2026-05-15 16:42:48 UTC,2026-05-15 16:42:19 UTC,2026-05-15 16:41:47 UTC,2026-05-15 16:41:20 UTC,2026-05-15 16:40:12 UTC,2026-05-15 16:40:03 UTC,2026-05-15 16:44:48 UTC,2026-05-15 16:44:44 UTC,2026-05-15 16:44:40 UTC,2026-05-15 16:44:32 UTC,NA,2026-05-15 16:44:06 UTC,2026-05-15 16:44:02 UTC,2026-05-15 16:43:58 UTC,2026-05-15 16:43:54 UTC,2026-05-15 16:43:46 UTC,2026-05-15 16:43:15 UTC,2026-05-15 16:42:51 UTC,2026-05-15 16:42:21 UTC,2026-05-15 16:41:48 UTC,2026-05-15 16:41:22 UTC,2026-05-15 16:40:30 UTC,2026-05-15 16:40:14 UTC,2026-05-15 16:39:59 UTC,2026-05-15 16:39:03 UTC,2026-05-15 16:38:43 UTC,2026-05-15 16:38:26 UTC,2026-05-15 16:44:50 UTC,2026-05-15 16:44:53 UTC,2026-05-15 16:44:07 UTC,2026-05-15 16:43:25 UTC,end_normal
c255ba097affc534104f099340157f8a,2026-05-18 08:02:57 UTC,2026-05-18 08:08:45 UTC,2026-05-18 08:03:10 UTC,3,5,3,4,3,NA,2,3,3,3,3,NA,option_2,option_1,option_2,option_1,option_1,0,sf,3,2,1,2,sjaelland,lang_videre,1984,Mand,52,2026-05-18 08:04:05 UTC,2026-05-18 08:04:01 UTC,2026-05-18 08:03:53 UTC,2026-05-18 08:03:44 UTC,2026-05-18 08:03:27 UTC,2026-05-18 08:03:24 UTC,2026-05-18 08:03:16 UTC,NA,2026-05-18 08:06:43 UTC,2026-05-18 08:06:21 UTC,2026-05-18 08:05:58 UTC,2026-05-18 08:05:29 UTC,2026-05-18 08:05:04 UTC,2026-05-18 08:04:21 UTC,2026-05-18 08:04:14 UTC,2026-05-18 08:07:55 UTC,2026-05-18 08:07:52 UTC,2026-05-18 08:07:48 UTC,2026-05-18 08:07:47 UTC,NA,2026-05-18 08:07:26 UTC,2026-05-18 08:07:17 UTC,2026-05-18 08:07:15 UTC,2026-05-18 08:07:12 UTC,2026-05-18 08:07:11 UTC,2026-05-18 08:06:43 UTC,2026-05-18 08:06:23 UTC,2026-05-18 08:05:59 UTC,2026-05-18 08:05:30 UTC,2026-05-18 08:05:05 UTC,2026-05-18 08:04:36 UTC,2026-05-18 08:04:23 UTC,2026-05-18 08:04:08 UTC,2026-05-18 08:03:30 UTC,2026-05-18 08:03:06 UTC,2026-05-18 08:02:57 UTC,2026-05-18 08:08:05 UTC,2026-05-18 08:08:06 UTC,2026-05-18 08:07:29 UTC,2026-05-18 08:06:51 UTC,end_normal
c2628e6c5ece2a75d4246973beeb7e0a,2026-05-14 07:18:50 UTC,2026-05-14 07:24:12 UTC,2026-05-14 07:20:01 UTC,1,2,2,3,2,NA,5,5,5,5,4,NA,option_1,option_2,option_1,option_1,option_1,6,enhedslisten,NA,3,NA,3,hovedstaden,mellemlang_videre,1999,Mand,914,NA,2026-05-14 07:20:34 UTC,NA,2026-05-14 07:20:26 UTC,2026-05-14 07:20:17 UTC,2026-05-14 07:20:11 UTC,2026-05-14 07:20:04 UTC,NA,2026-05-14 07:22:41 UTC,2026-05-14 07:22:24 UTC,2026-05-14 07:22:04 UTC,2026-05-14 07:21:34 UTC,2026-05-14 07:21:11 UTC,2026-05-14 07:20:47 UTC,2026-05-14 07:20:44 UTC,2026-05-14 07:23:48 UTC,2026-05-14 07:23:46 UTC,2026-05-14 07:23:43 UTC,2026-05-14 07:23:35 UTC,NA,2026-05-14 07:23:20 UTC,2026-05-14 07:23:17 UTC,2026-05-14 07:23:14 UTC,2026-05-14 07:23:11 UTC,2026-05-14 07:23:05 UTC,2026-05-14 07:22:41 UTC,2026-05-14 07:22:25 UTC,2026-05-14 07:22:05 UTC,2026-05-14 07:21:35 UTC,2026-05-14 07:21:11 UTC,2026-05-14 07:20:52 UTC,2026-05-14 07:20:48 UTC,2026-05-14 07:20:35 UTC,2026-05-14 07:20:18 UTC,2026-05-14 07:19:53 UTC,2026-05-14 07:18:50 UTC,2026-05-14 07:23:50 UTC,2026-05-14 07:23:51 UTC,2026-05-14 07:23:21 UTC,2026-05-14 07:22:51 UTC,end_normal
c2e503d3307d7ad7d6f4b3890ca3c240,2026-06-20 08:11:12 UTC,2026-06-20 08:20:56 UTC,2026-06-20 08:11:46 UTC,1,1,1,1,1,NA,5,5,5,5,5,NA,option_1,option_1,option_1,option_1,option_1,8,enhedslisten,NA,3,NA,3,syddanmark,kort_videre,1966,Kvinde,1024,NA,2026-06-20 08:13:20 UTC,NA,2026-06-20 08:13:05 UTC,2026-06-20 08:12:40 UTC,2026-06-20 08:12:28 UTC,2026-06-20 08:12:15 UTC,NA,2026-06-20 08:18:36 UTC,2026-06-20 08:17:20 UTC,2026-06-20 08:16:51 UTC,2026-06-20 08:15:57 UTC,2026-06-20 08:14:51 UTC,2026-06-20 08:13:40 UTC,2026-06-20 08:13:34 UTC,2026-06-20 08:20:09 UTC,2026-06-20 08:20:06 UTC,2026-06-20 08:20:04 UTC,2026-06-20 08:19:59 UTC,NA,2026-06-20 08:19:37 UTC,2026-06-20 08:19:34 UTC,2026-06-20 08:19:30 UTC,2026-06-20 08:19:29 UTC,2026-06-20 08:19:22 UTC,2026-06-20 08:18:39 UTC,2026-06-20 08:17:27 UTC,2026-06-20 08:16:54 UTC,2026-06-20 08:15:58 UTC,2026-06-20 08:14:53 UTC,2026-06-20 08:14:05 UTC,2026-06-20 08:13:44 UTC,2026-06-20 08:13:21 UTC,2026-06-20 08:12:40 UTC,2026-06-20 08:11:40 UTC,2026-06-20 08:11:12 UTC,2026-06-20 08:20:10 UTC,2026-06-20 08:20:11 UTC,2026-06-20 08:19:41 UTC,2026-06-20 08:18:53 UTC,end_normal
c30007a7fcfe7f3e8100574347658404,2026-06-19 21:50:54 UTC,2026-06-19 21:56:45 UTC,2026-06-19 21:51:09 UTC,NA,NA,NA,NA,NA,NA,NA,NA,NA,NA,NA,NA,option_2,option_1,option_1,option_1,option_1,4,socialdemokratiet,3,2,3,2,syddanmark,mellemlang_videre,1958,Mand,119,2026-06-19 21:53:15 UTC,2026-06-19 21:52:37 UTC,2026-06-19 21:52:22 UTC,2026-06-19 21:51:58 UTC,2026-06-19 21:51:39 UTC,2026-06-19 21:51:33 UTC,2026-06-19 21:51:19 UTC,NA,2026-06-19 21:55:42 UTC,2026-06-19 21:55:25 UTC,2026-06-19 21:54:57 UTC,2026-06-19 21:54:37 UTC,2026-06-19 21:54:19 UTC,2026-06-19 21:53:25 UTC,2026-06-19 21:53:36 UTC,NA,NA,NA,NA,NA,NA,NA,NA,NA,NA,2026-06-19 21:55:44 UTC,2026-06-19 21:55:26 UTC,2026-06-19 21:55:02 UTC,2026-06-19 21:54:40 UTC,2026-06-19 21:54:21 UTC,2026-06-19 21:53:58 UTC,2026-06-19 21:53:42 UTC,2026-06-19 21:53:18 UTC,2026-06-19 21:51:41 UTC,2026-06-19 21:51:05 UTC,2026-06-19 21:50:54 UTC,NA,NA,NA,2026-06-19 21:55:54 UTC,single_profile_1
c305e73fa30ad6a81f2647c8ea9eb0c3,2026-05-14 08:48:54 UTC,2026-05-14 08:51:39 UTC,2026-05-14 08:49:02 UTC,1,1,1,1,1,NA,2,2,2,2,1,NA,option_2,option_1,option_1,option_1,option_2,3,liberal_alliance,NA,1,NA,1,syddanmark,gymnasial,1972,Mand,1558,NA,2026-05-14 08:49:15 UTC,NA,2026-05-14 08:49:13 UTC,2026-05-14 08:49:10 UTC,2026-05-14 08:49:08 UTC,2026-05-14 08:49:06 UTC,NA,2026-05-14 08:50:09 UTC,2026-05-14 08:50:03 UTC,2026-05-14 08:49:54 UTC,2026-05-14 08:49:49 UTC,2026-05-14 08:49:41 UTC,2026-05-14 08:49:25 UTC,2026-05-14 08:49:23 UTC,2026-05-14 08:50:36 UTC,2026-05-14 08:50:34 UTC,2026-05-14 08:50:34 UTC,2026-05-14 08:50:33 UTC,NA,2026-05-14 08:50:26 UTC,2026-05-14 08:50:25 UTC,2026-05-14 08:50:24 UTC,2026-05-14 08:50:24 UTC,2026-05-14 08:50:23 UTC,2026-05-14 08:50:11 UTC,2026-05-14 08:50:04 UTC,2026-05-14 08:49:55 UTC,2026-05-14 08:49:50 UTC,2026-05-14 08:49:41 UTC,2026-05-14 08:49:29 UTC,2026-05-14 08:49:26 UTC,2026-05-14 08:49:15 UTC,2026-05-14 08:49:10 UTC,2026-05-14 08:48:59 UTC,2026-05-14 08:48:54 UTC,2026-05-14 08:50:37 UTC,2026-05-14 08:50:37 UTC,2026-05-14 08:50:27 UTC,2026-05-14 08:50:14 UTC,end_normal
c34617e82d9cb61f420c7abf6fbd4edf,2026-05-23 19:56:57 UTC,2026-05-23 20:04:34 UTC,2026-05-23 19:57:13 UTC,5,5,5,5,5,NA,4,3,5,4,3,NA,option_2,option_1,option_1,option_2,option_2,8,moderaterne,3,2,1,2,sjaelland,kort_videre,1971,Kvinde,197,2026-05-23 19:58:43 UTC,2026-05-23 19:58:32 UTC,2026-05-23 19:58:14 UTC,2026-05-23 19:57:58 UTC,2026-05-23 19:57:43 UTC,2026-05-23 19:57:31 UTC,2026-05-23 19:57:20 UTC,NA,2026-05-23 20:02:13 UTC,2026-05-23 20:01:51 UTC,2026-05-23 20:01:17 UTC,2026-05-23 20:00:39 UTC,2026-05-23 20:00:11 UTC,2026-05-23 19:59:06 UTC,2026-05-23 19:58:55 UTC,2026-05-23 20:03:59 UTC,2026-05-23 20:03:55 UTC,2026-05-23 20:03:53 UTC,2026-05-23 20:03:52 UTC,NA,2026-05-23 20:03:20 UTC,2026-05-23 20:03:13 UTC,2026-05-23 20:03:09 UTC,2026-05-23 20:03:02 UTC,2026-05-23 20:03:03 UTC,2026-05-23 20:02:14 UTC,2026-05-23 20:01:53 UTC,2026-05-23 20:01:20 UTC,2026-05-23 20:00:40 UTC,2026-05-23 20:00:13 UTC,2026-05-23 19:59:32 UTC,2026-05-23 19:59:08 UTC,2026-05-23 19:58:44 UTC,2026-05-23 19:57:45 UTC,2026-05-23 19:57:07 UTC,2026-05-23 19:56:57 UTC,2026-05-23 20:04:00 UTC,2026-05-23 20:04:03 UTC,2026-05-23 20:03:23 UTC,2026-05-23 20:02:25 UTC,end_normal
c35a804bbf6b4bc3a47a4b14788e43cc,2026-06-20 15:22:21 UTC,2026-06-20 15:25:06 UTC,2026-06-20 15:22:35 UTC,NA,NA,NA,NA,NA,NA,NA,NA,NA,NA,NA,NA,NA,NA,NA,NA,NA,5,sf,1,2,NA,3,midtjylland,mellemlang_videre,1998,Kvinde,88,2026-06-20 15:23:43 UTC,2026-06-20 15:23:20 UTC,NA,2026-06-20 15:22:59 UTC,2026-06-20 15:22:48 UTC,2026-06-20 15:22:45 UTC,2026-06-20 15:22:38 UTC,NA,NA,NA,NA,NA,NA,2026-06-20 15:24:03 UTC,2026-06-20 15:23:57 UTC,NA,NA,NA,NA,NA,NA,NA,NA,NA,NA,NA,NA,NA,NA,NA,2026-06-20 15:24:07 UTC,2026-06-20 15:24:03 UTC,2026-06-20 15:23:43 UTC,2026-06-20 15:22:49 UTC,2026-06-20 15:22:32 UTC,2026-06-20 15:22:21 UTC,NA,NA,NA,NA,cbc_q1_page
c362079a1ac6864cc4ba6df08b4d9834,2026-06-19 21:02:17 UTC,2026-06-19 21:04:08 UTC,2026-06-19 21:02:38 UTC,NA,NA,NA,NA,NA,NA,NA,NA,NA,NA,NA,NA,NA,NA,NA,NA,NA,6,radikale,3,2,NA,3,midtjylland,lang_videre,1962,Kvinde,646,2026-06-19 21:03:25 UTC,2026-06-19 21:03:14 UTC,NA,2026-06-19 21:03:03 UTC,2026-06-19 21:02:54 UTC,2026-06-19 21:02:51 UTC,2026-06-19 21:02:45 UTC,NA,NA,NA,NA,NA,NA,2026-06-19 21:03:39 UTC,2026-06-19 21:03:34 UTC,NA,NA,NA,NA,NA,NA,NA,NA,NA,NA,NA,NA,NA,NA,NA,2026-06-19 21:03:50 UTC,2026-06-19 21:03:41 UTC,2026-06-19 21:03:27 UTC,2026-06-19 21:02:55 UTC,2026-06-19 21:02:32 UTC,2026-06-19 21:02:17 UTC,NA,NA,NA,NA,cbc_q1_page
c441369bb67b8f0bea824e26967d10da,2026-06-21 18:52:34 UTC,2026-06-21 18:58:24 UTC,2026-06-21 18:52:52 UTC,3,4,3,4,4,NA,1,1,1,1,1,NA,option_2,option_1,option_1,option_2,option_1,6,danmarksdemokraterne,1,2,NA,1,syddanmark,erhvervsuddannelse,1963,Mand,1101,2026-06-21 18:54:05 UTC,2026-06-21 18:53:52 UTC,NA,2026-06-21 18:53:43 UTC,2026-06-21 18:53:32 UTC,2026-06-21 18:53:27 UTC,2026-06-21 18:53:00 UTC,NA,2026-06-21 18:56:14 UTC,2026-06-21 18:55:54 UTC,2026-06-21 18:55:31 UTC,2026-06-21 18:55:11 UTC,2026-06-21 18:54:47 UTC,2026-06-21 18:54:21 UTC,2026-06-21 18:54:13 UTC,2026-06-21 18:57:01 UTC,2026-06-21 18:57:00 UTC,2026-06-21 18:56:59 UTC,2026-06-21 18:56:58 UTC,NA,2026-06-21 18:56:47 UTC,2026-06-21 18:56:46 UTC,2026-06-21 18:56:45 UTC,2026-06-21 18:56:43 UTC,2026-06-21 18:56:40 UTC,2026-06-21 18:56:19 UTC,2026-06-21 18:55:58 UTC,2026-06-21 18:55:33 UTC,2026-06-21 18:55:15 UTC,2026-06-21 18:54:49 UTC,2026-06-21 18:54:29 UTC,2026-06-21 18:54:22 UTC,2026-06-21 18:54:05 UTC,2026-06-21 18:53:35 UTC,2026-06-21 18:52:48 UTC,2026-06-21 18:52:34 UTC,2026-06-21 18:57:01 UTC,2026-06-21 18:57:02 UTC,2026-06-21 18:56:48 UTC,2026-06-21 18:56:24 UTC,end_normal
c54127b0f201b9a6944ec52777690f5b,2026-06-20 18:02:35 UTC,2026-06-20 18:10:28 UTC,2026-06-20 18:02:59 UTC,3,5,5,5,1,NA,3,4,4,4,1,NA,option_2,option_2,option_1,option_1,option_2,8,stemte_ikke,NA,1,1,2,midtjylland,mellemlang_videre,1997,Kvinde,146,NA,2026-06-20 18:04:29 UTC,2026-06-20 18:04:04 UTC,2026-06-20 18:03:49 UTC,2026-06-20 18:03:25 UTC,2026-06-20 18:03:20 UTC,2026-06-20 18:03:03 UTC,NA,2026-06-20 18:08:13 UTC,2026-06-20 18:07:21 UTC,2026-06-20 18:07:00 UTC,2026-06-20 18:06:38 UTC,2026-06-20 18:05:55 UTC,2026-06-20 18:05:00 UTC,2026-06-20 18:04:44 UTC,2026-06-20 18:09:43 UTC,2026-06-20 18:09:40 UTC,2026-06-20 18:09:37 UTC,2026-06-20 18:09:35 UTC,NA,2026-06-20 18:09:11 UTC,2026-06-20 18:09:07 UTC,2026-06-20 18:09:03 UTC,2026-06-20 18:08:57 UTC,2026-06-20 18:08:50 UTC,2026-06-20 18:08:14 UTC,2026-06-20 18:07:21 UTC,2026-06-20 18:07:02 UTC,2026-06-20 18:06:38 UTC,2026-06-20 18:05:56 UTC,2026-06-20 18:05:19 UTC,2026-06-20 18:05:03 UTC,2026-06-20 18:04:30 UTC,2026-06-20 18:03:26 UTC,2026-06-20 18:02:45 UTC,2026-06-20 18:02:35 UTC,2026-06-20 18:09:48 UTC,2026-06-20 18:09:49 UTC,2026-06-20 18:09:12 UTC,2026-06-20 18:08:23 UTC,end_normal
c567fa263ff4b54ed3bca41806b7948a,2026-05-13 15:59:37 UTC,2026-05-13 16:07:50 UTC,2026-05-13 16:00:12 UTC,3,4,5,4,4,NA,1,1,2,2,1,NA,option_2,option_1,option_2,option_1,option_2,7,socialdemokratiet,NA,3,3,2,midtjylland,kort_videre,1964,Kvinde,407,NA,2026-05-13 16:01:19 UTC,2026-05-13 16:01:06 UTC,2026-05-13 16:00:50 UTC,2026-05-13 16:00:32 UTC,2026-05-13 16:00:27 UTC,2026-05-13 16:00:21 UTC,NA,2026-05-13 16:05:10 UTC,2026-05-13 16:04:31 UTC,2026-05-13 16:04:07 UTC,2026-05-13 16:03:40 UTC,2026-05-13 16:02:51 UTC,2026-05-13 16:01:38 UTC,2026-05-13 16:01:28 UTC,2026-05-13 16:07:17 UTC,2026-05-13 16:07:07 UTC,2026-05-13 16:06:59 UTC,2026-05-13 16:06:58 UTC,NA,2026-05-13 16:06:28 UTC,2026-05-13 16:06:23 UTC,2026-05-13 16:06:15 UTC,2026-05-13 16:06:11 UTC,2026-05-13 16:06:00 UTC,2026-05-13 16:05:12 UTC,2026-05-13 16:04:32 UTC,2026-05-13 16:04:07 UTC,2026-05-13 16:03:42 UTC,2026-05-13 16:02:54 UTC,2026-05-13 16:02:01 UTC,2026-05-13 16:01:40 UTC,2026-05-13 16:01:20 UTC,2026-05-13 16:00:34 UTC,2026-05-13 16:00:08 UTC,2026-05-13 15:59:37 UTC,2026-05-13 16:07:23 UTC,2026-05-13 16:07:24 UTC,2026-05-13 16:06:28 UTC,2026-05-13 16:05:25 UTC,end_normal
c63d805d161c1598bdaf601695337b55,2026-06-20 21:17:51 UTC,2026-06-20 21:26:58 UTC,2026-06-20 21:18:09 UTC,1,3,3,5,5,NA,2,5,4,4,5,NA,option_1,option_2,option_1,option_1,option_2,9,socialdemokratiet,3,2,1,2,syddanmark,mellemlang_videre,1959,Mand,1112,2026-06-20 21:19:47 UTC,2026-06-20 21:19:32 UTC,2026-06-20 21:19:20 UTC,2026-06-20 21:18:45 UTC,2026-06-20 21:18:31 UTC,2026-06-20 21:18:26 UTC,2026-06-20 21:18:18 UTC,NA,2026-06-20 21:23:58 UTC,2026-06-20 21:23:23 UTC,2026-06-20 21:22:33 UTC,2026-06-20 21:21:50 UTC,2026-06-20 21:21:11 UTC,2026-06-20 21:20:08 UTC,2026-06-20 21:19:57 UTC,2026-06-20 21:26:19 UTC,2026-06-20 21:26:13 UTC,2026-06-20 21:26:04 UTC,2026-06-20 21:26:02 UTC,NA,2026-06-20 21:25:26 UTC,2026-06-20 21:25:20 UTC,2026-06-20 21:25:15 UTC,2026-06-20 21:25:11 UTC,2026-06-20 21:25:06 UTC,2026-06-20 21:23:59 UTC,2026-06-20 21:23:25 UTC,2026-06-20 21:22:34 UTC,2026-06-20 21:21:52 UTC,2026-06-20 21:21:13 UTC,2026-06-20 21:20:20 UTC,2026-06-20 21:20:11 UTC,2026-06-20 21:19:49 UTC,2026-06-20 21:18:37 UTC,2026-06-20 21:18:03 UTC,2026-06-20 21:17:51 UTC,2026-06-20 21:26:24 UTC,2026-06-20 21:26:24 UTC,2026-06-20 21:25:40 UTC,2026-06-20 21:24:12 UTC,end_normal
c6486c38d2aadeed198d7d6b98877190,2026-05-13 16:32:58 UTC,2026-05-13 16:38:17 UTC,2026-05-13 16:33:08 UTC,2,2,2,2,2,NA,4,4,3,3,3,NA,option_1,option_2,option_2,option_1,option_2,3,radikale,3,2,3,2,hovedstaden,mellemlang_videre,2000,Kvinde,1666,2026-05-13 16:34:05 UTC,2026-05-13 16:34:01 UTC,2026-05-13 16:33:35 UTC,2026-05-13 16:33:29 UTC,2026-05-13 16:33:21 UTC,2026-05-13 16:33:19 UTC,2026-05-13 16:33:11 UTC,NA,2026-05-13 16:35:41 UTC,2026-05-13 16:35:23 UTC,2026-05-13 16:35:09 UTC,2026-05-13 16:34:55 UTC,2026-05-13 16:34:37 UTC,2026-05-13 16:34:12 UTC,2026-05-13 16:34:14 UTC,2026-05-13 16:37:01 UTC,2026-05-13 16:36:59 UTC,2026-05-13 16:36:54 UTC,2026-05-13 16:36:51 UTC,NA,2026-05-13 16:36:41 UTC,2026-05-13 16:36:38 UTC,2026-05-13 16:36:36 UTC,2026-05-13 16:36:34 UTC,2026-05-13 16:36:34 UTC,2026-05-13 16:36:00 UTC,2026-05-13 16:35:24 UTC,2026-05-13 16:35:10 UTC,2026-05-13 16:34:57 UTC,2026-05-13 16:34:38 UTC,2026-05-13 16:34:22 UTC,2026-05-13 16:34:16 UTC,2026-05-13 16:34:06 UTC,2026-05-13 16:33:22 UTC,2026-05-13 16:33:04 UTC,2026-05-13 16:32:58 UTC,2026-05-13 16:37:02 UTC,2026-05-13 16:37:04 UTC,2026-05-13 16:36:41 UTC,2026-05-13 16:36:17 UTC,end_normal
c65932b66347497c9764fceef059bd7f,2026-06-20 03:37:11 UTC,2026-06-20 03:42:06 UTC,2026-06-20 03:37:32 UTC,NA,NA,NA,4,3,NA,3,3,4,4,2,NA,option_2,option_2,option_1,option_2,option_1,6,sf,NA,3,NA,1,syddanmark,erhvervsuddannelse,1963,Mand,131,NA,2026-06-20 03:38:11 UTC,NA,2026-06-20 03:38:03 UTC,2026-06-20 03:37:45 UTC,2026-06-20 03:37:41 UTC,2026-06-20 03:37:38 UTC,NA,2026-06-20 03:40:25 UTC,2026-06-20 03:40:09 UTC,2026-06-20 03:39:53 UTC,2026-06-20 03:39:34 UTC,2026-06-20 03:39:14 UTC,2026-06-20 03:38:27 UTC,2026-06-20 03:38:37 UTC,NA,NA,2026-06-20 03:41:44 UTC,2026-06-20 03:41:41 UTC,NA,2026-06-20 03:41:03 UTC,2026-06-20 03:41:18 UTC,2026-06-20 03:41:00 UTC,2026-06-20 03:41:28 UTC,2026-06-20 03:40:58 UTC,2026-06-20 03:40:26 UTC,2026-06-20 03:40:11 UTC,2026-06-20 03:39:54 UTC,2026-06-20 03:39:36 UTC,2026-06-20 03:39:15 UTC,2026-06-20 03:38:54 UTC,2026-06-20 03:38:39 UTC,2026-06-20 03:38:18 UTC,2026-06-20 03:37:47 UTC,2026-06-20 03:37:26 UTC,2026-06-20 03:37:11 UTC,NA,NA,2026-06-20 03:41:28 UTC,2026-06-20 03:40:35 UTC,single_profile_2
c65ef9ffa2841e041c4bb2ec7ad53d5a,2026-05-25 18:52:14 UTC,2026-05-25 18:57:24 UTC,2026-05-25 18:52:24 UTC,4,2,2,3,2,NA,2,4,3,3,3,NA,option_1,option_2,option_1,option_2,option_2,5,konservative,NA,1,1,2,midtjylland,mellemlang_videre,2002,Kvinde,1176,NA,2026-05-25 18:53:01 UTC,2026-05-25 18:52:53 UTC,2026-05-25 18:52:48 UTC,2026-05-25 18:52:36 UTC,2026-05-25 18:52:30 UTC,2026-05-25 18:52:27 UTC,NA,2026-05-25 18:55:21 UTC,2026-05-25 18:55:03 UTC,2026-05-25 18:54:47 UTC,2026-05-25 18:54:28 UTC,2026-05-25 18:53:59 UTC,2026-05-25 18:53:20 UTC,2026-05-25 18:53:08 UTC,2026-05-25 18:56:18 UTC,2026-05-25 18:56:14 UTC,2026-05-25 18:56:10 UTC,2026-05-25 18:56:07 UTC,NA,2026-05-25 18:55:53 UTC,2026-05-25 18:55:50 UTC,2026-05-25 18:55:48 UTC,2026-05-25 18:55:40 UTC,2026-05-25 18:55:39 UTC,2026-05-25 18:55:22 UTC,2026-05-25 18:55:06 UTC,2026-05-25 18:54:49 UTC,2026-05-25 18:54:31 UTC,2026-05-25 18:54:02 UTC,2026-05-25 18:53:25 UTC,2026-05-25 18:53:22 UTC,2026-05-25 18:53:04 UTC,2026-05-25 18:52:37 UTC,2026-05-25 18:52:22 UTC,2026-05-25 18:52:14 UTC,2026-05-25 18:56:19 UTC,2026-05-25 18:56:22 UTC,2026-05-25 18:55:53 UTC,2026-05-25 18:55:26 UTC,end_normal
c6c5afdcb6be02af85d15562c6d1b3dd,2026-05-23 16:08:58 UTC,2026-05-23 16:14:03 UTC,2026-05-23 16:09:16 UTC,4,5,4,2,3,NA,3,3,3,5,4,NA,option_1,option_2,option_2,option_1,option_1,8,sf,NA,3,NA,3,midtjylland,lang_videre,1999,Mand,97,NA,2026-05-23 16:09:44 UTC,NA,2026-05-23 16:09:39 UTC,2026-05-23 16:09:28 UTC,2026-05-23 16:09:25 UTC,2026-05-23 16:09:19 UTC,NA,2026-05-23 16:12:13 UTC,2026-05-23 16:11:56 UTC,2026-05-23 16:11:29 UTC,2026-05-23 16:11:04 UTC,2026-05-23 16:10:41 UTC,2026-05-23 16:10:04 UTC,2026-05-23 16:10:00 UTC,2026-05-23 16:13:34 UTC,2026-05-23 16:13:37 UTC,2026-05-23 16:13:39 UTC,2026-05-23 16:13:39 UTC,NA,2026-05-23 16:13:06 UTC,2026-05-23 16:13:01 UTC,2026-05-23 16:12:55 UTC,2026-05-23 16:12:46 UTC,2026-05-23 16:12:38 UTC,2026-05-23 16:12:15 UTC,2026-05-23 16:11:58 UTC,2026-05-23 16:11:29 UTC,2026-05-23 16:11:06 UTC,2026-05-23 16:10:48 UTC,2026-05-23 16:10:21 UTC,2026-05-23 16:10:06 UTC,2026-05-23 16:09:50 UTC,2026-05-23 16:09:31 UTC,2026-05-23 16:09:07 UTC,2026-05-23 16:08:58 UTC,2026-05-23 16:13:31 UTC,2026-05-23 16:13:44 UTC,2026-05-23 16:13:06 UTC,2026-05-23 16:12:23 UTC,end_normal
c73da6e0e1e07e7bf17a6e76f987efbc,2026-05-13 16:19:48 UTC,2026-05-13 16:26:30 UTC,2026-05-13 16:20:30 UTC,4,3,3,3,3,NA,1,3,3,3,3,NA,option_1,option_2,option_2,option_2,option_1,1,dansk_folkeparti,1,2,NA,1,sjaelland,lang_videre,1987,Kvinde,1221,2026-05-13 16:21:29 UTC,2026-05-13 16:21:06 UTC,NA,2026-05-13 16:20:56 UTC,2026-05-13 16:20:41 UTC,2026-05-13 16:20:38 UTC,2026-05-13 16:20:33 UTC,NA,2026-05-13 16:24:21 UTC,2026-05-13 16:24:08 UTC,2026-05-13 16:23:42 UTC,2026-05-13 16:23:25 UTC,2026-05-13 16:23:06 UTC,2026-05-13 16:21:47 UTC,2026-05-13 16:21:42 UTC,2026-05-13 16:25:49 UTC,2026-05-13 16:25:47 UTC,2026-05-13 16:25:45 UTC,2026-05-13 16:25:45 UTC,NA,2026-05-13 16:25:17 UTC,2026-05-13 16:25:15 UTC,2026-05-13 16:25:09 UTC,2026-05-13 16:25:03 UTC,2026-05-13 16:24:54 UTC,2026-05-13 16:24:22 UTC,2026-05-13 16:24:10 UTC,2026-05-13 16:23:52 UTC,2026-05-13 16:23:25 UTC,2026-05-13 16:23:08 UTC,2026-05-13 16:22:08 UTC,2026-05-13 16:21:50 UTC,2026-05-13 16:21:31 UTC,2026-05-13 16:20:43 UTC,2026-05-13 16:20:25 UTC,2026-05-13 16:19:48 UTC,2026-05-13 16:25:54 UTC,2026-05-13 16:25:55 UTC,2026-05-13 16:25:19 UTC,2026-05-13 16:24:35 UTC,end_normal
c797a7207d80ee409c82eab2d6feb55e,2026-05-18 17:40:32 UTC,2026-05-18 17:48:06 UTC,2026-05-18 17:41:15 UTC,1,1,4,1,1,NA,2,5,4,5,5,NA,option_2,option_2,option_2,option_2,option_2,8,radikale,1,2,NA,1,hovedstaden,lang_videre,1999,Mand,29,2026-05-18 17:42:34 UTC,2026-05-18 17:41:50 UTC,NA,2026-05-18 17:41:39 UTC,2026-05-18 17:41:25 UTC,2026-05-18 17:41:21 UTC,2026-05-18 17:41:19 UTC,NA,2026-05-18 17:45:06 UTC,2026-05-18 17:44:50 UTC,2026-05-18 17:44:31 UTC,2026-05-18 17:44:11 UTC,2026-05-18 17:43:54 UTC,2026-05-18 17:42:55 UTC,2026-05-18 17:42:51 UTC,2026-05-18 17:46:35 UTC,2026-05-18 17:46:30 UTC,2026-05-18 17:46:27 UTC,2026-05-18 17:46:25 UTC,NA,2026-05-18 17:46:09 UTC,2026-05-18 17:46:00 UTC,2026-05-18 17:45:57 UTC,2026-05-18 17:45:51 UTC,2026-05-18 17:45:48 UTC,2026-05-18 17:45:07 UTC,2026-05-18 17:44:51 UTC,2026-05-18 17:44:32 UTC,2026-05-18 17:44:13 UTC,2026-05-18 17:43:54 UTC,2026-05-18 17:43:15 UTC,2026-05-18 17:42:58 UTC,2026-05-18 17:42:44 UTC,2026-05-18 17:41:26 UTC,2026-05-18 17:41:12 UTC,2026-05-18 17:40:32 UTC,2026-05-18 17:46:38 UTC,2026-05-18 17:46:39 UTC,2026-05-18 17:46:10 UTC,2026-05-18 17:45:17 UTC,end_normal
c88907eb7140958bf4562098fd5de3ed,2026-05-18 10:09:51 UTC,2026-05-18 10:13:50 UTC,2026-05-18 10:10:02 UTC,3,3,2,3,2,NA,4,4,3,3,3,NA,option_1,option_2,option_1,option_1,option_1,7,alternativet,NA,3,NA,3,hovedstaden,lang_videre,1985,Kvinde,813,NA,2026-05-18 10:10:20 UTC,NA,2026-05-18 10:10:19 UTC,2026-05-18 10:10:10 UTC,2026-05-18 10:10:09 UTC,2026-05-18 10:10:06 UTC,NA,2026-05-18 10:12:26 UTC,2026-05-18 10:12:04 UTC,2026-05-18 10:11:50 UTC,2026-05-18 10:11:36 UTC,2026-05-18 10:11:17 UTC,2026-05-18 10:10:42 UTC,2026-05-18 10:10:27 UTC,2026-05-18 10:13:20 UTC,2026-05-18 10:13:17 UTC,2026-05-18 10:13:19 UTC,2026-05-18 10:13:23 UTC,NA,2026-05-18 10:13:03 UTC,2026-05-18 10:13:02 UTC,2026-05-18 10:12:57 UTC,2026-05-18 10:12:52 UTC,2026-05-18 10:12:53 UTC,2026-05-18 10:12:28 UTC,2026-05-18 10:12:04 UTC,2026-05-18 10:11:53 UTC,2026-05-18 10:11:37 UTC,2026-05-18 10:11:18 UTC,2026-05-18 10:10:50 UTC,2026-05-18 10:10:47 UTC,2026-05-18 10:10:21 UTC,2026-05-18 10:10:13 UTC,2026-05-18 10:09:57 UTC,2026-05-18 10:09:51 UTC,2026-05-18 10:13:27 UTC,2026-05-18 10:13:27 UTC,2026-05-18 10:13:04 UTC,2026-05-18 10:12:32 UTC,end_normal
c8b6227c7e9aa1f02f50471f07082829,2026-05-14 14:29:26 UTC,2026-05-14 14:35:51 UTC,2026-05-14 14:29:38 UTC,2,2,2,2,1,NA,3,5,5,4,3,NA,option_1,option_1,option_1,option_2,option_1,9,sf,3,2,1,2,hovedstaden,lang_videre,1996,Mand,1310,2026-05-14 14:31:01 UTC,2026-05-14 14:30:37 UTC,2026-05-14 14:30:17 UTC,2026-05-14 14:30:05 UTC,2026-05-14 14:29:56 UTC,2026-05-14 14:29:52 UTC,2026-05-14 14:29:43 UTC,NA,2026-05-14 14:33:45 UTC,2026-05-14 14:33:20 UTC,2026-05-14 14:33:01 UTC,2026-05-14 14:32:43 UTC,2026-05-14 14:31:52 UTC,2026-05-14 14:31:27 UTC,2026-05-14 14:31:21 UTC,2026-05-14 14:35:07 UTC,2026-05-14 14:34:48 UTC,2026-05-14 14:34:45 UTC,2026-05-14 14:34:39 UTC,NA,2026-05-14 14:34:28 UTC,2026-05-14 14:34:24 UTC,2026-05-14 14:34:19 UTC,2026-05-14 14:34:17 UTC,2026-05-14 14:34:15 UTC,2026-05-14 14:33:45 UTC,2026-05-14 14:33:25 UTC,2026-05-14 14:33:03 UTC,2026-05-14 14:32:46 UTC,2026-05-14 14:31:54 UTC,2026-05-14 14:31:30 UTC,2026-05-14 14:31:27 UTC,2026-05-14 14:31:15 UTC,2026-05-14 14:29:56 UTC,2026-05-14 14:29:34 UTC,2026-05-14 14:29:26 UTC,2026-05-14 14:35:07 UTC,2026-05-14 14:35:08 UTC,2026-05-14 14:34:30 UTC,2026-05-14 14:33:50 UTC,end_normal
c8c0f27c80bbfbdb2c2dcec2aa054358,2026-05-18 06:23:20 UTC,2026-05-18 06:29:38 UTC,2026-05-18 06:23:32 UTC,3,4,3,2,3,NA,3,5,3,4,2,NA,option_2,option_1,option_1,option_1,option_1,5,venstre,3,2,3,2,midtjylland,erhvervsuddannelse,1973,Kvinde,387,2026-05-18 06:24:51 UTC,2026-05-18 06:24:37 UTC,2026-05-18 06:24:25 UTC,2026-05-18 06:24:11 UTC,2026-05-18 06:23:58 UTC,2026-05-18 06:23:56 UTC,2026-05-18 06:23:42 UTC,NA,2026-05-18 06:27:24 UTC,2026-05-18 06:26:58 UTC,2026-05-18 06:26:28 UTC,2026-05-18 06:26:11 UTC,2026-05-18 06:25:44 UTC,2026-05-18 06:25:05 UTC,2026-05-18 06:24:58 UTC,2026-05-18 06:29:09 UTC,2026-05-18 06:29:03 UTC,2026-05-18 06:28:57 UTC,2026-05-18 06:28:51 UTC,NA,2026-05-18 06:28:33 UTC,2026-05-18 06:28:30 UTC,2026-05-18 06:28:23 UTC,2026-05-18 06:28:14 UTC,2026-05-18 06:28:05 UTC,2026-05-18 06:27:27 UTC,2026-05-18 06:26:58 UTC,2026-05-18 06:26:29 UTC,2026-05-18 06:26:11 UTC,2026-05-18 06:25:51 UTC,2026-05-18 06:25:12 UTC,2026-05-18 06:25:05 UTC,2026-05-18 06:24:52 UTC,2026-05-18 06:23:59 UTC,2026-05-18 06:23:28 UTC,2026-05-18 06:23:20 UTC,2026-05-18 06:29:12 UTC,2026-05-18 06:29:13 UTC,2026-05-18 06:28:34 UTC,2026-05-18 06:27:36 UTC,end_normal
c9215252f8388559d56e269370805e82,2026-06-02 14:57:18 UTC,2026-06-02 15:03:00 UTC,2026-06-02 14:57:31 UTC,NA,NA,NA,NA,NA,NA,NA,NA,NA,NA,NA,NA,NA,NA,NA,NA,NA,4,sf,NA,3,NA,1,syddanmark,kort_videre,1952,Kvinde,1279,NA,2026-06-02 14:58:15 UTC,NA,2026-06-02 14:58:06 UTC,2026-06-02 14:57:47 UTC,2026-06-02 14:57:43 UTC,2026-06-02 14:57:38 UTC,NA,NA,NA,NA,NA,NA,2026-06-02 14:58:28 UTC,2026-06-02 14:58:22 UTC,NA,NA,NA,NA,NA,NA,NA,NA,NA,NA,NA,NA,NA,NA,NA,2026-06-02 14:58:42 UTC,2026-06-02 14:58:31 UTC,2026-06-02 14:58:17 UTC,2026-06-02 14:57:49 UTC,2026-06-02 14:57:28 UTC,2026-06-02 14:57:18 UTC,NA,NA,NA,NA,cbc_q1_page
c980320e6b8b1fff961be92f93bc266b,2026-05-23 13:29:25 UTC,2026-05-23 13:38:23 UTC,2026-05-23 13:29:44 UTC,2,3,3,3,3,NA,2,2,3,3,2,NA,option_2,option_1,option_2,NA,option_2,1,sf,NA,3,3,2,midtjylland,mellemlang_videre,1969,Kvinde,1742,NA,2026-05-23 13:30:42 UTC,2026-05-23 13:30:28 UTC,2026-05-23 13:30:18 UTC,2026-05-23 13:30:03 UTC,2026-05-23 13:29:56 UTC,2026-05-23 13:29:51 UTC,NA,2026-05-23 13:35:18 UTC,2026-05-23 13:34:26 UTC,2026-05-23 13:33:39 UTC,NA,2026-05-23 13:31:55 UTC,2026-05-23 13:30:58 UTC,2026-05-23 13:30:49 UTC,2026-05-23 13:37:04 UTC,2026-05-23 13:37:01 UTC,2026-05-23 13:36:59 UTC,2026-05-23 13:36:53 UTC,NA,2026-05-23 13:36:11 UTC,2026-05-23 13:36:06 UTC,2026-05-23 13:36:02 UTC,2026-05-23 13:35:58 UTC,2026-05-23 13:35:52 UTC,2026-05-23 13:35:19 UTC,2026-05-23 13:34:29 UTC,2026-05-23 13:33:44 UTC,2026-05-23 13:32:57 UTC,2026-05-23 13:31:59 UTC,2026-05-23 13:31:09 UTC,2026-05-23 13:30:58 UTC,2026-05-23 13:30:42 UTC,2026-05-23 13:30:04 UTC,2026-05-23 13:29:39 UTC,2026-05-23 13:29:25 UTC,2026-05-23 13:37:12 UTC,2026-05-23 13:37:13 UTC,2026-05-23 13:36:11 UTC,2026-05-23 13:35:23 UTC,end_normal
c9bef083ec5bfd5e2b4f8ee112fa7947,2026-05-13 17:31:23 UTC,2026-05-13 17:38:23 UTC,2026-05-13 17:31:55 UTC,2,3,4,2,2,NA,2,3,4,2,2,NA,option_1,option_2,option_1,option_1,option_1,7,sf,3,2,1,2,syddanmark,gymnasial,2001,Kvinde,1609,2026-05-13 17:32:48 UTC,2026-05-13 17:32:42 UTC,2026-05-13 17:32:31 UTC,2026-05-13 17:32:21 UTC,2026-05-13 17:32:06 UTC,2026-05-13 17:32:00 UTC,2026-05-13 17:31:57 UTC,NA,2026-05-13 17:36:16 UTC,2026-05-13 17:35:54 UTC,2026-05-13 17:35:26 UTC,2026-05-13 17:35:03 UTC,2026-05-13 17:34:14 UTC,2026-05-13 17:33:14 UTC,2026-05-13 17:33:08 UTC,2026-05-13 17:37:56 UTC,2026-05-13 17:37:51 UTC,2026-05-13 17:37:49 UTC,2026-05-13 17:37:45 UTC,NA,2026-05-13 17:37:19 UTC,2026-05-13 17:37:16 UTC,2026-05-13 17:37:04 UTC,2026-05-13 17:37:00 UTC,2026-05-13 17:36:53 UTC,2026-05-13 17:36:17 UTC,2026-05-13 17:36:01 UTC,2026-05-13 17:35:29 UTC,2026-05-13 17:35:07 UTC,2026-05-13 17:34:15 UTC,2026-05-13 17:33:24 UTC,2026-05-13 17:33:15 UTC,2026-05-13 17:32:49 UTC,2026-05-13 17:32:07 UTC,2026-05-13 17:31:44 UTC,2026-05-13 17:31:23 UTC,2026-05-13 17:37:58 UTC,2026-05-13 17:37:58 UTC,2026-05-13 17:37:20 UTC,2026-05-13 17:36:31 UTC,end_normal
ca18a64048a860fef8fd0a1b61687a96,2026-06-19 20:55:58 UTC,2026-06-19 21:04:50 UTC,2026-06-19 20:56:15 UTC,2,4,4,4,3,NA,4,4,4,4,3,NA,option_1,option_1,option_2,option_2,option_1,7,konservative,1,2,NA,1,syddanmark,gymnasial,2005,Kvinde,726,2026-06-19 20:57:28 UTC,2026-06-19 20:57:16 UTC,NA,2026-06-19 20:56:58 UTC,2026-06-19 20:56:40 UTC,2026-06-19 20:56:33 UTC,2026-06-19 20:56:22 UTC,NA,2026-06-19 21:01:36 UTC,2026-06-19 21:00:48 UTC,2026-06-19 21:00:21 UTC,2026-06-19 20:59:43 UTC,2026-06-19 20:58:52 UTC,2026-06-19 20:57:48 UTC,2026-06-19 20:57:37 UTC,2026-06-19 21:03:35 UTC,2026-06-19 21:03:32 UTC,2026-06-19 21:03:29 UTC,2026-06-19 21:03:25 UTC,NA,2026-06-19 21:03:07 UTC,2026-06-19 21:02:57 UTC,2026-06-19 21:02:43 UTC,2026-06-19 21:02:34 UTC,2026-06-19 21:02:23 UTC,2026-06-19 21:01:37 UTC,2026-06-19 21:00:49 UTC,2026-06-19 21:00:26 UTC,2026-06-19 20:59:44 UTC,2026-06-19 20:58:53 UTC,2026-06-19 20:58:10 UTC,2026-06-19 20:57:49 UTC,2026-06-19 20:57:30 UTC,2026-06-19 20:56:43 UTC,2026-06-19 20:56:06 UTC,2026-06-19 20:55:58 UTC,2026-06-19 21:03:37 UTC,2026-06-19 21:03:47 UTC,2026-06-19 21:03:11 UTC,2026-06-19 21:01:52 UTC,end_normal
ca1e773ede941dff3455d12e8eb20730,2026-05-24 15:11:15 UTC,2026-05-24 15:15:48 UTC,2026-05-24 15:11:25 UTC,3,3,3,3,3,NA,3,3,3,3,3,NA,option_1,option_2,option_1,option_1,option_1,7,sf,3,2,1,2,midtjylland,mellemlang_videre,2002,Mand,195,2026-05-24 15:12:06 UTC,2026-05-24 15:12:01 UTC,2026-05-24 15:11:52 UTC,2026-05-24 15:11:49 UTC,2026-05-24 15:11:31 UTC,2026-05-24 15:11:29 UTC,2026-05-24 15:11:27 UTC,NA,2026-05-24 15:14:40 UTC,2026-05-24 15:14:18 UTC,2026-05-24 15:13:59 UTC,2026-05-24 15:13:25 UTC,2026-05-24 15:12:52 UTC,2026-05-24 15:12:17 UTC,2026-05-24 15:12:12 UTC,2026-05-24 15:15:25 UTC,2026-05-24 15:15:25 UTC,2026-05-24 15:15:24 UTC,2026-05-24 15:15:23 UTC,NA,2026-05-24 15:15:11 UTC,2026-05-24 15:15:09 UTC,2026-05-24 15:15:07 UTC,2026-05-24 15:15:05 UTC,2026-05-24 15:15:01 UTC,2026-05-24 15:14:42 UTC,2026-05-24 15:14:19 UTC,2026-05-24 15:14:00 UTC,2026-05-24 15:13:33 UTC,2026-05-24 15:12:56 UTC,2026-05-24 15:12:27 UTC,2026-05-24 15:12:18 UTC,2026-05-24 15:12:06 UTC,2026-05-24 15:11:31 UTC,2026-05-24 15:11:22 UTC,2026-05-24 15:11:15 UTC,2026-05-24 15:15:26 UTC,2026-05-24 15:15:27 UTC,2026-05-24 15:15:12 UTC,2026-05-24 15:14:49 UTC,end_normal
ca30d2322c2ecdda6f3d3bce1e25a41d,2026-05-17 14:59:28 UTC,2026-05-17 15:07:15 UTC,2026-05-17 14:59:50 UTC,1,3,3,3,3,NA,1,3,3,3,3,NA,option_1,option_2,option_2,option_1,option_1,5,enhedslisten,NA,3,NA,3,midtjylland,lang_videre,1959,Kvinde,1169,NA,2026-05-17 15:00:40 UTC,NA,2026-05-17 15:00:30 UTC,2026-05-17 15:00:18 UTC,2026-05-17 15:00:14 UTC,2026-05-17 15:00:03 UTC,NA,2026-05-17 15:05:22 UTC,2026-05-17 15:04:46 UTC,2026-05-17 15:03:42 UTC,2026-05-17 15:03:20 UTC,2026-05-17 15:02:46 UTC,2026-05-17 15:01:01 UTC,2026-05-17 15:01:22 UTC,2026-05-17 15:06:47 UTC,2026-05-17 15:06:44 UTC,2026-05-17 15:06:41 UTC,2026-05-17 15:06:37 UTC,NA,2026-05-17 15:06:13 UTC,2026-05-17 15:06:08 UTC,2026-05-17 15:06:04 UTC,2026-05-17 15:06:01 UTC,2026-05-17 15:05:55 UTC,2026-05-17 15:05:23 UTC,2026-05-17 15:04:48 UTC,2026-05-17 15:03:43 UTC,2026-05-17 15:03:21 UTC,2026-05-17 15:02:47 UTC,2026-05-17 15:01:38 UTC,2026-05-17 15:01:27 UTC,2026-05-17 15:00:41 UTC,2026-05-17 15:00:19 UTC,2026-05-17 14:59:45 UTC,2026-05-17 14:59:28 UTC,2026-05-17 15:06:50 UTC,2026-05-17 15:06:52 UTC,2026-05-17 15:06:16 UTC,2026-05-17 15:05:30 UTC,end_normal
ca32caee017207e9ec25c3072e02ed82,2026-05-23 14:42:22 UTC,2026-05-23 14:47:28 UTC,2026-05-23 14:42:37 UTC,1,2,3,2,2,NA,4,5,5,5,5,NA,option_1,option_1,option_2,option_1,option_1,4,sf,NA,3,NA,3,midtjylland,erhvervsuddannelse,1984,Kvinde,1273,NA,2026-05-23 14:43:17 UTC,NA,2026-05-23 14:43:09 UTC,2026-05-23 14:42:49 UTC,2026-05-23 14:42:44 UTC,2026-05-23 14:42:41 UTC,NA,2026-05-23 14:45:42 UTC,2026-05-23 14:45:20 UTC,2026-05-23 14:45:04 UTC,2026-05-23 14:44:33 UTC,2026-05-23 14:44:08 UTC,2026-05-23 14:43:32 UTC,2026-05-23 14:43:26 UTC,2026-05-23 14:46:59 UTC,2026-05-23 14:46:58 UTC,2026-05-23 14:46:54 UTC,2026-05-23 14:46:53 UTC,NA,2026-05-23 14:46:36 UTC,2026-05-23 14:46:34 UTC,2026-05-23 14:46:34 UTC,2026-05-23 14:46:33 UTC,2026-05-23 14:46:33 UTC,2026-05-23 14:45:45 UTC,2026-05-23 14:45:22 UTC,2026-05-23 14:45:05 UTC,2026-05-23 14:44:36 UTC,2026-05-23 14:44:09 UTC,2026-05-23 14:43:40 UTC,2026-05-23 14:43:32 UTC,2026-05-23 14:43:18 UTC,2026-05-23 14:42:49 UTC,2026-05-23 14:42:32 UTC,2026-05-23 14:42:22 UTC,2026-05-23 14:47:02 UTC,2026-05-23 14:47:04 UTC,2026-05-23 14:46:36 UTC,2026-05-23 14:45:52 UTC,end_normal
ca674d0dde9554fc6dbf82790ccd06c9,2026-05-12 14:20:27 UTC,2026-05-12 14:26:06 UTC,2026-05-12 14:20:43 UTC,2,2,2,2,2,NA,2,2,2,2,2,NA,option_1,option_2,option_2,option_1,option_2,3,sf,NA,3,1,2,midtjylland,anden,1964,Kvinde,1954,NA,2026-05-12 14:21:38 UTC,2026-05-12 14:21:31 UTC,2026-05-12 14:21:15 UTC,2026-05-12 14:21:00 UTC,2026-05-12 14:20:56 UTC,2026-05-12 14:20:49 UTC,NA,2026-05-12 14:24:10 UTC,2026-05-12 14:23:55 UTC,2026-05-12 14:23:35 UTC,2026-05-12 14:23:00 UTC,2026-05-12 14:22:25 UTC,2026-05-12 14:21:52 UTC,2026-05-12 14:21:44 UTC,2026-05-12 14:25:40 UTC,2026-05-12 14:25:41 UTC,2026-05-12 14:25:39 UTC,2026-05-12 14:25:38 UTC,NA,2026-05-12 14:25:20 UTC,2026-05-12 14:25:18 UTC,2026-05-12 14:25:14 UTC,2026-05-12 14:25:12 UTC,2026-05-12 14:25:12 UTC,2026-05-12 14:24:12 UTC,2026-05-12 14:23:57 UTC,2026-05-12 14:23:39 UTC,2026-05-12 14:23:03 UTC,2026-05-12 14:22:26 UTC,2026-05-12 14:22:01 UTC,2026-05-12 14:21:54 UTC,2026-05-12 14:21:38 UTC,2026-05-12 14:21:08 UTC,2026-05-12 14:20:35 UTC,2026-05-12 14:20:27 UTC,2026-05-12 14:25:43 UTC,2026-05-12 14:25:44 UTC,2026-05-12 14:25:21 UTC,2026-05-12 14:24:22 UTC,end_normal
cab956e65518647079d645f46f77b013,2026-06-21 06:40:59 UTC,2026-06-21 06:45:06 UTC,2026-06-21 06:41:15 UTC,3,3,5,4,4,NA,3,3,5,5,4,NA,option_1,option_2,option_2,option_1,option_2,7,radikale,NA,3,NA,3,sjaelland,gymnasial,2006,Kvinde,1519,NA,2026-06-21 06:41:34 UTC,NA,2026-06-21 06:41:27 UTC,2026-06-21 06:41:21 UTC,2026-06-21 06:41:20 UTC,2026-06-21 06:41:17 UTC,NA,2026-06-21 06:43:14 UTC,2026-06-21 06:42:56 UTC,2026-06-21 06:42:42 UTC,2026-06-21 06:42:20 UTC,2026-06-21 06:42:04 UTC,2026-06-21 06:41:39 UTC,2026-06-21 06:41:45 UTC,2026-06-21 06:44:09 UTC,2026-06-21 06:44:09 UTC,2026-06-21 06:44:05 UTC,2026-06-21 06:44:02 UTC,NA,2026-06-21 06:43:49 UTC,2026-06-21 06:43:48 UTC,2026-06-21 06:43:44 UTC,2026-06-21 06:43:41 UTC,2026-06-21 06:43:38 UTC,2026-06-21 06:43:17 UTC,2026-06-21 06:43:00 UTC,2026-06-21 06:42:45 UTC,2026-06-21 06:42:23 UTC,2026-06-21 06:42:12 UTC,2026-06-21 06:41:51 UTC,2026-06-21 06:41:49 UTC,2026-06-21 06:41:36 UTC,2026-06-21 06:41:23 UTC,2026-06-21 06:41:09 UTC,2026-06-21 06:40:59 UTC,2026-06-21 06:44:11 UTC,2026-06-21 06:44:13 UTC,2026-06-21 06:43:52 UTC,2026-06-21 06:43:24 UTC,end_normal
cacf56fe6d0153eb318c185c0c09fc57,2026-06-19 19:20:54 UTC,2026-06-19 19:26:45 UTC,2026-06-19 19:21:10 UTC,NA,NA,NA,NA,NA,NA,NA,NA,NA,NA,1,NA,option_2,option_2,option_1,option_1,option_2,0,onsker_ikke,NA,1,NA,1,syddanmark,kort_videre,1973,Kvinde,549,NA,2026-06-19 19:21:43 UTC,NA,2026-06-19 19:21:35 UTC,2026-06-19 19:21:27 UTC,2026-06-19 19:21:21 UTC,2026-06-19 19:21:17 UTC,NA,2026-06-19 19:23:39 UTC,2026-06-19 19:23:17 UTC,2026-06-19 19:23:05 UTC,2026-06-19 19:22:49 UTC,2026-06-19 19:22:31 UTC,2026-06-19 19:21:56 UTC,2026-06-19 19:21:53 UTC,NA,NA,NA,NA,NA,NA,NA,NA,NA,2026-06-19 19:25:56 UTC,2026-06-19 19:23:44 UTC,2026-06-19 19:23:19 UTC,2026-06-19 19:23:06 UTC,2026-06-19 19:22:50 UTC,2026-06-19 19:22:32 UTC,2026-06-19 19:22:05 UTC,NA,2026-06-19 19:21:44 UTC,2026-06-19 19:21:28 UTC,2026-06-19 19:21:06 UTC,2026-06-19 19:20:54 UTC,NA,NA,NA,2026-06-19 19:25:35 UTC,single_profile_1
cbf2ca80d323597f7d6da6cb33768a28,2026-05-13 19:37:53 UTC,2026-05-13 19:38:28 UTC,NA,NA,NA,NA,NA,NA,NA,NA,NA,NA,NA,NA,NA,NA,NA,NA,NA,NA,NA,NA,NA,NA,NA,NA,NA,NA,NA,NA,265,NA,NA,NA,NA,NA,NA,NA,NA,NA,NA,NA,NA,NA,NA,NA,NA,NA,NA,NA,NA,NA,NA,NA,NA,NA,NA,NA,NA,NA,NA,NA,NA,NA,NA,2026-05-13 19:37:59 UTC,2026-05-13 19:37:53 UTC,NA,NA,NA,NA,Background
cc046bb21e5f1f04c6f286a14cc9658a,2026-05-14 19:06:38 UTC,2026-05-14 19:16:37 UTC,2026-05-14 19:07:30 UTC,1,2,2,2,2,NA,1,3,4,4,4,NA,option_1,option_2,option_1,option_1,option_1,10,konservative,NA,1,NA,1,hovedstaden,kort_videre,1959,Kvinde,496,NA,2026-05-14 19:08:32 UTC,NA,2026-05-14 19:08:12 UTC,2026-05-14 19:07:58 UTC,2026-05-14 19:07:53 UTC,2026-05-14 19:07:40 UTC,NA,2026-05-14 19:12:58 UTC,2026-05-14 19:12:39 UTC,2026-05-14 19:11:38 UTC,2026-05-14 19:11:18 UTC,2026-05-14 19:10:23 UTC,2026-05-14 19:08:56 UTC,2026-05-14 19:08:47 UTC,2026-05-14 19:15:39 UTC,2026-05-14 19:15:38 UTC,2026-05-14 19:15:37 UTC,2026-05-14 19:15:36 UTC,NA,2026-05-14 19:14:09 UTC,2026-05-14 19:14:27 UTC,2026-05-14 19:14:37 UTC,2026-05-14 19:14:47 UTC,2026-05-14 19:14:52 UTC,2026-05-14 19:13:00 UTC,2026-05-14 19:12:40 UTC,2026-05-14 19:11:39 UTC,2026-05-14 19:11:21 UTC,2026-05-14 19:10:29 UTC,2026-05-14 19:09:34 UTC,2026-05-14 19:08:56 UTC,2026-05-14 19:08:32 UTC,2026-05-14 19:07:59 UTC,2026-05-14 19:07:25 UTC,2026-05-14 19:06:38 UTC,2026-05-14 19:15:13 UTC,2026-05-14 19:15:43 UTC,2026-05-14 19:14:53 UTC,2026-05-14 19:13:18 UTC,end_normal
cc04a92c6507a55c8e7acc17827da8d5,2026-06-20 07:43:53 UTC,2026-06-20 07:50:56 UTC,2026-06-20 07:44:28 UTC,1,1,1,2,1,NA,4,5,4,4,4,NA,option_2,option_2,option_2,option_2,option_1,1,dansk_folkeparti,NA,1,NA,1,sjaelland,mellemlang_videre,1981,Kvinde,335,NA,2026-06-20 07:45:20 UTC,NA,2026-06-20 07:45:07 UTC,2026-06-20 07:44:51 UTC,2026-06-20 07:44:47 UTC,2026-06-20 07:44:35 UTC,NA,2026-06-20 07:48:43 UTC,2026-06-20 07:48:26 UTC,2026-06-20 07:47:55 UTC,2026-06-20 07:47:19 UTC,2026-06-20 07:46:45 UTC,2026-06-20 07:45:31 UTC,2026-06-20 07:45:44 UTC,2026-06-20 07:50:22 UTC,2026-06-20 07:50:21 UTC,2026-06-20 07:50:15 UTC,2026-06-20 07:50:10 UTC,NA,2026-06-20 07:49:54 UTC,2026-06-20 07:49:52 UTC,2026-06-20 07:49:48 UTC,2026-06-20 07:49:39 UTC,2026-06-20 07:49:25 UTC,2026-06-20 07:48:49 UTC,2026-06-20 07:48:28 UTC,2026-06-20 07:47:58 UTC,2026-06-20 07:47:23 UTC,2026-06-20 07:46:54 UTC,2026-06-20 07:46:07 UTC,2026-06-20 07:45:49 UTC,2026-06-20 07:45:20 UTC,2026-06-20 07:44:52 UTC,2026-06-20 07:44:23 UTC,2026-06-20 07:43:53 UTC,2026-06-20 07:50:23 UTC,2026-06-20 07:50:26 UTC,2026-06-20 07:49:56 UTC,2026-06-20 07:49:05 UTC,end_normal
cc177a52f73a26fdac5e4f7e0e304d0b,2026-06-20 18:02:37 UTC,2026-06-20 18:03:03 UTC,NA,NA,NA,NA,NA,NA,NA,NA,NA,NA,NA,NA,NA,NA,NA,NA,NA,NA,NA,NA,NA,NA,NA,NA,NA,NA,NA,NA,247,NA,NA,NA,NA,NA,NA,NA,NA,NA,NA,NA,NA,NA,NA,NA,NA,NA,NA,NA,NA,NA,NA,NA,NA,NA,NA,NA,NA,NA,NA,NA,NA,NA,NA,2026-06-20 18:02:43 UTC,2026-06-20 18:02:37 UTC,NA,NA,NA,NA,Background
cc62cce12cad8a60450114962fc9fd4c,2026-06-02 13:25:40 UTC,2026-06-02 13:27:56 UTC,2026-06-02 13:25:53 UTC,NA,NA,NA,NA,NA,NA,NA,NA,NA,NA,NA,NA,NA,NA,NA,NA,NA,6,venstre,1,2,1,2,nordjylland,mellemlang_videre,1975,Mand,281,2026-06-02 13:26:45 UTC,2026-06-02 13:26:27 UTC,2026-06-02 13:26:38 UTC,2026-06-02 13:26:16 UTC,2026-06-02 13:26:07 UTC,2026-06-02 13:26:03 UTC,2026-06-02 13:25:57 UTC,NA,NA,NA,NA,NA,NA,2026-06-02 13:26:58 UTC,2026-06-02 13:26:53 UTC,NA,NA,NA,NA,NA,NA,NA,NA,NA,NA,NA,NA,NA,NA,NA,NA,2026-06-02 13:27:00 UTC,2026-06-02 13:26:46 UTC,2026-06-02 13:26:08 UTC,2026-06-02 13:25:47 UTC,2026-06-02 13:25:40 UTC,NA,NA,NA,NA,cbc_intro
cc798f4d73eb9f48b56be1c42f11bded,2026-05-15 14:14:45 UTC,2026-05-15 14:24:33 UTC,2026-05-15 14:14:59 UTC,4,2,4,4,2,NA,5,5,5,5,5,NA,option_1,option_2,option_2,option_1,option_1,8,radikale,NA,3,3,2,hovedstaden,mellemlang_videre,1950,Mand,630,NA,2026-05-15 14:17:03 UTC,2026-05-15 14:16:21 UTC,2026-05-15 14:16:05 UTC,2026-05-15 14:15:35 UTC,2026-05-15 14:15:31 UTC,2026-05-15 14:15:13 UTC,NA,2026-05-15 14:21:03 UTC,2026-05-15 14:20:35 UTC,2026-05-15 14:19:45 UTC,2026-05-15 14:19:16 UTC,2026-05-15 14:18:14 UTC,2026-05-15 14:17:32 UTC,2026-05-15 14:17:14 UTC,2026-05-15 14:23:56 UTC,2026-05-15 14:23:49 UTC,2026-05-15 14:23:39 UTC,2026-05-15 14:22:51 UTC,NA,2026-05-15 14:22:09 UTC,2026-05-15 14:22:08 UTC,2026-05-15 14:22:04 UTC,2026-05-15 14:22:04 UTC,2026-05-15 14:21:57 UTC,2026-05-15 14:21:04 UTC,2026-05-15 14:20:37 UTC,2026-05-15 14:19:49 UTC,2026-05-15 14:19:17 UTC,2026-05-15 14:18:17 UTC,2026-05-15 14:17:58 UTC,2026-05-15 14:17:33 UTC,2026-05-15 14:17:06 UTC,2026-05-15 14:15:38 UTC,2026-05-15 14:14:54 UTC,2026-05-15 14:14:45 UTC,2026-05-15 14:24:02 UTC,2026-05-15 14:24:03 UTC,2026-05-15 14:22:11 UTC,2026-05-15 14:21:13 UTC,end_normal
cd23033f83b44fd589faf14ad9da5041,2026-05-17 17:37:14 UTC,2026-05-17 17:54:20 UTC,2026-05-17 17:37:33 UTC,4,5,4,4,3,NA,2,2,3,3,3,NA,option_1,option_1,option_2,option_1,option_2,8,venstre,3,2,NA,3,midtjylland,erhvervsuddannelse,1952,Mand,1156,2026-05-17 17:38:24 UTC,2026-05-17 17:38:10 UTC,NA,2026-05-17 17:38:01 UTC,2026-05-17 17:37:47 UTC,2026-05-17 17:37:44 UTC,2026-05-17 17:37:40 UTC,NA,2026-05-17 17:41:38 UTC,2026-05-17 17:41:16 UTC,2026-05-17 17:40:45 UTC,2026-05-17 17:40:20 UTC,2026-05-17 17:39:59 UTC,2026-05-17 17:38:42 UTC,2026-05-17 17:38:36 UTC,2026-05-17 17:44:02 UTC,2026-05-17 17:43:47 UTC,2026-05-17 17:43:46 UTC,2026-05-17 17:43:43 UTC,NA,2026-05-17 17:42:23 UTC,2026-05-17 17:43:16 UTC,2026-05-17 17:42:42 UTC,2026-05-17 17:42:36 UTC,2026-05-17 17:42:34 UTC,2026-05-17 17:41:40 UTC,2026-05-17 17:41:16 UTC,2026-05-17 17:40:48 UTC,2026-05-17 17:40:23 UTC,2026-05-17 17:40:00 UTC,2026-05-17 17:39:10 UTC,2026-05-17 17:38:55 UTC,2026-05-17 17:38:25 UTC,2026-05-17 17:37:49 UTC,2026-05-17 17:37:29 UTC,2026-05-17 17:37:14 UTC,2026-05-17 17:44:08 UTC,2026-05-17 17:44:10 UTC,2026-05-17 17:43:20 UTC,2026-05-17 17:41:46 UTC,end_normal
cdd200ac21e863289d5d306b425d5eb6,2026-05-23 11:29:27 UTC,2026-05-23 11:41:53 UTC,2026-05-23 11:29:40 UTC,1,2,2,2,2,NA,3,4,4,4,4,NA,option_2,option_2,option_2,option_2,option_2,6,sf,NA,3,NA,3,midtjylland,mellemlang_videre,1959,Kvinde,436,NA,2026-05-23 11:30:21 UTC,NA,2026-05-23 11:30:07 UTC,2026-05-23 11:29:56 UTC,2026-05-23 11:29:53 UTC,2026-05-23 11:29:48 UTC,NA,2026-05-23 11:32:31 UTC,2026-05-23 11:32:15 UTC,2026-05-23 11:32:02 UTC,2026-05-23 11:31:24 UTC,2026-05-23 11:31:08 UTC,2026-05-23 11:30:33 UTC,2026-05-23 11:30:28 UTC,2026-05-23 11:33:27 UTC,2026-05-23 11:33:25 UTC,2026-05-23 11:33:24 UTC,2026-05-23 11:33:21 UTC,NA,2026-05-23 11:33:10 UTC,2026-05-23 11:33:03 UTC,2026-05-23 11:33:01 UTC,2026-05-23 11:33:00 UTC,2026-05-23 11:32:57 UTC,2026-05-23 11:32:33 UTC,2026-05-23 11:32:18 UTC,2026-05-23 11:32:05 UTC,2026-05-23 11:31:26 UTC,2026-05-23 11:31:09 UTC,2026-05-23 11:30:48 UTC,2026-05-23 11:30:34 UTC,2026-05-23 11:30:23 UTC,2026-05-23 11:29:58 UTC,2026-05-23 11:29:38 UTC,2026-05-23 11:29:27 UTC,2026-05-23 11:33:29 UTC,2026-05-23 11:33:31 UTC,2026-05-23 11:33:10 UTC,2026-05-23 11:32:41 UTC,end_normal
cddf197c81a0d6be193d119ed9a5a8cc,2026-06-20 18:48:43 UTC,2026-06-20 18:52:47 UTC,2026-06-20 18:48:54 UTC,NA,NA,NA,NA,NA,NA,NA,NA,NA,NA,NA,NA,NA,NA,NA,option_1,option_2,4,liberal_alliance,3,2,NA,1,midtjylland,kort_videre,1975,Kvinde,1126,2026-06-20 18:49:48 UTC,2026-06-20 18:49:31 UTC,NA,2026-06-20 18:49:24 UTC,2026-06-20 18:49:12 UTC,2026-06-20 18:49:07 UTC,2026-06-20 18:49:03 UTC,NA,NA,NA,NA,2026-06-20 18:51:53 UTC,2026-06-20 18:51:20 UTC,2026-06-20 18:50:03 UTC,2026-06-20 18:49:57 UTC,NA,NA,NA,NA,NA,NA,NA,NA,NA,NA,NA,NA,NA,2026-06-20 18:51:54 UTC,2026-06-20 18:51:21 UTC,2026-06-20 18:50:18 UTC,2026-06-20 18:50:06 UTC,2026-06-20 18:49:49 UTC,2026-06-20 18:49:13 UTC,2026-06-20 18:48:50 UTC,2026-06-20 18:48:43 UTC,NA,NA,NA,NA,cbc_q3_page
ce10bb9a7051f2e5c010af261dbb8392,2026-05-14 04:19:25 UTC,2026-05-14 04:23:33 UTC,2026-05-14 04:19:51 UTC,NA,NA,NA,NA,NA,NA,NA,NA,NA,NA,NA,NA,NA,NA,NA,NA,NA,7,stemte_ikke,1,2,NA,1,hovedstaden,erhvervsuddannelse,1995,Kvinde,1396,2026-05-14 04:21:08 UTC,2026-05-14 04:20:39 UTC,NA,2026-05-14 04:20:25 UTC,2026-05-14 04:20:03 UTC,2026-05-14 04:19:59 UTC,2026-05-14 04:19:57 UTC,NA,NA,NA,NA,NA,NA,2026-05-14 04:21:33 UTC,2026-05-14 04:21:22 UTC,NA,NA,NA,NA,NA,NA,NA,NA,NA,NA,NA,NA,NA,NA,NA,2026-05-14 04:21:45 UTC,2026-05-14 04:21:34 UTC,2026-05-14 04:21:08 UTC,2026-05-14 04:20:04 UTC,2026-05-14 04:19:38 UTC,2026-05-14 04:19:25 UTC,NA,NA,NA,NA,cbc_q1_page
ce619731c80223a979bd0abd482f947a,2026-05-21 14:37:54 UTC,2026-05-21 14:42:23 UTC,2026-05-21 14:39:22 UTC,3,1,1,3,3,NA,2,1,1,5,4,NA,option_2,option_1,option_2,option_2,option_1,7,moderaterne,NA,1,NA,3,nordjylland,lang_videre,2002,Mand,152,NA,2026-05-21 14:39:35 UTC,NA,2026-05-21 14:39:34 UTC,2026-05-21 14:39:30 UTC,2026-05-21 14:39:25 UTC,2026-05-21 14:39:24 UTC,NA,2026-05-21 14:41:16 UTC,2026-05-21 14:41:05 UTC,2026-05-21 14:40:30 UTC,2026-05-21 14:40:11 UTC,2026-05-21 14:40:00 UTC,2026-05-21 14:39:50 UTC,2026-05-21 14:39:47 UTC,2026-05-21 14:41:54 UTC,2026-05-21 14:41:55 UTC,2026-05-21 14:42:01 UTC,2026-05-21 14:42:02 UTC,NA,2026-05-21 14:41:44 UTC,2026-05-21 14:41:45 UTC,2026-05-21 14:41:40 UTC,2026-05-21 14:41:35 UTC,2026-05-21 14:41:33 UTC,2026-05-21 14:41:22 UTC,2026-05-21 14:41:12 UTC,2026-05-21 14:40:31 UTC,2026-05-21 14:40:19 UTC,2026-05-21 14:40:01 UTC,2026-05-21 14:39:54 UTC,2026-05-21 14:39:51 UTC,2026-05-21 14:39:37 UTC,2026-05-21 14:39:30 UTC,2026-05-21 14:39:19 UTC,2026-05-21 14:37:54 UTC,2026-05-21 14:42:03 UTC,2026-05-21 14:42:04 UTC,2026-05-21 14:41:46 UTC,2026-05-21 14:41:25 UTC,end_normal
cebc0fcbde27ea6c9687c02f0a2ca112,2026-06-19 19:45:46 UTC,2026-06-19 19:52:36 UTC,2026-06-19 19:46:10 UTC,4,3,5,3,3,NA,1,1,1,3,1,NA,option_2,option_2,option_1,NA,option_2,5,socialdemokratiet,NA,3,1,2,midtjylland,erhvervsuddannelse,1973,Kvinde,210,NA,2026-06-19 19:46:34 UTC,2026-06-19 19:46:52 UTC,2026-06-19 19:46:42 UTC,2026-06-19 19:46:31 UTC,2026-06-19 19:46:28 UTC,2026-06-19 19:46:22 UTC,NA,2026-06-19 19:50:17 UTC,2026-06-19 19:49:48 UTC,2026-06-19 19:49:18 UTC,NA,2026-06-19 19:48:16 UTC,2026-06-19 19:47:26 UTC,2026-06-19 19:47:07 UTC,2026-06-19 19:51:52 UTC,2026-06-19 19:51:46 UTC,2026-06-19 19:51:39 UTC,2026-06-19 19:51:33 UTC,NA,2026-06-19 19:51:04 UTC,2026-06-19 19:51:03 UTC,2026-06-19 19:51:03 UTC,2026-06-19 19:51:16 UTC,2026-06-19 19:51:18 UTC,2026-06-19 19:50:21 UTC,2026-06-19 19:49:56 UTC,2026-06-19 19:49:24 UTC,2026-06-19 19:48:47 UTC,NA,2026-06-19 19:47:45 UTC,2026-06-19 19:47:31 UTC,2026-06-19 19:47:03 UTC,NA,2026-06-19 19:46:06 UTC,2026-06-19 19:45:46 UTC,2026-06-19 19:51:55 UTC,2026-06-19 19:51:56 UTC,2026-06-19 19:51:21 UTC,2026-06-19 19:50:37 UTC,end_normal
cf0219e7cca26fe625c8f0df6f7dc4fd,2026-05-20 00:58:42 UTC,2026-05-20 01:04:55 UTC,2026-05-20 00:59:00 UTC,3,5,5,5,5,NA,1,4,4,4,1,NA,option_2,option_2,option_2,option_1,option_1,4,enhedslisten,NA,3,NA,1,sjaelland,grundskole,1967,Kvinde,1303,NA,2026-05-20 00:59:42 UTC,NA,2026-05-20 00:59:31 UTC,2026-05-20 00:59:16 UTC,2026-05-20 00:59:13 UTC,2026-05-20 00:59:10 UTC,NA,2026-05-20 01:03:00 UTC,2026-05-20 01:02:19 UTC,2026-05-20 01:01:48 UTC,2026-05-20 01:01:19 UTC,2026-05-20 01:00:50 UTC,2026-05-20 01:00:01 UTC,2026-05-20 00:59:54 UTC,2026-05-20 01:04:28 UTC,2026-05-20 01:04:28 UTC,2026-05-20 01:04:25 UTC,2026-05-20 01:04:23 UTC,NA,2026-05-20 01:04:03 UTC,2026-05-20 01:03:57 UTC,2026-05-20 01:03:50 UTC,2026-05-20 01:03:46 UTC,2026-05-20 01:03:41 UTC,2026-05-20 01:03:01 UTC,2026-05-20 01:02:20 UTC,2026-05-20 01:01:48 UTC,2026-05-20 01:01:20 UTC,2026-05-20 01:00:53 UTC,2026-05-20 01:00:19 UTC,2026-05-20 01:00:02 UTC,2026-05-20 00:59:43 UTC,2026-05-20 00:59:17 UTC,2026-05-20 00:58:55 UTC,2026-05-20 00:58:42 UTC,2026-05-20 01:04:33 UTC,2026-05-20 01:04:35 UTC,2026-05-20 01:04:04 UTC,2026-05-20 01:03:10 UTC,end_normal
cf3a94f2b27663cad2caab7cd85141d2,2026-06-20 08:20:14 UTC,2026-06-20 08:27:34 UTC,2026-06-20 08:20:27 UTC,1,1,1,1,1,NA,3,3,4,4,4,NA,option_2,option_1,option_1,option_2,option_1,5,dansk_folkeparti,1,2,NA,1,midtjylland,gymnasial,1991,Kvinde,1865,2026-06-20 08:21:38 UTC,2026-06-20 08:21:21 UTC,NA,2026-06-20 08:21:03 UTC,2026-06-20 08:20:40 UTC,2026-06-20 08:20:34 UTC,2026-06-20 08:20:31 UTC,NA,2026-06-20 08:23:42 UTC,2026-06-20 08:23:29 UTC,2026-06-20 08:23:02 UTC,2026-06-20 08:22:41 UTC,2026-06-20 08:22:26 UTC,2026-06-20 08:21:49 UTC,2026-06-20 08:21:46 UTC,2026-06-20 08:24:34 UTC,2026-06-20 08:24:33 UTC,2026-06-20 08:24:33 UTC,2026-06-20 08:24:30 UTC,NA,2026-06-20 08:24:22 UTC,2026-06-20 08:24:18 UTC,2026-06-20 08:24:14 UTC,2026-06-20 08:24:12 UTC,2026-06-20 08:24:08 UTC,2026-06-20 08:23:45 UTC,2026-06-20 08:23:29 UTC,2026-06-20 08:23:06 UTC,2026-06-20 08:22:45 UTC,2026-06-20 08:22:27 UTC,2026-06-20 08:21:54 UTC,2026-06-20 08:21:50 UTC,2026-06-20 08:21:41 UTC,2026-06-20 08:20:42 UTC,2026-06-20 08:20:23 UTC,2026-06-20 08:20:14 UTC,2026-06-20 08:24:38 UTC,2026-06-20 08:24:40 UTC,2026-06-20 08:24:22 UTC,2026-06-20 08:23:47 UTC,end_normal
cf4f6671769afbec5aa01f80e5171697,2026-06-20 17:49:53 UTC,2026-06-20 18:00:21 UTC,2026-06-20 17:50:07 UTC,1,1,1,1,1,NA,1,1,1,1,2,NA,option_2,option_2,option_2,option_2,option_2,0,danmarksdemokraterne,NA,1,NA,1,midtjylland,kort_videre,1967,Kvinde,475,NA,2026-06-20 17:51:10 UTC,NA,2026-06-20 17:50:59 UTC,2026-06-20 17:50:46 UTC,2026-06-20 17:50:42 UTC,2026-06-20 17:50:14 UTC,NA,2026-06-20 17:54:35 UTC,2026-06-20 17:53:57 UTC,2026-06-20 17:53:16 UTC,2026-06-20 17:52:56 UTC,2026-06-20 17:52:25 UTC,2026-06-20 17:51:30 UTC,2026-06-20 17:51:23 UTC,2026-06-20 17:57:30 UTC,2026-06-20 17:57:29 UTC,2026-06-20 17:57:26 UTC,2026-06-20 17:57:24 UTC,NA,2026-06-20 17:57:09 UTC,2026-06-20 17:57:07 UTC,2026-06-20 17:57:04 UTC,2026-06-20 17:57:01 UTC,2026-06-20 17:55:03 UTC,2026-06-20 17:54:37 UTC,2026-06-20 17:53:58 UTC,2026-06-20 17:53:17 UTC,2026-06-20 17:53:01 UTC,2026-06-20 17:52:28 UTC,2026-06-20 17:51:50 UTC,2026-06-20 17:51:33 UTC,2026-06-20 17:51:12 UTC,2026-06-20 17:50:48 UTC,2026-06-20 17:50:02 UTC,2026-06-20 17:49:53 UTC,2026-06-20 17:57:30 UTC,2026-06-20 17:57:32 UTC,2026-06-20 17:57:10 UTC,2026-06-20 17:54:45 UTC,end_normal
cfadca6717cb9669933668e7f30ff74c,2026-06-02 14:23:16 UTC,2026-06-02 14:25:32 UTC,2026-06-02 14:23:31 UTC,NA,NA,NA,NA,NA,NA,NA,NA,NA,NA,NA,NA,NA,NA,NA,NA,NA,NA,NA,NA,NA,NA,NA,midtjylland,kort_videre,1953,Kvinde,1790,NA,NA,NA,NA,2026-06-02 14:24:07 UTC,2026-06-02 14:23:59 UTC,2026-06-02 14:23:40 UTC,NA,NA,NA,NA,NA,NA,NA,NA,NA,NA,NA,NA,NA,NA,NA,NA,NA,NA,NA,NA,NA,NA,NA,NA,NA,NA,2026-06-02 14:24:09 UTC,2026-06-02 14:23:29 UTC,2026-06-02 14:23:16 UTC,NA,NA,NA,NA,issue_positions
d0310da8ae746154d81b27a24dd04a18,2026-05-23 21:08:27 UTC,2026-05-23 21:22:57 UTC,2026-05-23 21:08:40 UTC,NA,NA,NA,NA,NA,NA,NA,NA,NA,NA,NA,NA,option_1,option_1,option_2,option_2,option_1,7,socialdemokratiet,NA,3,1,2,midtjylland,mellemlang_videre,1963,Kvinde,1866,NA,2026-05-23 21:09:42 UTC,2026-05-23 21:09:27 UTC,2026-05-23 21:09:18 UTC,2026-05-23 21:09:06 UTC,2026-05-23 21:09:00 UTC,2026-05-23 21:08:47 UTC,NA,2026-05-23 21:13:09 UTC,2026-05-23 21:12:46 UTC,2026-05-23 21:12:23 UTC,2026-05-23 21:11:58 UTC,2026-05-23 21:10:56 UTC,2026-05-23 21:09:58 UTC,2026-05-23 21:09:51 UTC,NA,NA,NA,NA,NA,NA,NA,NA,NA,NA,2026-05-23 21:13:10 UTC,2026-05-23 21:12:47 UTC,2026-05-23 21:12:24 UTC,2026-05-23 21:11:59 UTC,2026-05-23 21:11:01 UTC,2026-05-23 21:10:15 UTC,2026-05-23 21:10:05 UTC,2026-05-23 21:09:44 UTC,2026-05-23 21:09:09 UTC,2026-05-23 21:08:34 UTC,2026-05-23 21:08:27 UTC,NA,NA,NA,2026-05-23 21:13:16 UTC,single_profile_1
d04372a383f790222b3dd5117b49d798,2026-06-19 12:52:12 UTC,2026-06-19 12:53:30 UTC,2026-06-19 12:52:23 UTC,NA,NA,NA,NA,NA,NA,NA,NA,NA,NA,NA,NA,NA,NA,NA,option_1,option_2,5,sf,NA,3,NA,3,hovedstaden,lang_videre,1992,Mand,55,NA,2026-06-19 12:52:47 UTC,2026-06-19 12:52:42 UTC,2026-06-19 12:52:44 UTC,2026-06-19 12:52:36 UTC,2026-06-19 12:52:34 UTC,2026-06-19 12:52:32 UTC,NA,NA,NA,NA,2026-06-19 12:53:10 UTC,2026-06-19 12:53:06 UTC,2026-06-19 12:52:57 UTC,2026-06-19 12:52:52 UTC,NA,NA,NA,NA,NA,NA,NA,NA,NA,NA,NA,NA,NA,2026-06-19 12:53:11 UTC,2026-06-19 12:53:06 UTC,2026-06-19 12:53:01 UTC,2026-06-19 12:52:59 UTC,2026-06-19 12:52:48 UTC,2026-06-19 12:52:38 UTC,2026-06-19 12:52:18 UTC,2026-06-19 12:52:12 UTC,NA,NA,NA,NA,cbc_q3_page
d099b648edff2d2dc7372c3d4285fc55,2026-05-19 11:09:40 UTC,2026-05-19 11:18:57 UTC,2026-05-19 11:09:50 UTC,1,5,2,2,4,NA,1,2,1,2,2,NA,option_2,option_2,option_2,option_2,option_2,6,venstre,NA,1,1,2,sjaelland,mellemlang_videre,1999,Kvinde,35,NA,2026-05-19 11:10:21 UTC,2026-05-19 11:10:15 UTC,2026-05-19 11:10:06 UTC,2026-05-19 11:09:57 UTC,2026-05-19 11:09:54 UTC,2026-05-19 11:09:52 UTC,NA,2026-05-19 11:12:37 UTC,2026-05-19 11:12:18 UTC,2026-05-19 11:11:59 UTC,2026-05-19 11:11:34 UTC,2026-05-19 11:11:03 UTC,2026-05-19 11:10:33 UTC,2026-05-19 11:10:29 UTC,2026-05-19 11:13:56 UTC,2026-05-19 11:13:47 UTC,2026-05-19 11:13:45 UTC,2026-05-19 11:13:42 UTC,NA,2026-05-19 11:13:24 UTC,2026-05-19 11:13:24 UTC,2026-05-19 11:13:10 UTC,2026-05-19 11:13:04 UTC,2026-05-19 11:13:03 UTC,2026-05-19 11:12:42 UTC,2026-05-19 11:12:19 UTC,2026-05-19 11:12:01 UTC,2026-05-19 11:11:36 UTC,2026-05-19 11:11:13 UTC,2026-05-19 11:10:39 UTC,2026-05-19 11:10:35 UTC,2026-05-19 11:10:22 UTC,2026-05-19 11:09:58 UTC,2026-05-19 11:09:46 UTC,2026-05-19 11:09:40 UTC,2026-05-19 11:14:00 UTC,2026-05-19 11:14:03 UTC,2026-05-19 11:13:25 UTC,2026-05-19 11:12:46 UTC,end_normal
d0a4b6abebdd79175749764612db0e8c,2026-05-20 11:47:43 UTC,2026-05-20 11:48:33 UTC,2026-05-20 11:47:52 UTC,NA,NA,NA,NA,NA,NA,NA,NA,NA,NA,NA,NA,NA,NA,NA,NA,NA,NA,NA,NA,NA,NA,1,sjaelland,erhvervsuddannelse,1998,Kvinde,1978,NA,NA,NA,2026-05-20 11:48:11 UTC,2026-05-20 11:48:02 UTC,2026-05-20 11:48:00 UTC,2026-05-20 11:47:57 UTC,NA,NA,NA,NA,NA,NA,NA,NA,NA,NA,NA,NA,NA,NA,NA,NA,NA,NA,NA,NA,NA,NA,NA,NA,NA,NA,2026-05-20 11:48:03 UTC,2026-05-20 11:47:48 UTC,2026-05-20 11:47:43 UTC,NA,NA,NA,NA,issue_positions
d0cd02a76244a0684c0d51cb34d6066f,2026-06-02 14:40:44 UTC,2026-06-02 14:46:54 UTC,2026-06-02 14:40:55 UTC,3,4,4,4,3,NA,1,2,3,2,2,NA,option_1,option_1,option_1,option_1,option_2,6,sf,NA,3,NA,3,midtjylland,gymnasial,2005,Kvinde,35,NA,2026-06-02 14:41:27 UTC,NA,2026-06-02 14:41:19 UTC,2026-06-02 14:41:10 UTC,2026-06-02 14:41:01 UTC,2026-06-02 14:40:58 UTC,NA,2026-06-02 14:43:47 UTC,2026-06-02 14:43:21 UTC,2026-06-02 14:43:00 UTC,2026-06-02 14:42:41 UTC,2026-06-02 14:42:02 UTC,2026-06-02 14:41:40 UTC,2026-06-02 14:41:33 UTC,2026-06-02 14:45:14 UTC,2026-06-02 14:45:12 UTC,2026-06-02 14:45:10 UTC,2026-06-02 14:44:59 UTC,NA,2026-06-02 14:44:43 UTC,2026-06-02 14:44:40 UTC,2026-06-02 14:44:29 UTC,2026-06-02 14:44:17 UTC,2026-06-02 14:44:11 UTC,2026-06-02 14:43:47 UTC,2026-06-02 14:43:26 UTC,2026-06-02 14:43:05 UTC,2026-06-02 14:42:42 UTC,2026-06-02 14:42:03 UTC,2026-06-02 14:41:47 UTC,2026-06-02 14:41:43 UTC,2026-06-02 14:41:27 UTC,2026-06-02 14:41:11 UTC,2026-06-02 14:40:51 UTC,2026-06-02 14:40:44 UTC,2026-06-02 14:45:20 UTC,2026-06-02 14:45:20 UTC,2026-06-02 14:44:44 UTC,2026-06-02 14:43:50 UTC,end_normal
d0e077460e6b293b8ad59661643190f0,2026-05-12 13:56:23 UTC,2026-05-12 14:05:05 UTC,2026-05-12 13:56:36 UTC,4,3,3,3,3,NA,3,3,4,4,4,NA,option_2,option_1,option_1,option_1,option_1,8,moderaterne,NA,3,3,2,nordjylland,lang_videre,2003,Mand,896,NA,2026-05-12 13:57:29 UTC,2026-05-12 13:57:15 UTC,2026-05-12 13:57:04 UTC,2026-05-12 13:56:52 UTC,2026-05-12 13:56:46 UTC,2026-05-12 13:56:39 UTC,NA,2026-05-12 13:59:41 UTC,2026-05-12 13:59:32 UTC,2026-05-12 13:59:14 UTC,2026-05-12 13:58:54 UTC,2026-05-12 13:58:28 UTC,2026-05-12 13:57:49 UTC,2026-05-12 13:57:44 UTC,2026-05-12 14:01:01 UTC,2026-05-12 14:00:59 UTC,2026-05-12 14:00:56 UTC,2026-05-12 14:00:40 UTC,NA,2026-05-12 14:00:32 UTC,2026-05-12 14:00:24 UTC,2026-05-12 14:00:21 UTC,2026-05-12 14:00:15 UTC,2026-05-12 14:00:10 UTC,2026-05-12 13:59:44 UTC,2026-05-12 13:59:32 UTC,2026-05-12 13:59:16 UTC,2026-05-12 13:58:56 UTC,2026-05-12 13:58:33 UTC,2026-05-12 13:58:02 UTC,2026-05-12 13:57:51 UTC,2026-05-12 13:57:35 UTC,2026-05-12 13:56:55 UTC,2026-05-12 13:56:31 UTC,2026-05-12 13:56:23 UTC,2026-05-12 14:01:03 UTC,2026-05-12 14:01:05 UTC,2026-05-12 14:00:33 UTC,2026-05-12 13:59:53 UTC,end_normal
d0fb8d64d47482e5ac97c7530226a71a,2026-06-20 06:39:37 UTC,2026-06-20 06:47:33 UTC,2026-06-20 06:40:10 UTC,NA,NA,NA,NA,NA,NA,NA,NA,NA,NA,NA,NA,option_2,option_2,option_2,option_1,option_2,1,dansk_folkeparti,NA,1,NA,1,midtjylland,grundskole,1958,Kvinde,1738,NA,2026-06-20 06:41:18 UTC,NA,2026-06-20 06:40:58 UTC,2026-06-20 06:40:42 UTC,2026-06-20 06:40:32 UTC,2026-06-20 06:40:22 UTC,NA,2026-06-20 06:45:14 UTC,2026-06-20 06:44:37 UTC,2026-06-20 06:44:03 UTC,2026-06-20 06:43:34 UTC,2026-06-20 06:42:55 UTC,2026-06-20 06:41:48 UTC,2026-06-20 06:41:29 UTC,NA,NA,NA,NA,NA,NA,NA,NA,NA,NA,2026-06-20 06:45:16 UTC,2026-06-20 06:44:39 UTC,2026-06-20 06:44:07 UTC,2026-06-20 06:43:35 UTC,NA,2026-06-20 06:42:15 UTC,2026-06-20 06:41:51 UTC,2026-06-20 06:41:19 UTC,2026-06-20 06:40:44 UTC,2026-06-20 06:40:05 UTC,2026-06-20 06:39:37 UTC,NA,NA,NA,2026-06-20 06:45:38 UTC,single_profile_1
d15d28e814caa35642d731a25fd897dd,2026-05-13 17:23:26 UTC,2026-05-13 17:28:56 UTC,2026-05-13 17:23:37 UTC,2,2,3,3,2,NA,3,2,3,3,3,NA,option_1,option_1,option_2,option_2,option_1,3,dansk_folkeparti,NA,3,NA,1,midtjylland,mellemlang_videre,1976,Kvinde,834,NA,2026-05-13 17:24:14 UTC,NA,2026-05-13 17:24:00 UTC,2026-05-13 17:23:51 UTC,2026-05-13 17:23:47 UTC,2026-05-13 17:23:43 UTC,NA,2026-05-13 17:27:07 UTC,2026-05-13 17:26:45 UTC,2026-05-13 17:26:29 UTC,2026-05-13 17:25:46 UTC,2026-05-13 17:25:28 UTC,2026-05-13 17:24:32 UTC,2026-05-13 17:24:27 UTC,2026-05-13 17:28:26 UTC,2026-05-13 17:28:24 UTC,2026-05-13 17:28:20 UTC,2026-05-13 17:28:16 UTC,NA,2026-05-13 17:27:51 UTC,2026-05-13 17:27:47 UTC,2026-05-13 17:27:59 UTC,2026-05-13 17:28:00 UTC,2026-05-13 17:28:01 UTC,2026-05-13 17:27:07 UTC,2026-05-13 17:26:45 UTC,2026-05-13 17:26:30 UTC,2026-05-13 17:25:48 UTC,2026-05-13 17:25:28 UTC,2026-05-13 17:24:40 UTC,2026-05-13 17:24:33 UTC,2026-05-13 17:24:16 UTC,2026-05-13 17:23:52 UTC,2026-05-13 17:23:34 UTC,2026-05-13 17:23:26 UTC,2026-05-13 17:28:32 UTC,2026-05-13 17:28:32 UTC,2026-05-13 17:28:02 UTC,2026-05-13 17:27:13 UTC,end_normal
d1d71c69bdb6a236306d3824bc5643f4,2026-06-20 16:31:24 UTC,2026-06-20 16:39:25 UTC,2026-06-20 16:31:41 UTC,1,2,2,2,2,NA,1,2,2,2,2,NA,option_1,option_1,option_2,option_1,option_1,9,socialdemokratiet,NA,3,3,2,syddanmark,mellemlang_videre,1959,Kvinde,1327,NA,2026-06-20 16:32:37 UTC,2026-06-20 16:32:27 UTC,2026-06-20 16:32:15 UTC,2026-06-20 16:32:02 UTC,2026-06-20 16:31:57 UTC,2026-06-20 16:31:49 UTC,NA,2026-06-20 16:37:01 UTC,2026-06-20 16:35:58 UTC,2026-06-20 16:35:17 UTC,2026-06-20 16:34:27 UTC,2026-06-20 16:33:54 UTC,2026-06-20 16:32:51 UTC,2026-06-20 16:32:45 UTC,2026-06-20 16:38:43 UTC,2026-06-20 16:38:40 UTC,2026-06-20 16:38:38 UTC,2026-06-20 16:38:35 UTC,NA,2026-06-20 16:38:07 UTC,2026-06-20 16:38:04 UTC,2026-06-20 16:37:58 UTC,2026-06-20 16:37:55 UTC,2026-06-20 16:37:41 UTC,2026-06-20 16:37:01 UTC,2026-06-20 16:36:02 UTC,2026-06-20 16:35:21 UTC,2026-06-20 16:34:28 UTC,2026-06-20 16:33:55 UTC,2026-06-20 16:33:02 UTC,2026-06-20 16:32:54 UTC,2026-06-20 16:32:40 UTC,2026-06-20 16:32:06 UTC,2026-06-20 16:31:37 UTC,2026-06-20 16:31:24 UTC,2026-06-20 16:38:46 UTC,2026-06-20 16:38:49 UTC,2026-06-20 16:38:11 UTC,2026-06-20 16:37:07 UTC,end_normal
d2348b2dd6a131ac1aaebd502dd25f94,2026-05-17 19:37:03 UTC,2026-05-17 19:46:29 UTC,2026-05-17 19:37:18 UTC,NA,NA,NA,NA,NA,NA,1,1,2,2,2,NA,option_1,option_2,option_2,option_2,option_2,5,venstre,3,2,NA,1,midtjylland,erhvervsuddannelse,1965,Mand,1573,2026-05-17 19:38:06 UTC,2026-05-17 19:37:54 UTC,NA,2026-05-17 19:37:40 UTC,2026-05-17 19:37:30 UTC,2026-05-17 19:37:27 UTC,2026-05-17 19:37:24 UTC,NA,2026-05-17 19:40:54 UTC,2026-05-17 19:40:35 UTC,2026-05-17 19:40:19 UTC,2026-05-17 19:39:26 UTC,2026-05-17 19:38:58 UTC,2026-05-17 19:38:21 UTC,2026-05-17 19:38:16 UTC,NA,NA,NA,NA,NA,2026-05-17 19:42:12 UTC,2026-05-17 19:42:09 UTC,2026-05-17 19:42:00 UTC,2026-05-17 19:42:05 UTC,2026-05-17 19:41:47 UTC,2026-05-17 19:40:58 UTC,2026-05-17 19:40:38 UTC,2026-05-17 19:40:22 UTC,2026-05-17 19:39:28 UTC,2026-05-17 19:38:58 UTC,2026-05-17 19:38:25 UTC,2026-05-17 19:38:22 UTC,2026-05-17 19:38:06 UTC,2026-05-17 19:37:31 UTC,2026-05-17 19:37:10 UTC,2026-05-17 19:37:03 UTC,NA,2026-05-17 19:43:03 UTC,2026-05-17 19:42:13 UTC,2026-05-17 19:41:01 UTC,end_normal
d24cd1e05d55484299d7628e5913380c,2026-06-20 20:39:13 UTC,2026-06-20 20:48:59 UTC,2026-06-20 20:39:52 UTC,4,4,4,4,4,NA,4,4,4,4,4,NA,option_2,option_1,option_1,option_1,option_2,7,sf,NA,3,1,2,sjaelland,mellemlang_videre,1977,Kvinde,915,NA,2026-06-20 20:41:12 UTC,2026-06-20 20:40:51 UTC,2026-06-20 20:40:33 UTC,2026-06-20 20:40:14 UTC,2026-06-20 20:40:07 UTC,2026-06-20 20:39:59 UTC,NA,2026-06-20 20:45:33 UTC,2026-06-20 20:45:04 UTC,2026-06-20 20:44:38 UTC,2026-06-20 20:44:12 UTC,2026-06-20 20:42:39 UTC,2026-06-20 20:41:30 UTC,2026-06-20 20:41:21 UTC,2026-06-20 20:47:19 UTC,2026-06-20 20:47:19 UTC,2026-06-20 20:47:17 UTC,2026-06-20 20:47:16 UTC,NA,2026-06-20 20:46:59 UTC,2026-06-20 20:46:54 UTC,2026-06-20 20:46:44 UTC,2026-06-20 20:46:25 UTC,2026-06-20 20:46:16 UTC,2026-06-20 20:45:35 UTC,2026-06-20 20:45:06 UTC,2026-06-20 20:44:40 UTC,2026-06-20 20:44:14 UTC,2026-06-20 20:42:42 UTC,2026-06-20 20:41:49 UTC,2026-06-20 20:41:31 UTC,2026-06-20 20:41:13 UTC,2026-06-20 20:40:15 UTC,2026-06-20 20:39:47 UTC,2026-06-20 20:39:13 UTC,2026-06-20 20:47:20 UTC,2026-06-20 20:47:23 UTC,2026-06-20 20:47:00 UTC,2026-06-20 20:45:46 UTC,end_normal
d262b28fab35656539987b9a66e82120,2026-06-21 17:25:49 UTC,2026-06-21 17:31:35 UTC,2026-06-21 17:26:04 UTC,2,3,3,4,3,NA,1,3,1,2,2,NA,option_1,option_2,option_2,option_1,option_1,2,danmarksdemokraterne,NA,3,NA,1,syddanmark,mellemlang_videre,1966,Mand,1881,NA,2026-06-21 17:26:50 UTC,NA,2026-06-21 17:26:39 UTC,2026-06-21 17:26:29 UTC,2026-06-21 17:26:22 UTC,2026-06-21 17:26:15 UTC,NA,2026-06-21 17:29:30 UTC,2026-06-21 17:29:12 UTC,2026-06-21 17:28:52 UTC,2026-06-21 17:28:33 UTC,2026-06-21 17:27:52 UTC,2026-06-21 17:27:09 UTC,2026-06-21 17:27:01 UTC,2026-06-21 17:30:56 UTC,2026-06-21 17:30:51 UTC,2026-06-21 17:30:49 UTC,2026-06-21 17:30:44 UTC,NA,2026-06-21 17:30:29 UTC,2026-06-21 17:30:25 UTC,2026-06-21 17:30:11 UTC,2026-06-21 17:30:05 UTC,2026-06-21 17:30:02 UTC,2026-06-21 17:29:32 UTC,2026-06-21 17:29:13 UTC,2026-06-21 17:28:54 UTC,2026-06-21 17:28:35 UTC,2026-06-21 17:27:53 UTC,2026-06-21 17:27:19 UTC,2026-06-21 17:27:11 UTC,2026-06-21 17:26:52 UTC,2026-06-21 17:26:30 UTC,2026-06-21 17:26:00 UTC,2026-06-21 17:25:49 UTC,2026-06-21 17:30:59 UTC,2026-06-21 17:31:00 UTC,2026-06-21 17:30:30 UTC,2026-06-21 17:29:38 UTC,end_normal
d3250a8867e8d82a3e3d22cb5ead054a,2026-05-14 14:55:39 UTC,2026-05-14 15:00:59 UTC,2026-05-14 14:55:56 UTC,3,4,4,4,4,NA,1,1,1,2,1,NA,option_1,option_1,option_1,option_1,option_2,3,konservative,NA,1,1,2,midtjylland,mellemlang_videre,1969,Kvinde,595,NA,2026-05-14 14:56:43 UTC,2026-05-14 14:56:28 UTC,2026-05-14 14:56:22 UTC,2026-05-14 14:56:13 UTC,2026-05-14 14:56:08 UTC,2026-05-14 14:56:02 UTC,NA,2026-05-14 14:59:04 UTC,2026-05-14 14:58:48 UTC,2026-05-14 14:58:27 UTC,2026-05-14 14:58:01 UTC,2026-05-14 14:57:35 UTC,2026-05-14 14:56:55 UTC,2026-05-14 14:56:51 UTC,2026-05-14 15:00:18 UTC,2026-05-14 15:00:12 UTC,2026-05-14 15:00:21 UTC,2026-05-14 15:00:20 UTC,NA,2026-05-14 14:59:42 UTC,2026-05-14 14:59:41 UTC,2026-05-14 14:59:39 UTC,2026-05-14 14:59:36 UTC,2026-05-14 14:59:34 UTC,2026-05-14 14:59:06 UTC,2026-05-14 14:58:51 UTC,2026-05-14 14:58:32 UTC,2026-05-14 14:58:06 UTC,2026-05-14 14:57:38 UTC,2026-05-14 14:57:12 UTC,2026-05-14 14:56:58 UTC,2026-05-14 14:56:45 UTC,2026-05-14 14:56:14 UTC,2026-05-14 14:55:51 UTC,2026-05-14 14:55:39 UTC,2026-05-14 15:00:24 UTC,2026-05-14 15:00:25 UTC,2026-05-14 14:59:45 UTC,2026-05-14 14:59:15 UTC,end_normal
d3270b8778e6d4795fc0932cd3814020,2026-06-21 21:33:21 UTC,2026-06-21 21:38:46 UTC,2026-06-21 21:33:39 UTC,NA,NA,NA,NA,NA,NA,NA,NA,NA,NA,NA,NA,NA,NA,NA,NA,NA,5,liberal_alliance,NA,1,3,2,midtjylland,lang_videre,1969,Mand,1356,NA,2026-06-21 21:34:30 UTC,2026-06-21 21:34:21 UTC,2026-06-21 21:34:12 UTC,2026-06-21 21:33:59 UTC,2026-06-21 21:33:56 UTC,2026-06-21 21:33:47 UTC,NA,NA,NA,NA,NA,NA,2026-06-21 21:34:49 UTC,2026-06-21 21:34:42 UTC,NA,NA,NA,NA,NA,NA,NA,NA,NA,NA,NA,NA,NA,NA,NA,2026-06-21 21:34:59 UTC,2026-06-21 21:34:51 UTC,2026-06-21 21:34:32 UTC,2026-06-21 21:34:03 UTC,2026-06-21 21:33:32 UTC,2026-06-21 21:33:21 UTC,NA,NA,NA,NA,cbc_q1_page
d34c4e194fce7449f10375bf861a60bb,2026-05-19 16:22:36 UTC,2026-05-19 16:27:45 UTC,2026-05-19 16:22:52 UTC,4,4,4,4,4,NA,3,4,4,3,3,NA,option_2,option_1,option_2,option_1,option_1,6,sf,NA,3,3,2,sjaelland,erhvervsuddannelse,1954,Kvinde,1711,NA,2026-05-19 16:23:41 UTC,2026-05-19 16:23:34 UTC,2026-05-19 16:23:22 UTC,2026-05-19 16:23:10 UTC,2026-05-19 16:23:06 UTC,2026-05-19 16:23:02 UTC,NA,2026-05-19 16:26:18 UTC,2026-05-19 16:26:02 UTC,2026-05-19 16:25:24 UTC,2026-05-19 16:25:02 UTC,2026-05-19 16:24:39 UTC,2026-05-19 16:23:56 UTC,2026-05-19 16:23:50 UTC,2026-05-19 16:27:21 UTC,2026-05-19 16:27:18 UTC,2026-05-19 16:27:16 UTC,2026-05-19 16:27:15 UTC,NA,2026-05-19 16:26:59 UTC,2026-05-19 16:26:57 UTC,2026-05-19 16:26:53 UTC,2026-05-19 16:26:47 UTC,2026-05-19 16:26:45 UTC,2026-05-19 16:26:22 UTC,2026-05-19 16:26:04 UTC,2026-05-19 16:25:27 UTC,2026-05-19 16:25:08 UTC,2026-05-19 16:24:42 UTC,2026-05-19 16:24:13 UTC,2026-05-19 16:24:03 UTC,2026-05-19 16:23:43 UTC,2026-05-19 16:23:16 UTC,2026-05-19 16:22:49 UTC,2026-05-19 16:22:36 UTC,2026-05-19 16:27:24 UTC,2026-05-19 16:27:25 UTC,2026-05-19 16:27:04 UTC,2026-05-19 16:26:29 UTC,end_normal
d3a9a5ef2e30a76d8cc629ea03386b15,2026-05-23 16:30:09 UTC,2026-05-23 16:40:25 UTC,2026-05-23 16:30:25 UTC,1,3,5,3,2,NA,1,3,5,1,2,NA,option_1,option_1,option_1,option_2,option_1,2,dansk_folkeparti,NA,1,NA,1,midtjylland,mellemlang_videre,1966,Kvinde,497,NA,2026-05-23 16:30:58 UTC,NA,2026-05-23 16:30:50 UTC,2026-05-23 16:30:41 UTC,2026-05-23 16:30:38 UTC,2026-05-23 16:30:33 UTC,NA,2026-05-23 16:33:08 UTC,2026-05-23 16:32:40 UTC,2026-05-23 16:32:23 UTC,2026-05-23 16:31:59 UTC,2026-05-23 16:31:48 UTC,2026-05-23 16:31:18 UTC,2026-05-23 16:31:12 UTC,2026-05-23 16:34:29 UTC,2026-05-23 16:34:28 UTC,2026-05-23 16:34:23 UTC,2026-05-23 16:34:20 UTC,NA,2026-05-23 16:34:03 UTC,2026-05-23 16:34:00 UTC,2026-05-23 16:33:56 UTC,2026-05-23 16:33:52 UTC,2026-05-23 16:33:48 UTC,2026-05-23 16:33:09 UTC,2026-05-23 16:32:51 UTC,2026-05-23 16:32:24 UTC,2026-05-23 16:32:00 UTC,2026-05-23 16:31:48 UTC,2026-05-23 16:31:29 UTC,2026-05-23 16:31:19 UTC,2026-05-23 16:30:59 UTC,2026-05-23 16:30:42 UTC,2026-05-23 16:30:22 UTC,2026-05-23 16:30:09 UTC,2026-05-23 16:34:30 UTC,2026-05-23 16:34:30 UTC,2026-05-23 16:34:05 UTC,2026-05-23 16:33:18 UTC,end_normal
d44be8d0b67ec74f665e909fba45ba9a,2026-06-20 07:05:06 UTC,2026-06-20 07:14:38 UTC,2026-06-20 07:05:32 UTC,1,1,1,1,1,NA,2,2,2,3,2,NA,option_2,option_2,option_2,option_2,option_1,2,enhedslisten,NA,3,3,2,midtjylland,mellemlang_videre,1963,Kvinde,1231,NA,2026-06-20 07:06:49 UTC,2026-06-20 07:06:35 UTC,2026-06-20 07:06:19 UTC,2026-06-20 07:06:04 UTC,2026-06-20 07:05:58 UTC,2026-06-20 07:05:47 UTC,NA,2026-06-20 07:10:58 UTC,2026-06-20 07:10:09 UTC,2026-06-20 07:09:40 UTC,2026-06-20 07:09:11 UTC,2026-06-20 07:08:19 UTC,2026-06-20 07:07:14 UTC,2026-06-20 07:07:03 UTC,2026-06-20 07:13:35 UTC,2026-06-20 07:13:34 UTC,2026-06-20 07:13:31 UTC,2026-06-20 07:13:31 UTC,NA,2026-06-20 07:13:02 UTC,2026-06-20 07:12:42 UTC,2026-06-20 07:12:43 UTC,2026-06-20 07:12:24 UTC,2026-06-20 07:12:44 UTC,2026-06-20 07:10:59 UTC,2026-06-20 07:10:11 UTC,2026-06-20 07:09:43 UTC,2026-06-20 07:09:14 UTC,2026-06-20 07:08:22 UTC,2026-06-20 07:07:23 UTC,2026-06-20 07:07:17 UTC,2026-06-20 07:06:52 UTC,2026-06-20 07:06:05 UTC,2026-06-20 07:05:25 UTC,2026-06-20 07:05:06 UTC,2026-06-20 07:13:36 UTC,2026-06-20 07:13:54 UTC,2026-06-20 07:13:03 UTC,2026-06-20 07:11:10 UTC,end_normal
d46a0775d23bbb545e6773127dead49e,2026-05-15 10:38:30 UTC,2026-05-15 10:42:03 UTC,2026-05-15 10:38:41 UTC,NA,NA,NA,NA,NA,NA,NA,NA,NA,NA,NA,NA,option_2,option_1,option_1,option_1,option_2,7,radikale,1,2,3,2,midtjylland,lang_videre,1999,Mand,150,2026-05-15 10:39:20 UTC,2026-05-15 10:39:12 UTC,2026-05-15 10:39:06 UTC,2026-05-15 10:38:59 UTC,2026-05-15 10:38:52 UTC,2026-05-15 10:38:48 UTC,2026-05-15 10:38:45 UTC,NA,2026-05-15 10:41:11 UTC,2026-05-15 10:40:49 UTC,2026-05-15 10:40:30 UTC,2026-05-15 10:40:14 UTC,2026-05-15 10:39:59 UTC,2026-05-15 10:39:34 UTC,2026-05-15 10:39:29 UTC,NA,NA,NA,NA,NA,NA,NA,NA,NA,NA,2026-05-15 10:41:12 UTC,2026-05-15 10:40:54 UTC,2026-05-15 10:40:31 UTC,2026-05-15 10:40:14 UTC,2026-05-15 10:40:00 UTC,2026-05-15 10:39:37 UTC,2026-05-15 10:39:34 UTC,2026-05-15 10:39:20 UTC,2026-05-15 10:38:52 UTC,2026-05-15 10:38:37 UTC,2026-05-15 10:38:30 UTC,NA,NA,NA,2026-05-15 10:41:15 UTC,single_profile_1
d4b30810cf27e791fa947b173eea58dd,2026-05-23 09:40:55 UTC,2026-05-23 09:41:42 UTC,2026-05-23 09:41:06 UTC,NA,NA,NA,NA,NA,NA,NA,NA,NA,NA,NA,NA,NA,NA,NA,NA,NA,NA,NA,NA,NA,NA,NA,midtjylland,mellemlang_videre,1968,Kvinde,227,NA,NA,NA,NA,2026-05-23 09:41:19 UTC,2026-05-23 09:41:16 UTC,2026-05-23 09:41:13 UTC,NA,NA,NA,NA,NA,NA,NA,NA,NA,NA,NA,NA,NA,NA,NA,NA,NA,NA,NA,NA,NA,NA,NA,NA,NA,NA,2026-05-23 09:41:19 UTC,2026-05-23 09:41:01 UTC,2026-05-23 09:40:55 UTC,NA,NA,NA,NA,issue_positions
d5313db59a1452801d8379fb3242fa7d,2026-05-16 16:56:16 UTC,2026-05-16 17:06:00 UTC,2026-05-16 16:56:37 UTC,4,4,4,3,3,NA,2,3,2,3,2,NA,option_2,option_2,option_1,option_1,option_1,5,socialdemokratiet,3,2,NA,3,hovedstaden,lang_videre,1972,Kvinde,292,2026-05-16 16:57:48 UTC,2026-05-16 16:57:29 UTC,NA,2026-05-16 16:57:18 UTC,2026-05-16 16:57:00 UTC,2026-05-16 16:56:49 UTC,2026-05-16 16:56:43 UTC,NA,2026-05-16 17:02:55 UTC,2026-05-16 17:02:19 UTC,2026-05-16 17:01:00 UTC,2026-05-16 17:00:15 UTC,2026-05-16 16:59:32 UTC,2026-05-16 16:58:06 UTC,2026-05-16 16:58:00 UTC,2026-05-16 17:05:12 UTC,2026-05-16 17:05:04 UTC,2026-05-16 17:04:57 UTC,2026-05-16 17:04:45 UTC,NA,2026-05-16 17:04:24 UTC,2026-05-16 17:04:21 UTC,2026-05-16 17:04:14 UTC,2026-05-16 17:04:09 UTC,2026-05-16 17:04:02 UTC,2026-05-16 17:02:57 UTC,2026-05-16 17:02:21 UTC,2026-05-16 17:01:02 UTC,2026-05-16 17:00:16 UTC,2026-05-16 16:59:34 UTC,2026-05-16 16:58:24 UTC,2026-05-16 16:58:10 UTC,2026-05-16 16:57:52 UTC,2026-05-16 16:57:00 UTC,2026-05-16 16:56:32 UTC,2026-05-16 16:56:16 UTC,2026-05-16 17:05:15 UTC,2026-05-16 17:05:23 UTC,2026-05-16 17:04:29 UTC,2026-05-16 17:03:08 UTC,end_normal
d55f51f2ac77f1b4263d75d724d5ec11,2026-05-18 05:41:44 UTC,2026-05-18 05:49:51 UTC,2026-05-18 05:42:08 UTC,1,3,3,3,4,NA,1,4,2,2,5,NA,option_1,option_1,option_2,option_2,option_1,2,dansk_folkeparti,NA,1,NA,1,sjaelland,kort_videre,1966,Kvinde,1736,NA,2026-05-18 05:43:03 UTC,NA,2026-05-18 05:42:43 UTC,2026-05-18 05:42:28 UTC,2026-05-18 05:42:21 UTC,2026-05-18 05:42:16 UTC,NA,2026-05-18 05:47:10 UTC,2026-05-18 05:46:25 UTC,2026-05-18 05:45:54 UTC,2026-05-18 05:45:15 UTC,2026-05-18 05:44:22 UTC,2026-05-18 05:43:22 UTC,2026-05-18 05:43:14 UTC,2026-05-18 05:49:19 UTC,2026-05-18 05:49:16 UTC,2026-05-18 05:49:12 UTC,2026-05-18 05:49:06 UTC,NA,2026-05-18 05:48:32 UTC,2026-05-18 05:48:28 UTC,2026-05-18 05:48:14 UTC,2026-05-18 05:48:10 UTC,2026-05-18 05:48:01 UTC,2026-05-18 05:47:14 UTC,2026-05-18 05:46:33 UTC,2026-05-18 05:45:55 UTC,2026-05-18 05:45:17 UTC,2026-05-18 05:44:24 UTC,2026-05-18 05:43:33 UTC,2026-05-18 05:43:24 UTC,2026-05-18 05:43:04 UTC,2026-05-18 05:42:28 UTC,2026-05-18 05:42:01 UTC,2026-05-18 05:41:44 UTC,2026-05-18 05:49:22 UTC,2026-05-18 05:49:24 UTC,2026-05-18 05:48:32 UTC,2026-05-18 05:47:23 UTC,end_normal
d5886de22169ab9efa379e4772748aa1,2026-05-13 23:09:16 UTC,2026-05-13 23:09:54 UTC,NA,NA,NA,NA,NA,NA,NA,NA,NA,NA,NA,NA,NA,NA,NA,NA,NA,NA,NA,NA,NA,NA,NA,NA,NA,NA,NA,NA,707,NA,NA,NA,NA,NA,NA,NA,NA,NA,NA,NA,NA,NA,NA,NA,NA,NA,NA,NA,NA,NA,NA,NA,NA,NA,NA,NA,NA,NA,NA,NA,NA,NA,NA,2026-05-13 23:09:22 UTC,2026-05-13 23:09:16 UTC,NA,NA,NA,NA,Background
d6559aa06297e14f15925f9b1002d736,2026-05-27 12:11:55 UTC,2026-05-27 12:16:54 UTC,2026-05-27 12:12:08 UTC,3,4,5,4,3,NA,3,4,5,4,3,NA,option_2,option_1,option_1,option_1,option_2,6,moderaterne,NA,1,1,2,midtjylland,lang_videre,1990,Mand,537,NA,2026-05-27 12:12:37 UTC,2026-05-27 12:12:30 UTC,2026-05-27 12:12:26 UTC,2026-05-27 12:12:16 UTC,2026-05-27 12:12:14 UTC,2026-05-27 12:12:11 UTC,NA,2026-05-27 12:15:03 UTC,2026-05-27 12:14:47 UTC,2026-05-27 12:14:24 UTC,2026-05-27 12:14:00 UTC,2026-05-27 12:13:31 UTC,2026-05-27 12:12:50 UTC,2026-05-27 12:12:46 UTC,2026-05-27 12:16:16 UTC,2026-05-27 12:16:12 UTC,2026-05-27 12:16:09 UTC,2026-05-27 12:16:06 UTC,NA,2026-05-27 12:15:53 UTC,2026-05-27 12:15:50 UTC,2026-05-27 12:15:43 UTC,2026-05-27 12:15:35 UTC,2026-05-27 12:15:29 UTC,2026-05-27 12:15:07 UTC,2026-05-27 12:14:50 UTC,2026-05-27 12:14:29 UTC,2026-05-27 12:14:07 UTC,2026-05-27 12:13:32 UTC,2026-05-27 12:13:03 UTC,2026-05-27 12:12:52 UTC,2026-05-27 12:12:39 UTC,2026-05-27 12:12:18 UTC,2026-05-27 12:12:04 UTC,2026-05-27 12:11:55 UTC,2026-05-27 12:16:17 UTC,2026-05-27 12:16:18 UTC,2026-05-27 12:15:54 UTC,2026-05-27 12:15:16 UTC,end_normal
d660a7ed669dcbbb34729f2f13040fc9,2026-06-19 20:21:49 UTC,2026-06-19 20:28:12 UTC,2026-06-19 20:22:00 UTC,1,2,3,3,2,NA,2,2,3,2,2,NA,option_2,option_1,option_1,option_2,option_2,6,enhedslisten,NA,3,NA,3,syddanmark,lang_videre,1987,Kvinde,16,NA,2026-06-19 20:22:29 UTC,NA,2026-06-19 20:22:22 UTC,2026-06-19 20:22:14 UTC,2026-06-19 20:22:11 UTC,2026-06-19 20:22:07 UTC,NA,2026-06-19 20:25:51 UTC,2026-06-19 20:25:30 UTC,2026-06-19 20:25:03 UTC,2026-06-19 20:24:35 UTC,2026-06-19 20:23:39 UTC,2026-06-19 20:22:53 UTC,2026-06-19 20:22:41 UTC,2026-06-19 20:27:33 UTC,2026-06-19 20:27:16 UTC,2026-06-19 20:27:13 UTC,2026-06-19 20:27:10 UTC,NA,2026-06-19 20:26:50 UTC,2026-06-19 20:26:46 UTC,2026-06-19 20:26:37 UTC,2026-06-19 20:26:33 UTC,2026-06-19 20:26:23 UTC,2026-06-19 20:25:52 UTC,2026-06-19 20:25:31 UTC,2026-06-19 20:25:05 UTC,2026-06-19 20:24:37 UTC,2026-06-19 20:23:40 UTC,2026-06-19 20:23:02 UTC,2026-06-19 20:22:57 UTC,2026-06-19 20:22:31 UTC,2026-06-19 20:22:15 UTC,2026-06-19 20:21:56 UTC,2026-06-19 20:21:49 UTC,2026-06-19 20:27:39 UTC,2026-06-19 20:27:45 UTC,2026-06-19 20:26:53 UTC,2026-06-19 20:26:02 UTC,end_normal
d7b79c008ba543746b5cff400e4741fb,2026-05-13 15:39:49 UTC,2026-05-13 15:47:25 UTC,2026-05-13 15:40:07 UTC,3,3,3,3,3,NA,3,3,3,3,3,NA,option_2,option_2,option_2,option_2,option_2,0,dansk_folkeparti,NA,3,NA,1,syddanmark,erhvervsuddannelse,1965,Kvinde,1895,NA,2026-05-13 15:41:27 UTC,NA,2026-05-13 15:41:10 UTC,2026-05-13 15:40:47 UTC,2026-05-13 15:40:36 UTC,2026-05-13 15:40:24 UTC,NA,2026-05-13 15:44:30 UTC,2026-05-13 15:44:12 UTC,2026-05-13 15:43:50 UTC,2026-05-13 15:43:22 UTC,2026-05-13 15:42:50 UTC,2026-05-13 15:41:52 UTC,2026-05-13 15:41:42 UTC,2026-05-13 15:45:57 UTC,2026-05-13 15:45:57 UTC,2026-05-13 15:45:56 UTC,2026-05-13 15:45:55 UTC,NA,2026-05-13 15:45:34 UTC,2026-05-13 15:45:30 UTC,2026-05-13 15:45:27 UTC,2026-05-13 15:45:23 UTC,2026-05-13 15:45:20 UTC,2026-05-13 15:44:32 UTC,2026-05-13 15:44:14 UTC,2026-05-13 15:43:51 UTC,2026-05-13 15:43:25 UTC,2026-05-13 15:42:51 UTC,2026-05-13 15:42:02 UTC,2026-05-13 15:41:54 UTC,2026-05-13 15:41:28 UTC,2026-05-13 15:40:51 UTC,2026-05-13 15:40:02 UTC,2026-05-13 15:39:49 UTC,2026-05-13 15:45:58 UTC,2026-05-13 15:45:59 UTC,2026-05-13 15:45:34 UTC,2026-05-13 15:44:40 UTC,end_normal
d7ccfa89d5d8d4feac99679d7f4546d0,2026-05-17 20:31:25 UTC,2026-05-17 20:36:09 UTC,2026-05-17 20:31:42 UTC,3,3,3,3,3,NA,3,3,3,3,3,NA,option_1,option_1,NA,option_2,option_1,4,sf,NA,3,NA,1,midtjylland,lang_videre,1963,Kvinde,979,NA,2026-05-17 20:32:22 UTC,NA,2026-05-17 20:32:13 UTC,2026-05-17 20:32:02 UTC,2026-05-17 20:31:59 UTC,2026-05-17 20:31:54 UTC,NA,2026-05-17 20:34:47 UTC,2026-05-17 20:34:31 UTC,NA,2026-05-17 20:33:40 UTC,2026-05-17 20:33:11 UTC,2026-05-17 20:32:37 UTC,2026-05-17 20:32:30 UTC,2026-05-17 20:35:41 UTC,2026-05-17 20:35:40 UTC,2026-05-17 20:35:39 UTC,2026-05-17 20:35:38 UTC,NA,2026-05-17 20:35:26 UTC,2026-05-17 20:35:25 UTC,2026-05-17 20:35:24 UTC,2026-05-17 20:35:21 UTC,2026-05-17 20:35:18 UTC,2026-05-17 20:34:48 UTC,2026-05-17 20:34:32 UTC,2026-05-17 20:34:12 UTC,2026-05-17 20:33:41 UTC,2026-05-17 20:33:13 UTC,2026-05-17 20:32:45 UTC,2026-05-17 20:32:42 UTC,2026-05-17 20:32:23 UTC,2026-05-17 20:32:03 UTC,2026-05-17 20:31:35 UTC,2026-05-17 20:31:25 UTC,2026-05-17 20:35:40 UTC,2026-05-17 20:35:42 UTC,2026-05-17 20:35:28 UTC,2026-05-17 20:34:54 UTC,end_normal
d83379e79247ba22ee4083b70f3ef054,2026-05-23 11:33:24 UTC,2026-05-23 11:34:56 UTC,2026-05-23 11:33:43 UTC,NA,NA,NA,NA,NA,NA,NA,NA,NA,NA,NA,NA,NA,NA,NA,NA,NA,NA,NA,NA,NA,NA,2,midtjylland,lang_videre,2003,Kvinde,485,NA,NA,NA,2026-05-23 11:34:32 UTC,2026-05-23 11:34:21 UTC,2026-05-23 11:34:04 UTC,2026-05-23 11:33:46 UTC,NA,NA,NA,NA,NA,NA,NA,NA,NA,NA,NA,NA,NA,NA,NA,NA,NA,NA,NA,NA,NA,NA,NA,NA,NA,NA,2026-05-23 11:34:21 UTC,2026-05-23 11:33:39 UTC,2026-05-23 11:33:24 UTC,NA,NA,NA,NA,issue_positions
d869b0e71c7b1111bacb68ca2e14e7af,2026-05-15 14:24:54 UTC,2026-05-15 14:33:53 UTC,2026-05-15 14:25:06 UTC,NA,NA,NA,NA,NA,NA,NA,NA,NA,NA,NA,NA,NA,option_2,option_2,option_2,option_1,6,alternativet,NA,3,1,2,nordjylland,mellemlang_videre,1965,Mand,989,NA,2026-05-15 14:27:12 UTC,2026-05-15 14:26:47 UTC,2026-05-15 14:26:34 UTC,2026-05-15 14:25:52 UTC,2026-05-15 14:25:47 UTC,2026-05-15 14:25:25 UTC,NA,NA,2026-05-15 14:33:15 UTC,2026-05-15 14:32:14 UTC,2026-05-15 14:29:42 UTC,2026-05-15 14:28:13 UTC,2026-05-15 14:27:32 UTC,2026-05-15 14:27:22 UTC,NA,NA,NA,NA,NA,NA,NA,NA,NA,NA,NA,2026-05-15 14:33:16 UTC,2026-05-15 14:32:18 UTC,2026-05-15 14:29:47 UTC,2026-05-15 14:28:14 UTC,2026-05-15 14:27:56 UTC,2026-05-15 14:27:32 UTC,2026-05-15 14:27:14 UTC,2026-05-15 14:25:52 UTC,2026-05-15 14:25:01 UTC,2026-05-15 14:24:54 UTC,NA,NA,NA,NA,cbc_q5_page
d8ab8d468cfc229178f561a5333cda02,2026-05-14 11:26:34 UTC,2026-05-14 11:27:44 UTC,2026-05-14 11:27:07 UTC,NA,NA,NA,NA,NA,NA,NA,NA,NA,NA,NA,NA,NA,NA,NA,NA,NA,NA,NA,NA,NA,NA,NA,NA,NA,2001,Kvinde,305,NA,NA,NA,NA,NA,NA,2026-05-14 11:27:11 UTC,NA,NA,NA,NA,NA,NA,NA,NA,NA,NA,NA,NA,NA,NA,NA,NA,NA,NA,NA,NA,NA,NA,NA,NA,NA,NA,NA,2026-05-14 11:26:58 UTC,2026-05-14 11:26:34 UTC,NA,NA,NA,NA,Background
d986a7060c98ecbe6d2f13c91c2f2443,2026-05-12 13:25:07 UTC,2026-05-12 13:29:40 UTC,2026-05-12 13:25:17 UTC,4,5,2,3,4,NA,4,5,2,3,4,NA,option_2,option_1,option_2,option_2,option_2,6,moderaterne,NA,1,3,2,midtjylland,gymnasial,2006,Kvinde,468,NA,2026-05-12 13:25:38 UTC,2026-05-12 13:25:33 UTC,2026-05-12 13:25:31 UTC,2026-05-12 13:25:24 UTC,2026-05-12 13:25:21 UTC,2026-05-12 13:25:20 UTC,NA,2026-05-12 13:27:49 UTC,2026-05-12 13:27:16 UTC,2026-05-12 13:26:59 UTC,2026-05-12 13:26:37 UTC,2026-05-12 13:26:02 UTC,2026-05-12 13:25:52 UTC,2026-05-12 13:25:50 UTC,2026-05-12 13:29:04 UTC,2026-05-12 13:29:02 UTC,2026-05-12 13:28:59 UTC,2026-05-12 13:28:53 UTC,NA,2026-05-12 13:28:34 UTC,2026-05-12 13:28:32 UTC,2026-05-12 13:28:29 UTC,2026-05-12 13:28:20 UTC,2026-05-12 13:28:16 UTC,2026-05-12 13:27:49 UTC,2026-05-12 13:27:17 UTC,2026-05-12 13:27:00 UTC,2026-05-12 13:26:38 UTC,2026-05-12 13:26:03 UTC,2026-05-12 13:25:57 UTC,2026-05-12 13:25:54 UTC,2026-05-12 13:25:39 UTC,2026-05-12 13:25:24 UTC,2026-05-12 13:25:14 UTC,2026-05-12 13:25:07 UTC,2026-05-12 13:29:06 UTC,2026-05-12 13:29:07 UTC,2026-05-12 13:28:40 UTC,2026-05-12 13:28:00 UTC,end_normal
d987fd273a57b8dab22ecb529d5299f9,2026-05-13 19:51:53 UTC,2026-05-13 19:58:51 UTC,2026-05-13 19:52:05 UTC,4,3,3,3,3,NA,3,2,3,4,2,NA,option_2,option_2,option_2,option_2,option_1,7,moderaterne,NA,1,3,2,hovedstaden,lang_videre,2000,Mand,640,NA,2026-05-13 19:53:22 UTC,2026-05-13 19:52:50 UTC,2026-05-13 19:52:41 UTC,2026-05-13 19:52:30 UTC,2026-05-13 19:52:28 UTC,2026-05-13 19:52:24 UTC,NA,2026-05-13 19:56:25 UTC,2026-05-13 19:56:04 UTC,2026-05-13 19:55:28 UTC,2026-05-13 19:54:55 UTC,2026-05-13 19:54:19 UTC,2026-05-13 19:53:37 UTC,2026-05-13 19:53:31 UTC,2026-05-13 19:57:59 UTC,2026-05-13 19:57:59 UTC,2026-05-13 19:57:51 UTC,2026-05-13 19:57:48 UTC,NA,2026-05-13 19:57:26 UTC,2026-05-13 19:57:19 UTC,2026-05-13 19:57:15 UTC,2026-05-13 19:57:10 UTC,2026-05-13 19:57:05 UTC,2026-05-13 19:56:25 UTC,2026-05-13 19:56:06 UTC,2026-05-13 19:55:29 UTC,2026-05-13 19:54:57 UTC,2026-05-13 19:54:21 UTC,2026-05-13 19:53:50 UTC,2026-05-13 19:53:37 UTC,2026-05-13 19:53:23 UTC,2026-05-13 19:52:31 UTC,2026-05-13 19:52:01 UTC,2026-05-13 19:51:53 UTC,2026-05-13 19:58:03 UTC,2026-05-13 19:58:04 UTC,2026-05-13 19:57:33 UTC,2026-05-13 19:56:39 UTC,end_normal
d98bbceb9543e4f5df1b2109949b7210,2026-05-13 17:25:13 UTC,2026-05-13 17:31:13 UTC,2026-05-13 17:25:25 UTC,1,3,3,3,3,NA,1,3,3,3,3,NA,option_2,option_2,option_2,option_1,option_1,8,sf,NA,3,1,2,hovedstaden,mellemlang_videre,1955,Kvinde,1088,NA,2026-05-13 17:26:23 UTC,2026-05-13 17:26:14 UTC,2026-05-13 17:26:01 UTC,2026-05-13 17:25:46 UTC,2026-05-13 17:25:43 UTC,2026-05-13 17:25:34 UTC,NA,2026-05-13 17:29:12 UTC,2026-05-13 17:28:55 UTC,2026-05-13 17:28:35 UTC,2026-05-13 17:27:52 UTC,2026-05-13 17:27:25 UTC,2026-05-13 17:26:42 UTC,2026-05-13 17:26:30 UTC,2026-05-13 17:30:29 UTC,2026-05-13 17:30:29 UTC,2026-05-13 17:30:27 UTC,2026-05-13 17:30:27 UTC,NA,2026-05-13 17:30:08 UTC,2026-05-13 17:30:04 UTC,2026-05-13 17:30:01 UTC,2026-05-13 17:29:59 UTC,2026-05-13 17:29:57 UTC,2026-05-13 17:29:14 UTC,2026-05-13 17:28:59 UTC,2026-05-13 17:28:37 UTC,2026-05-13 17:27:54 UTC,2026-05-13 17:27:27 UTC,2026-05-13 17:27:01 UTC,2026-05-13 17:26:44 UTC,2026-05-13 17:26:24 UTC,2026-05-13 17:25:50 UTC,2026-05-13 17:25:21 UTC,2026-05-13 17:25:13 UTC,2026-05-13 17:30:33 UTC,2026-05-13 17:30:35 UTC,2026-05-13 17:30:08 UTC,2026-05-13 17:29:18 UTC,end_normal
d993638f2c4823f533c5dabf8c0bc620,2026-06-20 17:32:45 UTC,2026-06-20 17:39:15 UTC,2026-06-20 17:33:01 UTC,1,4,1,1,1,NA,2,3,3,4,4,NA,option_1,option_2,option_2,option_1,option_2,7,socialdemokratiet,1,2,NA,1,midtjylland,erhvervsuddannelse,1957,Kvinde,764,2026-06-20 17:34:18 UTC,2026-06-20 17:34:00 UTC,NA,2026-06-20 17:33:51 UTC,2026-06-20 17:33:30 UTC,2026-06-20 17:33:17 UTC,2026-06-20 17:33:09 UTC,NA,2026-06-20 17:37:15 UTC,2026-06-20 17:36:54 UTC,2026-06-20 17:36:28 UTC,2026-06-20 17:35:56 UTC,2026-06-20 17:35:26 UTC,2026-06-20 17:34:31 UTC,2026-06-20 17:34:25 UTC,2026-06-20 17:38:46 UTC,2026-06-20 17:38:40 UTC,2026-06-20 17:38:38 UTC,2026-06-20 17:38:37 UTC,NA,2026-06-20 17:38:20 UTC,2026-06-20 17:38:16 UTC,2026-06-20 17:38:10 UTC,2026-06-20 17:38:00 UTC,2026-06-20 17:37:55 UTC,2026-06-20 17:37:15 UTC,2026-06-20 17:36:54 UTC,2026-06-20 17:36:28 UTC,2026-06-20 17:35:56 UTC,2026-06-20 17:35:27 UTC,2026-06-20 17:34:39 UTC,2026-06-20 17:34:33 UTC,2026-06-20 17:34:19 UTC,2026-06-20 17:33:32 UTC,2026-06-20 17:32:56 UTC,2026-06-20 17:32:45 UTC,2026-06-20 17:38:49 UTC,2026-06-20 17:38:49 UTC,2026-06-20 17:38:21 UTC,2026-06-20 17:37:26 UTC,end_normal
d9adc95f2b4e7ace3f91cc1be8365f6b,2026-05-23 16:50:56 UTC,2026-05-23 16:59:52 UTC,2026-05-23 16:51:10 UTC,NA,NA,NA,NA,NA,NA,NA,NA,NA,NA,NA,NA,option_1,option_1,option_2,option_2,option_1,2,liberal_alliance,NA,1,NA,1,midtjylland,lang_videre,1976,Mand,141,NA,2026-05-23 16:53:58 UTC,NA,2026-05-23 16:51:40 UTC,2026-05-23 16:51:28 UTC,2026-05-23 16:51:23 UTC,2026-05-23 16:51:16 UTC,NA,2026-05-23 16:58:33 UTC,2026-05-23 16:57:48 UTC,2026-05-23 16:57:26 UTC,2026-05-23 16:56:05 UTC,2026-05-23 16:55:31 UTC,2026-05-23 16:54:17 UTC,2026-05-23 16:54:09 UTC,NA,NA,NA,NA,NA,NA,NA,NA,NA,NA,2026-05-23 16:58:33 UTC,2026-05-23 16:57:51 UTC,2026-05-23 16:57:27 UTC,2026-05-23 16:56:06 UTC,2026-05-23 16:55:34 UTC,2026-05-23 16:54:27 UTC,2026-05-23 16:54:19 UTC,2026-05-23 16:54:02 UTC,2026-05-23 16:51:29 UTC,2026-05-23 16:51:05 UTC,2026-05-23 16:50:56 UTC,NA,NA,NA,2026-05-23 16:58:43 UTC,single_profile_1
d9daafcd6516c7c3e1c7002f48b6efcf,2026-05-21 10:52:19 UTC,2026-05-21 10:58:42 UTC,2026-05-21 10:52:36 UTC,4,5,5,4,5,NA,4,4,5,3,4,NA,option_2,option_1,option_1,option_1,option_2,5,sf,NA,3,1,2,sjaelland,mellemlang_videre,2005,Kvinde,1217,NA,2026-05-21 10:53:23 UTC,2026-05-21 10:53:13 UTC,2026-05-21 10:53:03 UTC,2026-05-21 10:52:53 UTC,2026-05-21 10:52:47 UTC,2026-05-21 10:52:40 UTC,NA,2026-05-21 10:56:28 UTC,2026-05-21 10:56:13 UTC,2026-05-21 10:55:22 UTC,2026-05-21 10:54:44 UTC,2026-05-21 10:54:22 UTC,2026-05-21 10:53:35 UTC,2026-05-21 10:53:30 UTC,2026-05-21 10:57:57 UTC,2026-05-21 10:57:53 UTC,2026-05-21 10:57:50 UTC,2026-05-21 10:57:42 UTC,NA,2026-05-21 10:57:24 UTC,2026-05-21 10:57:20 UTC,2026-05-21 10:57:10 UTC,2026-05-21 10:57:07 UTC,2026-05-21 10:56:57 UTC,2026-05-21 10:56:31 UTC,2026-05-21 10:56:14 UTC,2026-05-21 10:55:23 UTC,2026-05-21 10:54:46 UTC,2026-05-21 10:54:25 UTC,2026-05-21 10:53:51 UTC,2026-05-21 10:53:38 UTC,2026-05-21 10:53:24 UTC,2026-05-21 10:52:54 UTC,2026-05-21 10:52:32 UTC,2026-05-21 10:52:19 UTC,2026-05-21 10:58:01 UTC,2026-05-21 10:58:02 UTC,2026-05-21 10:57:25 UTC,2026-05-21 10:56:42 UTC,end_normal
da699362d499dd50007a4b840009efb2,2026-06-19 18:17:01 UTC,2026-06-19 18:24:27 UTC,2026-06-19 18:17:15 UTC,2,4,3,3,4,NA,2,2,2,2,4,NA,option_2,option_1,option_1,option_1,option_2,7,konservative,NA,1,NA,1,sjaelland,kort_videre,1976,Kvinde,1529,NA,2026-06-19 18:17:47 UTC,NA,2026-06-19 18:17:34 UTC,2026-06-19 18:17:24 UTC,2026-06-19 18:17:21 UTC,2026-06-19 18:17:16 UTC,NA,2026-06-19 18:20:13 UTC,2026-06-19 18:19:51 UTC,2026-06-19 18:19:39 UTC,2026-06-19 18:19:09 UTC,2026-06-19 18:18:45 UTC,2026-06-19 18:17:58 UTC,2026-06-19 18:17:53 UTC,2026-06-19 18:22:50 UTC,2026-06-19 18:22:45 UTC,2026-06-19 18:22:38 UTC,2026-06-19 18:22:35 UTC,NA,2026-06-19 18:21:53 UTC,2026-06-19 18:21:44 UTC,2026-06-19 18:21:38 UTC,2026-06-19 18:21:24 UTC,2026-06-19 18:20:56 UTC,2026-06-19 18:20:15 UTC,2026-06-19 18:19:52 UTC,2026-06-19 18:19:41 UTC,2026-06-19 18:19:14 UTC,2026-06-19 18:18:50 UTC,2026-06-19 18:18:02 UTC,2026-06-19 18:17:59 UTC,NA,2026-06-19 18:17:26 UTC,2026-06-19 18:17:08 UTC,2026-06-19 18:17:01 UTC,2026-06-19 18:22:57 UTC,2026-06-19 18:22:58 UTC,2026-06-19 18:21:55 UTC,2026-06-19 18:20:22 UTC,end_normal
da72e5bf4d6550e4169a514577bf8da8,2026-05-23 10:42:48 UTC,2026-05-23 10:49:22 UTC,2026-05-23 10:43:15 UTC,3,3,3,3,3,NA,1,2,3,3,2,NA,option_2,option_2,option_2,option_2,option_1,8,sf,NA,3,NA,3,midtjylland,mellemlang_videre,1971,Kvinde,867,NA,2026-05-23 10:43:50 UTC,NA,2026-05-23 10:43:42 UTC,2026-05-23 10:43:31 UTC,2026-05-23 10:43:28 UTC,2026-05-23 10:43:23 UTC,NA,2026-05-23 10:46:49 UTC,2026-05-23 10:46:31 UTC,2026-05-23 10:45:46 UTC,2026-05-23 10:45:22 UTC,2026-05-23 10:44:59 UTC,2026-05-23 10:44:09 UTC,2026-05-23 10:43:58 UTC,2026-05-23 10:48:41 UTC,2026-05-23 10:48:36 UTC,2026-05-23 10:48:30 UTC,2026-05-23 10:48:27 UTC,NA,2026-05-23 10:47:57 UTC,2026-05-23 10:47:46 UTC,2026-05-23 10:47:36 UTC,2026-05-23 10:48:08 UTC,2026-05-23 10:47:31 UTC,2026-05-23 10:46:55 UTC,2026-05-23 10:46:31 UTC,2026-05-23 10:45:47 UTC,2026-05-23 10:45:23 UTC,2026-05-23 10:45:02 UTC,2026-05-23 10:44:22 UTC,2026-05-23 10:44:10 UTC,2026-05-23 10:43:51 UTC,2026-05-23 10:43:33 UTC,2026-05-23 10:43:12 UTC,2026-05-23 10:42:48 UTC,2026-05-23 10:48:43 UTC,2026-05-23 10:48:45 UTC,2026-05-23 10:48:09 UTC,2026-05-23 10:47:03 UTC,end_normal
dab8a89d523fab3781c2f38c996da6db,2026-05-29 20:23:09 UTC,2026-05-29 20:38:34 UTC,2026-05-29 20:23:29 UTC,2,2,2,3,2,NA,2,2,2,3,2,NA,option_2,option_2,option_1,option_2,option_1,8,moderaterne,3,2,NA,3,midtjylland,mellemlang_videre,1972,Kvinde,1432,2026-05-29 20:24:17 UTC,2026-05-29 20:24:07 UTC,NA,2026-05-29 20:23:59 UTC,2026-05-29 20:23:44 UTC,2026-05-29 20:23:41 UTC,2026-05-29 20:23:36 UTC,NA,2026-05-29 20:29:47 UTC,2026-05-29 20:29:17 UTC,2026-05-29 20:28:12 UTC,2026-05-29 20:27:41 UTC,2026-05-29 20:26:48 UTC,2026-05-29 20:24:37 UTC,2026-05-29 20:24:30 UTC,2026-05-29 20:32:10 UTC,2026-05-29 20:32:06 UTC,2026-05-29 20:32:04 UTC,2026-05-29 20:31:59 UTC,NA,2026-05-29 20:31:31 UTC,2026-05-29 20:31:05 UTC,2026-05-29 20:30:59 UTC,2026-05-29 20:30:54 UTC,2026-05-29 20:30:44 UTC,2026-05-29 20:29:51 UTC,2026-05-29 20:29:18 UTC,2026-05-29 20:28:16 UTC,2026-05-29 20:27:42 UTC,2026-05-29 20:26:49 UTC,2026-05-29 20:24:56 UTC,2026-05-29 20:24:41 UTC,2026-05-29 20:24:19 UTC,2026-05-29 20:23:46 UTC,2026-05-29 20:23:19 UTC,2026-05-29 20:23:09 UTC,2026-05-29 20:32:11 UTC,2026-05-29 20:32:12 UTC,2026-05-29 20:31:32 UTC,2026-05-29 20:30:09 UTC,end_normal
dabc4cab63691acbbf3dfb8bbda28996,2026-05-13 17:02:39 UTC,2026-05-13 17:09:15 UTC,2026-05-13 17:02:57 UTC,5,4,4,4,4,NA,1,2,2,3,4,NA,option_1,option_2,option_2,option_2,option_2,1,venstre,NA,3,NA,1,sjaelland,gymnasial,1944,Mand,1080,NA,2026-05-13 17:03:59 UTC,NA,2026-05-13 17:03:44 UTC,2026-05-13 17:03:27 UTC,2026-05-13 17:03:16 UTC,2026-05-13 17:03:06 UTC,NA,2026-05-13 17:06:57 UTC,2026-05-13 17:06:31 UTC,2026-05-13 17:06:10 UTC,2026-05-13 17:05:42 UTC,2026-05-13 17:05:11 UTC,2026-05-13 17:04:19 UTC,2026-05-13 17:04:12 UTC,2026-05-13 17:08:42 UTC,2026-05-13 17:08:39 UTC,2026-05-13 17:08:31 UTC,2026-05-13 17:08:28 UTC,NA,2026-05-13 17:08:06 UTC,2026-05-13 17:08:04 UTC,2026-05-13 17:08:01 UTC,2026-05-13 17:07:57 UTC,2026-05-13 17:07:52 UTC,2026-05-13 17:06:57 UTC,2026-05-13 17:06:32 UTC,2026-05-13 17:06:11 UTC,2026-05-13 17:05:43 UTC,2026-05-13 17:05:12 UTC,2026-05-13 17:04:34 UTC,2026-05-13 17:04:22 UTC,2026-05-13 17:04:00 UTC,2026-05-13 17:03:28 UTC,2026-05-13 17:02:53 UTC,2026-05-13 17:02:39 UTC,2026-05-13 17:08:48 UTC,2026-05-13 17:08:49 UTC,2026-05-13 17:08:07 UTC,2026-05-13 17:07:12 UTC,end_normal
dacebdfc0268bff3be44fe21a608275c,2026-05-17 13:53:02 UTC,2026-05-17 13:58:57 UTC,2026-05-17 13:53:20 UTC,NA,NA,NA,NA,NA,NA,NA,NA,NA,NA,NA,NA,option_1,option_2,option_2,option_2,option_2,4,dansk_folkeparti,NA,1,NA,1,midtjylland,anden,1965,Mand,1405,NA,2026-05-17 13:54:56 UTC,NA,2026-05-17 13:54:09 UTC,2026-05-17 13:53:55 UTC,2026-05-17 13:53:48 UTC,2026-05-17 13:53:31 UTC,NA,2026-05-17 13:58:00 UTC,2026-05-17 13:57:21 UTC,2026-05-17 13:57:10 UTC,2026-05-17 13:56:55 UTC,2026-05-17 13:56:36 UTC,2026-05-17 13:55:25 UTC,2026-05-17 13:55:15 UTC,NA,NA,NA,NA,NA,NA,NA,NA,NA,NA,NA,2026-05-17 13:57:22 UTC,2026-05-17 13:57:11 UTC,2026-05-17 13:56:58 UTC,2026-05-17 13:56:40 UTC,2026-05-17 13:55:47 UTC,2026-05-17 13:55:27 UTC,2026-05-17 13:54:58 UTC,2026-05-17 13:53:58 UTC,2026-05-17 13:53:15 UTC,2026-05-17 13:53:02 UTC,NA,NA,NA,NA,cbc_q5_page
daf29dc1c3064d21718eb7d5ef592b1d,2026-05-16 12:52:15 UTC,2026-05-16 13:01:32 UTC,2026-05-16 12:52:32 UTC,NA,NA,NA,NA,NA,NA,NA,NA,NA,NA,NA,NA,option_2,option_1,option_2,option_1,option_1,0,danmarksdemokraterne,1,2,NA,1,sjaelland,grundskole,1965,Kvinde,980,2026-05-16 12:53:43 UTC,2026-05-16 12:53:29 UTC,NA,2026-05-16 12:53:11 UTC,2026-05-16 12:52:56 UTC,2026-05-16 12:52:52 UTC,2026-05-16 12:52:41 UTC,NA,2026-05-16 12:56:42 UTC,2026-05-16 12:56:13 UTC,2026-05-16 12:55:42 UTC,2026-05-16 12:55:16 UTC,2026-05-16 12:54:54 UTC,2026-05-16 12:54:06 UTC,2026-05-16 12:53:59 UTC,NA,NA,NA,NA,NA,NA,NA,NA,NA,NA,2026-05-16 12:56:50 UTC,2026-05-16 12:56:15 UTC,2026-05-16 12:55:43 UTC,2026-05-16 12:55:16 UTC,2026-05-16 12:55:00 UTC,2026-05-16 12:54:18 UTC,2026-05-16 12:54:10 UTC,2026-05-16 12:53:45 UTC,2026-05-16 12:52:57 UTC,2026-05-16 12:52:26 UTC,2026-05-16 12:52:15 UTC,NA,NA,NA,2026-05-16 12:56:54 UTC,single_profile_1
db088dda259d42e0c5ac4421b0a577dc,2026-06-20 08:12:36 UTC,2026-06-20 08:42:54 UTC,2026-06-20 08:12:50 UTC,2,4,3,3,3,NA,1,4,3,3,3,NA,option_1,option_1,option_2,option_2,option_1,4,radikale,NA,1,NA,3,sjaelland,lang_videre,1967,Mand,99,NA,2026-06-20 08:13:29 UTC,NA,2026-06-20 08:13:19 UTC,2026-06-20 08:13:05 UTC,2026-06-20 08:13:00 UTC,2026-06-20 08:12:56 UTC,NA,2026-06-20 08:16:00 UTC,2026-06-20 08:15:21 UTC,2026-06-20 08:15:02 UTC,2026-06-20 08:14:39 UTC,2026-06-20 08:14:07 UTC,2026-06-20 08:13:46 UTC,2026-06-20 08:13:39 UTC,2026-06-20 08:17:24 UTC,2026-06-20 08:17:17 UTC,2026-06-20 08:17:15 UTC,2026-06-20 08:17:11 UTC,NA,2026-06-20 08:16:51 UTC,2026-06-20 08:16:43 UTC,2026-06-20 08:16:37 UTC,2026-06-20 08:16:29 UTC,2026-06-20 08:16:23 UTC,2026-06-20 08:16:01 UTC,2026-06-20 08:15:30 UTC,2026-06-20 08:15:05 UTC,2026-06-20 08:14:42 UTC,2026-06-20 08:14:09 UTC,2026-06-20 08:13:55 UTC,2026-06-20 08:13:49 UTC,2026-06-20 08:13:33 UTC,2026-06-20 08:13:06 UTC,2026-06-20 08:12:46 UTC,2026-06-20 08:12:36 UTC,2026-06-20 08:17:32 UTC,2026-06-20 08:17:33 UTC,2026-06-20 08:16:52 UTC,2026-06-20 08:16:05 UTC,end_normal
db0cc7799e4a9ed6273adbaecdf4eda4,2026-05-13 15:45:24 UTC,2026-05-13 15:46:45 UTC,2026-05-13 15:45:48 UTC,NA,NA,NA,NA,NA,NA,NA,NA,NA,NA,NA,NA,NA,NA,NA,NA,NA,NA,NA,NA,NA,NA,NA,NA,kort_videre,NA,Kvinde,223,NA,NA,NA,NA,NA,2026-05-13 15:45:55 UTC,NA,NA,NA,NA,NA,NA,NA,NA,NA,NA,NA,NA,NA,NA,NA,NA,NA,NA,NA,NA,NA,NA,NA,NA,NA,NA,NA,NA,2026-05-13 15:45:43 UTC,2026-05-13 15:45:24 UTC,NA,NA,NA,NA,Background
db18c0faaf6117cd83ba067b85e79915,2026-05-16 14:41:01 UTC,2026-05-16 14:53:11 UTC,2026-05-16 14:42:05 UTC,3,3,3,3,3,NA,1,3,2,2,3,NA,option_2,option_1,option_1,option_2,option_1,5,liberal_alliance,NA,1,NA,1,hovedstaden,erhvervsuddannelse,1970,Kvinde,444,NA,2026-05-16 14:44:19 UTC,NA,2026-05-16 14:43:17 UTC,2026-05-16 14:42:45 UTC,2026-05-16 14:42:26 UTC,2026-05-16 14:42:15 UTC,NA,2026-05-16 14:47:58 UTC,2026-05-16 14:47:20 UTC,2026-05-16 14:46:58 UTC,2026-05-16 14:46:34 UTC,2026-05-16 14:46:05 UTC,2026-05-16 14:44:40 UTC,2026-05-16 14:44:30 UTC,2026-05-16 14:51:01 UTC,2026-05-16 14:51:01 UTC,2026-05-16 14:50:58 UTC,2026-05-16 14:50:46 UTC,NA,2026-05-16 14:50:27 UTC,2026-05-16 14:50:09 UTC,2026-05-16 14:50:06 UTC,2026-05-16 14:49:02 UTC,2026-05-16 14:48:49 UTC,2026-05-16 14:48:00 UTC,2026-05-16 14:47:27 UTC,2026-05-16 14:46:58 UTC,2026-05-16 14:46:36 UTC,2026-05-16 14:46:06 UTC,2026-05-16 14:45:03 UTC,2026-05-16 14:44:42 UTC,2026-05-16 14:44:21 UTC,2026-05-16 14:43:01 UTC,2026-05-16 14:42:00 UTC,2026-05-16 14:41:01 UTC,2026-05-16 14:51:02 UTC,2026-05-16 14:51:03 UTC,2026-05-16 14:50:29 UTC,2026-05-16 14:48:18 UTC,end_normal
dbce4355d7efde022a98c8814b6b8621,2026-06-20 04:43:43 UTC,2026-06-20 04:45:44 UTC,2026-06-20 04:43:58 UTC,NA,NA,NA,NA,NA,NA,NA,NA,NA,NA,NA,NA,NA,NA,NA,NA,NA,3,enhedslisten,NA,3,NA,3,midtjylland,lang_videre,1997,Mand,82,NA,2026-06-20 04:44:28 UTC,NA,2026-06-20 04:44:23 UTC,2026-06-20 04:44:14 UTC,2026-06-20 04:44:11 UTC,2026-06-20 04:44:06 UTC,NA,NA,NA,NA,NA,NA,2026-06-20 04:44:52 UTC,2026-06-20 04:44:47 UTC,NA,NA,NA,NA,NA,NA,NA,NA,NA,NA,NA,NA,NA,NA,NA,NA,2026-06-20 04:44:53 UTC,2026-06-20 04:44:31 UTC,2026-06-20 04:44:15 UTC,2026-06-20 04:43:53 UTC,2026-06-20 04:43:43 UTC,NA,NA,NA,NA,cbc_intro
dbff77cbbc7137ddfb880b98701a7071,2026-05-13 21:56:25 UTC,2026-05-13 22:01:31 UTC,2026-05-13 21:56:39 UTC,4,4,4,4,4,NA,4,4,4,4,4,NA,option_1,option_1,option_1,option_1,option_1,10,socialdemokratiet,3,2,1,2,syddanmark,mellemlang_videre,1974,Kvinde,803,2026-05-13 21:57:38 UTC,2026-05-13 21:57:29 UTC,2026-05-13 21:57:16 UTC,2026-05-13 21:57:07 UTC,2026-05-13 21:56:55 UTC,2026-05-13 21:56:50 UTC,2026-05-13 21:56:46 UTC,NA,2026-05-13 22:00:19 UTC,2026-05-13 22:00:04 UTC,2026-05-13 21:59:35 UTC,2026-05-13 21:59:08 UTC,2026-05-13 21:58:33 UTC,2026-05-13 21:57:49 UTC,2026-05-13 21:57:45 UTC,2026-05-13 22:01:09 UTC,2026-05-13 22:01:09 UTC,2026-05-13 22:01:08 UTC,2026-05-13 22:01:08 UTC,NA,2026-05-13 22:00:57 UTC,2026-05-13 22:00:55 UTC,2026-05-13 22:00:53 UTC,2026-05-13 22:00:52 UTC,2026-05-13 22:00:47 UTC,2026-05-13 22:00:20 UTC,2026-05-13 22:00:07 UTC,2026-05-13 21:59:38 UTC,2026-05-13 21:59:14 UTC,2026-05-13 21:58:37 UTC,2026-05-13 21:58:05 UTC,2026-05-13 21:57:51 UTC,2026-05-13 21:57:38 UTC,2026-05-13 21:56:56 UTC,2026-05-13 21:56:35 UTC,2026-05-13 21:56:25 UTC,2026-05-13 22:01:10 UTC,2026-05-13 22:01:11 UTC,2026-05-13 22:00:57 UTC,2026-05-13 22:00:24 UTC,end_normal
dc3dd649a5d214431ffe24064d395bad,2026-06-19 19:48:23 UTC,2026-06-19 20:02:08 UTC,2026-06-19 19:48:35 UTC,1,2,3,3,3,NA,2,2,4,4,2,NA,option_2,option_1,option_2,option_1,option_1,8,konservative,1,2,3,2,sjaelland,erhvervsuddannelse,1979,Kvinde,1895,2026-06-19 19:51:08 UTC,2026-06-19 19:50:59 UTC,2026-06-19 19:50:30 UTC,2026-06-19 19:49:24 UTC,2026-06-19 19:49:05 UTC,2026-06-19 19:48:50 UTC,2026-06-19 19:48:42 UTC,NA,2026-06-19 19:56:43 UTC,2026-06-19 19:56:16 UTC,2026-06-19 19:55:23 UTC,2026-06-19 19:54:16 UTC,2026-06-19 19:53:19 UTC,2026-06-19 19:51:51 UTC,2026-06-19 19:51:34 UTC,2026-06-19 20:01:26 UTC,2026-06-19 20:01:11 UTC,2026-06-19 20:00:54 UTC,2026-06-19 20:00:53 UTC,NA,2026-06-19 20:00:07 UTC,2026-06-19 19:59:16 UTC,2026-06-19 19:58:57 UTC,2026-06-19 19:58:37 UTC,2026-06-19 19:58:19 UTC,2026-06-19 19:56:51 UTC,2026-06-19 19:56:20 UTC,2026-06-19 19:55:24 UTC,2026-06-19 19:54:46 UTC,2026-06-19 19:53:20 UTC,2026-06-19 19:52:10 UTC,2026-06-19 19:51:53 UTC,2026-06-19 19:51:09 UTC,NA,2026-06-19 19:48:30 UTC,2026-06-19 19:48:23 UTC,2026-06-19 20:01:31 UTC,2026-06-19 20:01:34 UTC,2026-06-19 20:00:09 UTC,NA,end_normal
dc481627da88087cde550aa409d7694d,2026-05-13 17:40:12 UTC,2026-05-13 17:48:31 UTC,2026-05-13 17:41:13 UTC,1,1,1,2,1,NA,1,1,1,2,1,NA,option_2,option_2,option_1,option_1,option_1,7,alternativet,3,2,NA,3,hovedstaden,mellemlang_videre,2003,Kvinde,187,2026-05-13 17:42:15 UTC,2026-05-13 17:42:04 UTC,NA,2026-05-13 17:41:40 UTC,2026-05-13 17:41:29 UTC,2026-05-13 17:41:24 UTC,2026-05-13 17:41:16 UTC,NA,2026-05-13 17:46:12 UTC,2026-05-13 17:45:48 UTC,2026-05-13 17:45:16 UTC,2026-05-13 17:44:11 UTC,2026-05-13 17:43:27 UTC,2026-05-13 17:42:43 UTC,2026-05-13 17:42:27 UTC,2026-05-13 17:48:05 UTC,2026-05-13 17:48:04 UTC,2026-05-13 17:48:02 UTC,2026-05-13 17:47:46 UTC,NA,2026-05-13 17:47:31 UTC,2026-05-13 17:47:27 UTC,2026-05-13 17:47:22 UTC,2026-05-13 17:47:18 UTC,2026-05-13 17:47:08 UTC,2026-05-13 17:46:16 UTC,2026-05-13 17:45:49 UTC,2026-05-13 17:45:19 UTC,2026-05-13 17:44:14 UTC,2026-05-13 17:43:29 UTC,2026-05-13 17:43:05 UTC,2026-05-13 17:42:45 UTC,2026-05-13 17:42:19 UTC,2026-05-13 17:41:30 UTC,2026-05-13 17:41:01 UTC,2026-05-13 17:40:12 UTC,2026-05-13 17:48:06 UTC,2026-05-13 17:48:09 UTC,2026-05-13 17:47:33 UTC,2026-05-13 17:46:24 UTC,end_normal
dc5a12fb348d6dd233cfd60d80083301,2026-06-20 05:17:38 UTC,2026-06-20 05:22:37 UTC,2026-06-20 05:17:56 UTC,3,4,4,4,4,NA,3,2,3,3,3,NA,option_2,option_2,option_1,option_1,option_1,5,stemte_ikke,1,2,NA,1,midtjylland,mellemlang_videre,2001,Kvinde,1119,2026-06-20 05:18:42 UTC,2026-06-20 05:18:22 UTC,NA,2026-06-20 05:18:15 UTC,2026-06-20 05:18:06 UTC,2026-06-20 05:18:04 UTC,2026-06-20 05:18:00 UTC,NA,2026-06-20 05:20:46 UTC,2026-06-20 05:20:25 UTC,2026-06-20 05:20:10 UTC,2026-06-20 05:19:50 UTC,2026-06-20 05:19:31 UTC,2026-06-20 05:18:58 UTC,2026-06-20 05:18:53 UTC,2026-06-20 05:22:00 UTC,2026-06-20 05:21:55 UTC,2026-06-20 05:21:53 UTC,2026-06-20 05:21:49 UTC,NA,2026-06-20 05:21:22 UTC,2026-06-20 05:21:14 UTC,2026-06-20 05:21:38 UTC,2026-06-20 05:21:09 UTC,2026-06-20 05:21:19 UTC,2026-06-20 05:20:46 UTC,2026-06-20 05:20:26 UTC,2026-06-20 05:20:11 UTC,2026-06-20 05:19:51 UTC,2026-06-20 05:19:34 UTC,2026-06-20 05:19:08 UTC,2026-06-20 05:19:01 UTC,2026-06-20 05:18:43 UTC,2026-06-20 05:18:06 UTC,2026-06-20 05:17:52 UTC,2026-06-20 05:17:38 UTC,2026-06-20 05:22:01 UTC,2026-06-20 05:22:03 UTC,2026-06-20 05:21:40 UTC,2026-06-20 05:20:53 UTC,end_normal
dc723e58b0ebca0518788024d0c9acb3,2026-05-23 21:12:08 UTC,2026-05-23 21:19:25 UTC,2026-05-23 21:12:38 UTC,1,3,2,2,3,NA,1,1,2,2,2,NA,option_2,option_1,option_2,option_2,option_2,4,liberal_alliance,1,2,NA,1,midtjylland,lang_videre,1956,Kvinde,1243,2026-05-23 21:13:48 UTC,2026-05-23 21:13:26 UTC,NA,2026-05-23 21:13:09 UTC,2026-05-23 21:12:56 UTC,2026-05-23 21:12:53 UTC,2026-05-23 21:12:45 UTC,NA,2026-05-23 21:17:16 UTC,2026-05-23 21:16:48 UTC,2026-05-23 21:16:15 UTC,2026-05-23 21:15:32 UTC,2026-05-23 21:14:57 UTC,2026-05-23 21:14:05 UTC,2026-05-23 21:13:59 UTC,2026-05-23 21:18:52 UTC,2026-05-23 21:18:49 UTC,2026-05-23 21:18:48 UTC,2026-05-23 21:18:37 UTC,NA,2026-05-23 21:18:18 UTC,2026-05-23 21:18:16 UTC,2026-05-23 21:18:13 UTC,2026-05-23 21:17:57 UTC,2026-05-23 21:17:53 UTC,2026-05-23 21:17:16 UTC,2026-05-23 21:16:48 UTC,2026-05-23 21:16:15 UTC,2026-05-23 21:15:32 UTC,2026-05-23 21:14:58 UTC,2026-05-23 21:14:12 UTC,2026-05-23 21:14:06 UTC,2026-05-23 21:13:49 UTC,2026-05-23 21:12:57 UTC,2026-05-23 21:12:31 UTC,2026-05-23 21:12:08 UTC,2026-05-23 21:18:55 UTC,2026-05-23 21:19:01 UTC,2026-05-23 21:18:20 UTC,2026-05-23 21:17:25 UTC,end_normal
dc9fe3f3c92e46c77110dc6c8ab38558,2026-05-18 07:35:32 UTC,2026-05-18 11:04:27 UTC,2026-05-18 11:02:10 UTC,2,3,4,3,3,NA,3,4,4,2,3,NA,option_2,option_1,option_1,option_1,option_2,9,liberal_alliance,NA,1,NA,1,nordjylland,mellemlang_videre,2005,Kvinde,1682,NA,2026-05-18 11:02:23 UTC,NA,2026-05-18 11:02:21 UTC,2026-05-18 11:02:14 UTC,2026-05-18 11:02:12 UTC,2026-05-18 11:02:11 UTC,NA,2026-05-18 11:03:27 UTC,2026-05-18 11:03:17 UTC,2026-05-18 11:03:07 UTC,2026-05-18 11:02:59 UTC,2026-05-18 11:02:46 UTC,2026-05-18 11:02:33 UTC,2026-05-18 11:02:27 UTC,2026-05-18 11:04:01 UTC,2026-05-18 11:03:58 UTC,2026-05-18 11:04:06 UTC,2026-05-18 11:04:05 UTC,NA,2026-05-18 11:03:46 UTC,2026-05-18 11:03:49 UTC,2026-05-18 11:03:41 UTC,2026-05-18 11:03:37 UTC,2026-05-18 11:03:36 UTC,2026-05-18 11:03:28 UTC,2026-05-18 11:03:19 UTC,2026-05-18 11:03:08 UTC,2026-05-18 11:03:00 UTC,2026-05-18 11:02:46 UTC,2026-05-18 11:02:39 UTC,2026-05-18 11:02:34 UTC,2026-05-18 11:02:23 UTC,2026-05-18 11:02:15 UTC,2026-05-18 11:02:07 UTC,2026-05-18 07:35:32 UTC,2026-05-18 11:04:00 UTC,2026-05-18 11:04:07 UTC,2026-05-18 11:03:49 UTC,2026-05-18 11:03:31 UTC,end_normal
dccf3a670f936d263819d2bd2898fdd8,2026-05-18 13:50:07 UTC,2026-05-18 13:56:26 UTC,2026-05-18 13:50:26 UTC,5,5,5,5,5,NA,4,4,4,3,2,NA,option_1,option_1,option_1,option_1,option_1,1,enhedslisten,3,2,3,2,hovedstaden,mellemlang_videre,1984,Kvinde,1468,2026-05-18 13:51:53 UTC,2026-05-18 13:51:30 UTC,2026-05-18 13:51:21 UTC,2026-05-18 13:51:10 UTC,2026-05-18 13:50:50 UTC,2026-05-18 13:50:48 UTC,2026-05-18 13:50:32 UTC,NA,2026-05-18 13:54:42 UTC,2026-05-18 13:54:13 UTC,2026-05-18 13:53:54 UTC,2026-05-18 13:53:08 UTC,2026-05-18 13:52:31 UTC,2026-05-18 13:52:11 UTC,2026-05-18 13:52:05 UTC,2026-05-18 13:55:57 UTC,2026-05-18 13:55:57 UTC,2026-05-18 13:55:56 UTC,2026-05-18 13:55:55 UTC,NA,2026-05-18 13:55:40 UTC,2026-05-18 13:55:38 UTC,2026-05-18 13:55:33 UTC,2026-05-18 13:55:28 UTC,2026-05-18 13:55:24 UTC,2026-05-18 13:54:42 UTC,2026-05-18 13:54:14 UTC,2026-05-18 13:53:54 UTC,2026-05-18 13:53:10 UTC,2026-05-18 13:52:32 UTC,2026-05-18 13:52:17 UTC,2026-05-18 13:52:12 UTC,2026-05-18 13:51:55 UTC,2026-05-18 13:50:51 UTC,2026-05-18 13:50:15 UTC,2026-05-18 13:50:07 UTC,2026-05-18 13:55:58 UTC,2026-05-18 13:55:59 UTC,2026-05-18 13:55:41 UTC,2026-05-18 13:54:46 UTC,end_normal
ddc3ff5ca846fbd8989388b8b114e357,2026-05-13 14:52:48 UTC,2026-05-13 14:59:01 UTC,2026-05-13 14:53:01 UTC,2,2,2,2,2,NA,4,4,3,3,3,NA,option_1,option_2,option_2,option_1,option_1,7,radikale,NA,3,NA,3,nordjylland,mellemlang_videre,1980,Kvinde,1423,NA,2026-05-13 14:53:23 UTC,NA,2026-05-13 14:53:21 UTC,2026-05-13 14:53:14 UTC,2026-05-13 14:53:11 UTC,2026-05-13 14:53:08 UTC,NA,2026-05-13 14:56:59 UTC,2026-05-13 14:56:24 UTC,2026-05-13 14:55:50 UTC,2026-05-13 14:55:11 UTC,2026-05-13 14:54:38 UTC,2026-05-13 14:53:37 UTC,2026-05-13 14:53:32 UTC,2026-05-13 14:58:20 UTC,2026-05-13 14:58:17 UTC,2026-05-13 14:58:13 UTC,2026-05-13 14:58:11 UTC,NA,2026-05-13 14:57:50 UTC,2026-05-13 14:57:46 UTC,2026-05-13 14:57:39 UTC,2026-05-13 14:57:34 UTC,2026-05-13 14:57:27 UTC,2026-05-13 14:57:02 UTC,2026-05-13 14:56:27 UTC,2026-05-13 14:55:57 UTC,2026-05-13 14:55:14 UTC,2026-05-13 14:54:42 UTC,2026-05-13 14:53:52 UTC,2026-05-13 14:53:40 UTC,2026-05-13 14:53:24 UTC,2026-05-13 14:53:15 UTC,2026-05-13 14:52:55 UTC,2026-05-13 14:52:48 UTC,2026-05-13 14:58:24 UTC,2026-05-13 14:58:27 UTC,2026-05-13 14:57:52 UTC,2026-05-13 14:57:09 UTC,end_normal
ddd3c1d3097c122a823aeef2ca0e6f04,2026-06-19 18:28:01 UTC,2026-06-19 18:33:21 UTC,2026-06-19 18:28:17 UTC,3,4,4,3,4,NA,1,2,2,3,2,NA,option_1,option_1,option_1,option_1,option_1,4,konservative,3,2,NA,1,syddanmark,lang_videre,1985,Kvinde,1167,2026-06-19 18:28:53 UTC,2026-06-19 18:28:38 UTC,NA,2026-06-19 18:28:33 UTC,2026-06-19 18:28:25 UTC,2026-06-19 18:28:23 UTC,2026-06-19 18:28:21 UTC,NA,2026-06-19 18:31:34 UTC,2026-06-19 18:31:21 UTC,2026-06-19 18:30:40 UTC,2026-06-19 18:30:14 UTC,2026-06-19 18:29:41 UTC,2026-06-19 18:29:07 UTC,2026-06-19 18:29:02 UTC,2026-06-19 18:32:52 UTC,2026-06-19 18:32:49 UTC,2026-06-19 18:32:45 UTC,2026-06-19 18:32:43 UTC,NA,2026-06-19 18:32:19 UTC,2026-06-19 18:32:13 UTC,2026-06-19 18:32:11 UTC,2026-06-19 18:32:07 UTC,2026-06-19 18:31:59 UTC,NA,2026-06-19 18:31:22 UTC,2026-06-19 18:30:41 UTC,2026-06-19 18:30:15 UTC,2026-06-19 18:29:44 UTC,NA,2026-06-19 18:29:07 UTC,2026-06-19 18:28:53 UTC,2026-06-19 18:28:26 UTC,2026-06-19 18:28:13 UTC,2026-06-19 18:28:01 UTC,2026-06-19 18:32:54 UTC,2026-06-19 18:32:55 UTC,2026-06-19 18:32:30 UTC,2026-06-19 18:31:44 UTC,end_normal
dde078d766b70451be990aaf87e5f351,2026-06-18 19:52:07 UTC,2026-06-18 19:57:48 UTC,2026-06-18 19:52:25 UTC,1,1,1,3,1,NA,1,1,1,3,1,NA,option_2,option_2,option_2,option_1,option_1,7,enhedslisten,NA,3,NA,3,sjaelland,lang_videre,1985,Kvinde,601,NA,2026-06-18 19:53:03 UTC,NA,2026-06-18 19:52:52 UTC,2026-06-18 19:52:39 UTC,2026-06-18 19:52:35 UTC,2026-06-18 19:52:30 UTC,NA,2026-06-18 19:55:50 UTC,2026-06-18 19:55:31 UTC,2026-06-18 19:54:55 UTC,2026-06-18 19:54:30 UTC,2026-06-18 19:54:06 UTC,2026-06-18 19:53:26 UTC,2026-06-18 19:53:15 UTC,2026-06-18 19:57:20 UTC,2026-06-18 19:57:14 UTC,2026-06-18 19:57:10 UTC,2026-06-18 19:57:05 UTC,NA,2026-06-18 19:56:54 UTC,2026-06-18 19:56:48 UTC,2026-06-18 19:56:37 UTC,2026-06-18 19:56:45 UTC,2026-06-18 19:56:20 UTC,2026-06-18 19:55:56 UTC,2026-06-18 19:55:34 UTC,2026-06-18 19:54:58 UTC,2026-06-18 19:54:38 UTC,2026-06-18 19:54:14 UTC,2026-06-18 19:53:41 UTC,2026-06-18 19:53:27 UTC,2026-06-18 19:53:06 UTC,2026-06-18 19:52:40 UTC,2026-06-18 19:52:21 UTC,2026-06-18 19:52:07 UTC,2026-06-18 19:57:21 UTC,2026-06-18 19:57:22 UTC,2026-06-18 19:56:55 UTC,2026-06-18 19:55:59 UTC,end_normal
de18bccfb20114281113190ac5333aa7,2026-05-14 08:17:10 UTC,2026-05-14 08:23:47 UTC,2026-05-14 08:17:18 UTC,1,5,5,5,5,NA,3,3,3,3,2,NA,option_2,option_1,option_2,option_1,option_2,8,liberal_alliance,NA,1,NA,1,hovedstaden,lang_videre,2000,Mand,1079,NA,2026-05-14 08:17:44 UTC,NA,2026-05-14 08:17:39 UTC,2026-05-14 08:17:30 UTC,2026-05-14 08:17:27 UTC,2026-05-14 08:17:22 UTC,NA,2026-05-14 08:21:48 UTC,2026-05-14 08:21:23 UTC,2026-05-14 08:20:19 UTC,2026-05-14 08:19:53 UTC,2026-05-14 08:19:19 UTC,2026-05-14 08:18:04 UTC,2026-05-14 08:17:59 UTC,2026-05-14 08:23:12 UTC,2026-05-14 08:23:09 UTC,2026-05-14 08:23:04 UTC,2026-05-14 08:22:57 UTC,NA,2026-05-14 08:22:35 UTC,2026-05-14 08:22:31 UTC,2026-05-14 08:22:18 UTC,2026-05-14 08:22:15 UTC,2026-05-14 08:22:04 UTC,2026-05-14 08:21:49 UTC,2026-05-14 08:21:24 UTC,2026-05-14 08:20:20 UTC,2026-05-14 08:19:56 UTC,2026-05-14 08:19:22 UTC,2026-05-14 08:18:13 UTC,2026-05-14 08:18:06 UTC,2026-05-14 08:17:53 UTC,2026-05-14 08:17:31 UTC,2026-05-14 08:17:15 UTC,2026-05-14 08:17:10 UTC,2026-05-14 08:23:16 UTC,2026-05-14 08:23:25 UTC,2026-05-14 08:22:40 UTC,2026-05-14 08:21:52 UTC,end_normal
de1d3dcdab642e682f84dd3d91ff6b2c,2026-06-19 21:26:16 UTC,2026-06-19 21:39:17 UTC,2026-06-19 21:27:10 UTC,4,4,4,4,4,NA,5,5,5,5,5,NA,option_2,option_1,option_1,option_1,option_2,7,venstre,1,2,1,2,sjaelland,erhvervsuddannelse,1949,Kvinde,1130,2026-06-19 21:29:12 UTC,2026-06-19 21:28:46 UTC,2026-06-19 21:28:29 UTC,2026-06-19 21:28:11 UTC,2026-06-19 21:27:45 UTC,2026-06-19 21:27:37 UTC,2026-06-19 21:27:23 UTC,NA,2026-06-19 21:34:15 UTC,2026-06-19 21:33:24 UTC,2026-06-19 21:32:38 UTC,2026-06-19 21:32:11 UTC,2026-06-19 21:31:15 UTC,2026-06-19 21:29:37 UTC,2026-06-19 21:29:26 UTC,2026-06-19 21:36:22 UTC,2026-06-19 21:36:12 UTC,2026-06-19 21:36:08 UTC,2026-06-19 21:36:06 UTC,NA,2026-06-19 21:35:27 UTC,2026-06-19 21:35:22 UTC,2026-06-19 21:35:18 UTC,2026-06-19 21:35:15 UTC,2026-06-19 21:35:10 UTC,2026-06-19 21:34:19 UTC,2026-06-19 21:33:27 UTC,2026-06-19 21:32:40 UTC,2026-06-19 21:32:15 UTC,2026-06-19 21:31:17 UTC,2026-06-19 21:30:04 UTC,2026-06-19 21:29:38 UTC,2026-06-19 21:29:13 UTC,2026-06-19 21:27:47 UTC,2026-06-19 21:27:04 UTC,2026-06-19 21:26:16 UTC,2026-06-19 21:36:24 UTC,2026-06-19 21:36:25 UTC,2026-06-19 21:35:27 UTC,2026-06-19 21:34:36 UTC,end_normal
de26cccf9fbaf5650a95edf1985cbb4d,2026-05-23 15:02:40 UTC,2026-05-23 15:11:28 UTC,2026-05-23 15:02:58 UTC,4,3,4,4,3,NA,NA,NA,NA,NA,NA,NA,option_1,option_2,option_2,option_2,option_2,6,sf,NA,3,NA,3,midtjylland,grundskole,2003,Kvinde,892,NA,2026-05-23 15:03:23 UTC,NA,2026-05-23 15:03:17 UTC,2026-05-23 15:03:09 UTC,2026-05-23 15:03:07 UTC,2026-05-23 15:03:00 UTC,NA,2026-05-23 15:06:08 UTC,2026-05-23 15:05:44 UTC,2026-05-23 15:05:01 UTC,2026-05-23 15:04:43 UTC,2026-05-23 15:04:11 UTC,2026-05-23 15:03:35 UTC,2026-05-23 15:03:30 UTC,2026-05-23 15:08:01 UTC,2026-05-23 15:07:55 UTC,2026-05-23 15:07:57 UTC,2026-05-23 15:07:59 UTC,NA,NA,NA,NA,NA,NA,NA,2026-05-23 15:05:46 UTC,2026-05-23 15:05:04 UTC,2026-05-23 15:04:44 UTC,2026-05-23 15:04:12 UTC,2026-05-23 15:03:52 UTC,2026-05-23 15:03:38 UTC,2026-05-23 15:03:25 UTC,2026-05-23 15:03:10 UTC,2026-05-23 15:02:51 UTC,2026-05-23 15:02:40 UTC,2026-05-23 15:08:05 UTC,2026-05-23 15:08:06 UTC,2026-05-23 15:06:47 UTC,2026-05-23 15:06:19 UTC,end_normal
de7a00bbc5e42b61e2a7ff4e66ea0c71,2026-06-20 11:22:44 UTC,2026-06-20 11:26:15 UTC,2026-06-20 11:23:20 UTC,NA,NA,NA,NA,NA,NA,NA,NA,NA,NA,NA,NA,NA,NA,NA,NA,NA,9,socialdemokratiet,NA,3,NA,1,syddanmark,mellemlang_videre,1970,Kvinde,1692,NA,2026-06-20 11:24:12 UTC,NA,2026-06-20 11:24:23 UTC,2026-06-20 11:23:46 UTC,2026-06-20 11:23:42 UTC,2026-06-20 11:23:34 UTC,NA,NA,NA,NA,NA,NA,2026-06-20 11:24:53 UTC,2026-06-20 11:24:57 UTC,NA,NA,NA,NA,NA,NA,NA,NA,NA,NA,NA,NA,NA,NA,NA,2026-06-20 11:25:05 UTC,2026-06-20 11:24:58 UTC,2026-06-20 11:24:24 UTC,2026-06-20 11:23:48 UTC,2026-06-20 11:23:16 UTC,2026-06-20 11:22:44 UTC,NA,NA,NA,NA,cbc_q1_page
de9076f3e893793bee831ceb7e465b86,2026-05-15 06:37:08 UTC,2026-05-15 06:42:53 UTC,2026-05-15 06:37:18 UTC,1,3,5,4,3,NA,5,3,5,4,3,NA,option_1,option_1,option_2,option_1,option_2,7,radikale,NA,3,NA,3,hovedstaden,lang_videre,1999,Kvinde,207,2026-05-15 06:38:15 UTC,2026-05-15 06:38:18 UTC,NA,2026-05-15 06:37:40 UTC,2026-05-15 06:37:31 UTC,2026-05-15 06:37:27 UTC,2026-05-15 06:37:20 UTC,NA,2026-05-15 06:41:11 UTC,2026-05-15 06:40:53 UTC,2026-05-15 06:40:33 UTC,2026-05-15 06:40:01 UTC,2026-05-15 06:39:41 UTC,2026-05-15 06:38:37 UTC,2026-05-15 06:38:31 UTC,2026-05-15 06:42:23 UTC,2026-05-15 06:42:20 UTC,2026-05-15 06:42:16 UTC,2026-05-15 06:42:12 UTC,NA,2026-05-15 06:41:55 UTC,2026-05-15 06:41:54 UTC,2026-05-15 06:41:52 UTC,2026-05-15 06:41:48 UTC,2026-05-15 06:41:43 UTC,2026-05-15 06:41:12 UTC,2026-05-15 06:40:55 UTC,2026-05-15 06:40:35 UTC,2026-05-15 06:40:03 UTC,2026-05-15 06:39:41 UTC,2026-05-15 06:38:49 UTC,2026-05-15 06:38:38 UTC,2026-05-15 06:38:22 UTC,2026-05-15 06:37:31 UTC,2026-05-15 06:37:16 UTC,2026-05-15 06:37:08 UTC,2026-05-15 06:42:25 UTC,2026-05-15 06:42:31 UTC,2026-05-15 06:41:57 UTC,2026-05-15 06:41:25 UTC,end_normal
df33a7cdb65437b783f829fe65552035,2026-05-13 15:43:39 UTC,2026-05-13 15:49:49 UTC,2026-05-13 15:43:50 UTC,2,2,4,4,1,NA,1,3,3,3,1,NA,option_2,NA,option_1,option_2,option_1,4,enhedslisten,NA,3,NA,3,hovedstaden,lang_videre,2000,Kvinde,1278,NA,2026-05-13 15:44:19 UTC,NA,2026-05-13 15:44:15 UTC,2026-05-13 15:44:09 UTC,2026-05-13 15:44:06 UTC,2026-05-13 15:44:02 UTC,NA,2026-05-13 15:46:56 UTC,NA,2026-05-13 15:46:12 UTC,2026-05-13 15:45:42 UTC,2026-05-13 15:44:58 UTC,2026-05-13 15:44:31 UTC,2026-05-13 15:44:27 UTC,2026-05-13 15:48:47 UTC,2026-05-13 15:48:38 UTC,2026-05-13 15:48:34 UTC,2026-05-13 15:48:23 UTC,NA,2026-05-13 15:48:08 UTC,2026-05-13 15:47:51 UTC,2026-05-13 15:47:45 UTC,2026-05-13 15:47:46 UTC,2026-05-13 15:47:36 UTC,2026-05-13 15:46:58 UTC,2026-05-13 15:46:39 UTC,2026-05-13 15:46:23 UTC,2026-05-13 15:45:46 UTC,2026-05-13 15:45:00 UTC,2026-05-13 15:44:34 UTC,2026-05-13 15:44:31 UTC,2026-05-13 15:44:20 UTC,2026-05-13 15:44:09 UTC,NA,2026-05-13 15:43:39 UTC,2026-05-13 15:48:51 UTC,2026-05-13 15:48:52 UTC,2026-05-13 15:48:09 UTC,2026-05-13 15:47:15 UTC,end_normal
df8e3fd4d1b6fae434ecfe2042b7ebb5,2026-06-20 11:49:53 UTC,2026-06-20 11:54:46 UTC,2026-06-20 11:50:16 UTC,1,2,2,2,3,NA,1,3,3,3,3,NA,option_2,option_1,option_2,option_2,option_2,2,liberal_alliance,NA,1,NA,1,sjaelland,lang_videre,1988,Mand,327,NA,2026-06-20 11:50:46 UTC,NA,2026-06-20 11:50:36 UTC,2026-06-20 11:50:28 UTC,2026-06-20 11:50:25 UTC,2026-06-20 11:50:21 UTC,NA,2026-06-20 11:52:54 UTC,2026-06-20 11:52:38 UTC,2026-06-20 11:52:22 UTC,2026-06-20 11:51:59 UTC,2026-06-20 11:51:41 UTC,2026-06-20 11:51:06 UTC,2026-06-20 11:50:53 UTC,2026-06-20 11:54:07 UTC,2026-06-20 11:54:03 UTC,2026-06-20 11:54:01 UTC,2026-06-20 11:53:58 UTC,NA,2026-06-20 11:53:43 UTC,2026-06-20 11:53:34 UTC,2026-06-20 11:53:33 UTC,2026-06-20 11:53:25 UTC,2026-06-20 11:53:19 UTC,2026-06-20 11:52:54 UTC,2026-06-20 11:52:38 UTC,2026-06-20 11:52:23 UTC,2026-06-20 11:51:59 UTC,2026-06-20 11:51:42 UTC,2026-06-20 11:51:20 UTC,2026-06-20 11:51:07 UTC,2026-06-20 11:50:47 UTC,2026-06-20 11:50:29 UTC,2026-06-20 11:50:12 UTC,2026-06-20 11:49:53 UTC,2026-06-20 11:54:08 UTC,2026-06-20 11:54:09 UTC,2026-06-20 11:53:44 UTC,2026-06-20 11:53:01 UTC,end_normal
e0322fb6eb87a2a4391f716b9bd782cf,2026-05-23 11:36:39 UTC,2026-05-23 11:52:57 UTC,2026-05-23 11:37:05 UTC,2,2,3,2,2,NA,4,1,4,4,4,NA,option_1,option_1,option_2,option_1,option_1,8,radikale,3,2,NA,3,midtjylland,grundskole,1994,Kvinde,207,2026-05-23 11:38:34 UTC,2026-05-23 11:38:16 UTC,NA,2026-05-23 11:37:56 UTC,2026-05-23 11:37:38 UTC,2026-05-23 11:37:23 UTC,2026-05-23 11:37:13 UTC,NA,2026-05-23 11:48:55 UTC,2026-05-23 11:48:21 UTC,2026-05-23 11:46:52 UTC,2026-05-23 11:44:29 UTC,2026-05-23 11:42:59 UTC,2026-05-23 11:39:14 UTC,2026-05-23 11:38:46 UTC,2026-05-23 11:51:30 UTC,2026-05-23 11:51:25 UTC,2026-05-23 11:50:57 UTC,2026-05-23 11:51:42 UTC,NA,2026-05-23 11:50:03 UTC,2026-05-23 11:50:15 UTC,2026-05-23 11:49:56 UTC,2026-05-23 11:49:53 UTC,2026-05-23 11:49:41 UTC,2026-05-23 11:48:56 UTC,2026-05-23 11:48:23 UTC,2026-05-23 11:46:53 UTC,2026-05-23 11:44:30 UTC,2026-05-23 11:43:00 UTC,2026-05-23 11:39:25 UTC,2026-05-23 11:39:15 UTC,2026-05-23 11:38:37 UTC,2026-05-23 11:37:42 UTC,2026-05-23 11:36:59 UTC,2026-05-23 11:36:39 UTC,2026-05-23 11:50:29 UTC,2026-05-23 11:51:57 UTC,2026-05-23 11:50:16 UTC,2026-05-23 11:49:03 UTC,end_normal
e05e780dc5d9d214c2f9a01bb81a94a3,2026-06-20 12:16:52 UTC,2026-06-20 12:23:30 UTC,2026-06-20 12:17:14 UTC,3,3,3,4,2,NA,3,4,3,5,3,NA,option_2,option_1,option_2,option_1,option_1,6,moderaterne,1,2,1,2,midtjylland,mellemlang_videre,2005,Kvinde,1779,2026-06-20 12:18:29 UTC,2026-06-20 12:18:27 UTC,2026-06-20 12:18:08 UTC,2026-06-20 12:17:59 UTC,2026-06-20 12:17:41 UTC,2026-06-20 12:17:34 UTC,2026-06-20 12:17:19 UTC,NA,2026-06-20 12:21:26 UTC,2026-06-20 12:21:04 UTC,2026-06-20 12:20:41 UTC,2026-06-20 12:20:14 UTC,2026-06-20 12:19:48 UTC,2026-06-20 12:18:45 UTC,2026-06-20 12:18:39 UTC,2026-06-20 12:22:58 UTC,2026-06-20 12:22:55 UTC,2026-06-20 12:22:53 UTC,2026-06-20 12:22:50 UTC,NA,2026-06-20 12:22:37 UTC,2026-06-20 12:22:30 UTC,2026-06-20 12:22:25 UTC,2026-06-20 12:22:18 UTC,2026-06-20 12:22:12 UTC,2026-06-20 12:21:26 UTC,2026-06-20 12:21:06 UTC,2026-06-20 12:20:42 UTC,2026-06-20 12:20:16 UTC,2026-06-20 12:19:48 UTC,2026-06-20 12:18:57 UTC,2026-06-20 12:18:47 UTC,2026-06-20 12:18:32 UTC,2026-06-20 12:17:43 UTC,2026-06-20 12:17:09 UTC,2026-06-20 12:16:52 UTC,2026-06-20 12:22:59 UTC,2026-06-20 12:23:01 UTC,2026-06-20 12:22:37 UTC,2026-06-20 12:21:35 UTC,end_normal
e06c4972b9d90ce3799abf25c19d0f94,2026-05-17 09:08:00 UTC,2026-05-17 09:13:34 UTC,2026-05-17 09:08:21 UTC,1,3,3,3,3,NA,1,3,3,3,3,NA,option_1,option_2,option_1,option_1,option_1,8,alternativet,NA,3,NA,3,sjaelland,lang_videre,1970,Kvinde,771,NA,2026-05-17 09:08:51 UTC,NA,2026-05-17 09:08:41 UTC,2026-05-17 09:08:33 UTC,2026-05-17 09:08:30 UTC,2026-05-17 09:08:26 UTC,NA,2026-05-17 09:11:28 UTC,2026-05-17 09:11:04 UTC,2026-05-17 09:10:29 UTC,2026-05-17 09:10:05 UTC,2026-05-17 09:09:43 UTC,2026-05-17 09:09:06 UTC,2026-05-17 09:09:00 UTC,2026-05-17 09:12:50 UTC,2026-05-17 09:12:49 UTC,2026-05-17 09:12:48 UTC,2026-05-17 09:12:48 UTC,NA,2026-05-17 09:12:27 UTC,2026-05-17 09:12:20 UTC,2026-05-17 09:12:18 UTC,2026-05-17 09:12:10 UTC,2026-05-17 09:12:04 UTC,2026-05-17 09:11:30 UTC,2026-05-17 09:11:10 UTC,2026-05-17 09:10:32 UTC,2026-05-17 09:10:06 UTC,2026-05-17 09:09:46 UTC,2026-05-17 09:09:18 UTC,2026-05-17 09:09:07 UTC,2026-05-17 09:08:51 UTC,2026-05-17 09:08:34 UTC,2026-05-17 09:08:16 UTC,2026-05-17 09:08:00 UTC,2026-05-17 09:12:52 UTC,2026-05-17 09:12:53 UTC,2026-05-17 09:12:29 UTC,2026-05-17 09:11:38 UTC,end_normal
e07feb0150bad3f7483d6a53674558d0,2026-06-01 15:27:55 UTC,2026-06-01 15:31:27 UTC,2026-06-01 15:28:25 UTC,NA,NA,NA,NA,NA,NA,NA,NA,NA,NA,NA,NA,NA,NA,NA,NA,NA,5,moderaterne,3,2,NA,1,nordjylland,erhvervsuddannelse,1936,Kvinde,861,2026-06-01 15:29:55 UTC,2026-06-01 15:29:35 UTC,NA,2026-06-01 15:29:42 UTC,2026-06-01 15:29:02 UTC,2026-06-01 15:28:53 UTC,2026-06-01 15:28:32 UTC,NA,NA,NA,NA,NA,NA,2026-06-01 15:30:14 UTC,2026-06-01 15:30:06 UTC,NA,NA,NA,NA,NA,NA,NA,NA,NA,NA,NA,NA,NA,NA,NA,2026-06-01 15:30:27 UTC,2026-06-01 15:30:17 UTC,2026-06-01 15:29:56 UTC,2026-06-01 15:29:05 UTC,2026-06-01 15:28:20 UTC,2026-06-01 15:27:55 UTC,NA,NA,NA,NA,cbc_q1_page
e0d9ff54f3712a98dd475930ae547287,2026-05-17 19:03:18 UTC,2026-05-17 19:09:52 UTC,2026-05-17 19:03:36 UTC,NA,NA,NA,NA,NA,NA,NA,NA,NA,NA,NA,NA,NA,option_1,option_1,option_1,option_2,5,danmarksdemokraterne,1,2,NA,1,midtjylland,gymnasial,1973,Kvinde,1045,2026-05-17 19:04:51 UTC,2026-05-17 19:04:41 UTC,NA,2026-05-17 19:04:27 UTC,2026-05-17 19:03:55 UTC,2026-05-17 19:03:53 UTC,2026-05-17 19:03:44 UTC,NA,NA,2026-05-17 19:08:42 UTC,2026-05-17 19:08:17 UTC,2026-05-17 19:07:28 UTC,2026-05-17 19:06:56 UTC,2026-05-17 19:05:09 UTC,2026-05-17 19:05:03 UTC,NA,NA,NA,NA,NA,NA,NA,NA,NA,NA,NA,2026-05-17 19:08:45 UTC,2026-05-17 19:08:20 UTC,2026-05-17 19:07:32 UTC,2026-05-17 19:06:57 UTC,2026-05-17 19:05:17 UTC,2026-05-17 19:05:12 UTC,2026-05-17 19:04:52 UTC,2026-05-17 19:03:56 UTC,2026-05-17 19:03:31 UTC,2026-05-17 19:03:18 UTC,NA,NA,NA,NA,cbc_q5_page
e0e18dd562811dab731b6d1f60df059c,2026-05-18 04:20:44 UTC,2026-05-18 04:28:03 UTC,2026-05-18 04:21:02 UTC,1,2,2,2,2,NA,3,2,4,4,2,NA,option_1,option_1,option_2,option_1,option_2,8,sf,NA,3,NA,3,sjaelland,mellemlang_videre,1975,Kvinde,636,NA,2026-05-18 04:21:51 UTC,NA,2026-05-18 04:21:42 UTC,2026-05-18 04:21:26 UTC,2026-05-18 04:21:22 UTC,2026-05-18 04:21:15 UTC,NA,2026-05-18 04:25:59 UTC,2026-05-18 04:25:05 UTC,2026-05-18 04:24:07 UTC,2026-05-18 04:23:31 UTC,2026-05-18 04:23:02 UTC,2026-05-18 04:22:11 UTC,2026-05-18 04:22:00 UTC,2026-05-18 04:27:33 UTC,2026-05-18 04:27:31 UTC,2026-05-18 04:27:27 UTC,2026-05-18 04:27:11 UTC,NA,2026-05-18 04:26:53 UTC,2026-05-18 04:26:42 UTC,2026-05-18 04:26:39 UTC,2026-05-18 04:26:35 UTC,2026-05-18 04:26:27 UTC,2026-05-18 04:26:01 UTC,2026-05-18 04:25:06 UTC,2026-05-18 04:24:08 UTC,2026-05-18 04:23:48 UTC,2026-05-18 04:23:03 UTC,2026-05-18 04:22:30 UTC,2026-05-18 04:22:13 UTC,2026-05-18 04:21:52 UTC,2026-05-18 04:21:28 UTC,2026-05-18 04:20:57 UTC,2026-05-18 04:20:44 UTC,2026-05-18 04:27:36 UTC,2026-05-18 04:27:37 UTC,2026-05-18 04:26:54 UTC,2026-05-18 04:26:08 UTC,end_normal
e14dd5db55dbf1d62a59e46563d6c8d7,2026-05-22 11:11:50 UTC,2026-05-22 11:17:02 UTC,2026-05-22 11:12:02 UTC,3,2,4,4,3,NA,4,3,4,4,3,NA,option_1,option_2,option_1,option_2,option_1,4,liberal_alliance,NA,1,NA,1,syddanmark,mellemlang_videre,1992,Kvinde,235,NA,2026-05-22 11:12:39 UTC,NA,2026-05-22 11:12:26 UTC,2026-05-22 11:12:15 UTC,2026-05-22 11:12:11 UTC,2026-05-22 11:12:07 UTC,NA,2026-05-22 11:14:51 UTC,2026-05-22 11:14:32 UTC,2026-05-22 11:14:16 UTC,2026-05-22 11:13:59 UTC,2026-05-22 11:13:27 UTC,2026-05-22 11:12:53 UTC,2026-05-22 11:12:48 UTC,2026-05-22 11:16:33 UTC,2026-05-22 11:16:31 UTC,2026-05-22 11:16:29 UTC,2026-05-22 11:16:27 UTC,NA,2026-05-22 11:16:08 UTC,2026-05-22 11:16:06 UTC,2026-05-22 11:16:03 UTC,2026-05-22 11:16:01 UTC,2026-05-22 11:15:17 UTC,2026-05-22 11:14:52 UTC,2026-05-22 11:14:33 UTC,2026-05-22 11:14:17 UTC,2026-05-22 11:14:01 UTC,2026-05-22 11:13:30 UTC,2026-05-22 11:13:01 UTC,2026-05-22 11:12:57 UTC,2026-05-22 11:12:39 UTC,2026-05-22 11:12:15 UTC,2026-05-22 11:11:57 UTC,2026-05-22 11:11:50 UTC,2026-05-22 11:16:36 UTC,2026-05-22 11:16:39 UTC,2026-05-22 11:16:12 UTC,2026-05-22 11:15:00 UTC,end_normal
e216990b439065b662a019054229eca3,2026-05-23 21:45:56 UTC,2026-05-23 21:50:58 UTC,2026-05-23 21:46:09 UTC,1,1,2,3,2,NA,4,4,4,4,4,NA,option_2,option_1,option_1,option_2,option_1,5,enhedslisten,3,2,1,2,midtjylland,lang_videre,1977,Kvinde,127,2026-05-23 21:47:09 UTC,2026-05-23 21:47:03 UTC,2026-05-23 21:46:52 UTC,2026-05-23 21:46:40 UTC,2026-05-23 21:46:29 UTC,2026-05-23 21:46:24 UTC,2026-05-23 21:46:19 UTC,NA,2026-05-23 21:49:35 UTC,2026-05-23 21:49:22 UTC,2026-05-23 21:48:59 UTC,2026-05-23 21:48:35 UTC,2026-05-23 21:48:07 UTC,2026-05-23 21:47:27 UTC,2026-05-23 21:47:20 UTC,2026-05-23 21:50:33 UTC,2026-05-23 21:50:31 UTC,2026-05-23 21:50:28 UTC,2026-05-23 21:50:26 UTC,NA,2026-05-23 21:50:08 UTC,2026-05-23 21:50:07 UTC,2026-05-23 21:50:05 UTC,2026-05-23 21:50:02 UTC,2026-05-23 21:50:00 UTC,2026-05-23 21:49:37 UTC,2026-05-23 21:49:24 UTC,2026-05-23 21:49:01 UTC,2026-05-23 21:48:42 UTC,2026-05-23 21:48:10 UTC,2026-05-23 21:47:35 UTC,2026-05-23 21:47:30 UTC,2026-05-23 21:47:09 UTC,2026-05-23 21:46:31 UTC,2026-05-23 21:46:05 UTC,2026-05-23 21:45:56 UTC,2026-05-23 21:50:37 UTC,2026-05-23 21:50:38 UTC,2026-05-23 21:50:09 UTC,2026-05-23 21:49:43 UTC,end_normal
e21e0042eba00ced02c208e125730708,2026-05-20 18:45:57 UTC,2026-05-20 18:54:25 UTC,2026-05-20 18:46:25 UTC,2,4,3,3,2,NA,1,1,3,3,2,NA,option_1,option_2,option_2,option_1,option_2,3,liberal_alliance,NA,1,3,2,sjaelland,kort_videre,1965,Mand,513,NA,2026-05-20 18:46:56 UTC,2026-05-20 18:47:26 UTC,2026-05-20 18:47:21 UTC,2026-05-20 18:46:38 UTC,2026-05-20 18:46:34 UTC,2026-05-20 18:46:30 UTC,NA,2026-05-20 18:50:02 UTC,2026-05-20 18:49:47 UTC,2026-05-20 18:49:22 UTC,2026-05-20 18:49:05 UTC,2026-05-20 18:48:29 UTC,2026-05-20 18:47:45 UTC,2026-05-20 18:47:40 UTC,2026-05-20 18:51:34 UTC,2026-05-20 18:51:47 UTC,2026-05-20 18:51:30 UTC,2026-05-20 18:51:26 UTC,NA,2026-05-20 18:51:06 UTC,2026-05-20 18:51:05 UTC,2026-05-20 18:51:13 UTC,2026-05-20 18:50:48 UTC,2026-05-20 18:50:32 UTC,2026-05-20 18:50:04 UTC,2026-05-20 18:49:48 UTC,2026-05-20 18:49:24 UTC,2026-05-20 18:49:06 UTC,2026-05-20 18:48:31 UTC,2026-05-20 18:48:01 UTC,2026-05-20 18:47:47 UTC,2026-05-20 18:47:32 UTC,2026-05-20 18:46:40 UTC,2026-05-20 18:46:17 UTC,2026-05-20 18:45:57 UTC,2026-05-20 18:51:39 UTC,2026-05-20 18:51:52 UTC,2026-05-20 18:51:16 UTC,2026-05-20 18:50:11 UTC,end_normal
e24472a1098ccfcb7c5c447228d907a9,2026-06-19 21:04:28 UTC,2026-06-19 21:15:48 UTC,2026-06-19 21:04:42 UTC,3,2,3,3,2,NA,4,3,3,3,3,NA,option_2,option_1,option_1,option_2,option_1,3,liberal_alliance,NA,1,NA,1,syddanmark,mellemlang_videre,1975,Kvinde,610,NA,2026-06-19 21:05:25 UTC,NA,2026-06-19 21:05:14 UTC,2026-06-19 21:04:59 UTC,2026-06-19 21:04:54 UTC,2026-06-19 21:04:48 UTC,NA,2026-06-19 21:08:07 UTC,2026-06-19 21:07:42 UTC,2026-06-19 21:07:19 UTC,2026-06-19 21:06:55 UTC,2026-06-19 21:06:30 UTC,2026-06-19 21:05:40 UTC,2026-06-19 21:05:33 UTC,2026-06-19 21:09:24 UTC,2026-06-19 21:09:21 UTC,2026-06-19 21:09:21 UTC,2026-06-19 21:09:15 UTC,NA,2026-06-19 21:08:57 UTC,2026-06-19 21:08:59 UTC,2026-06-19 21:08:47 UTC,2026-06-19 21:08:40 UTC,2026-06-19 21:08:36 UTC,2026-06-19 21:08:08 UTC,2026-06-19 21:07:43 UTC,2026-06-19 21:07:19 UTC,2026-06-19 21:06:57 UTC,2026-06-19 21:06:31 UTC,2026-06-19 21:05:51 UTC,2026-06-19 21:05:41 UTC,2026-06-19 21:05:28 UTC,2026-06-19 21:05:03 UTC,NA,2026-06-19 21:04:28 UTC,2026-06-19 21:09:27 UTC,2026-06-19 21:09:31 UTC,2026-06-19 21:08:59 UTC,2026-06-19 21:08:20 UTC,end_normal
e2929d3fba65b3d20c8e87ac8b0f779e,2026-05-12 14:54:19 UTC,2026-05-12 15:04:42 UTC,2026-05-12 14:54:56 UTC,2,5,5,5,4,NA,1,1,1,2,1,NA,option_1,option_2,option_1,option_1,option_2,7,radikale,3,2,NA,3,midtjylland,mellemlang_videre,2002,Mand,306,2026-05-12 14:58:56 UTC,2026-05-12 14:55:58 UTC,NA,2026-05-12 14:55:39 UTC,2026-05-12 14:55:08 UTC,2026-05-12 14:55:05 UTC,2026-05-12 14:55:00 UTC,NA,2026-05-12 15:02:40 UTC,2026-05-12 15:02:28 UTC,2026-05-12 15:01:27 UTC,2026-05-12 15:00:46 UTC,2026-05-12 15:00:18 UTC,2026-05-12 14:59:09 UTC,2026-05-12 14:59:03 UTC,2026-05-12 15:03:57 UTC,2026-05-12 15:03:55 UTC,2026-05-12 15:03:53 UTC,2026-05-12 15:03:50 UTC,NA,2026-05-12 15:03:30 UTC,2026-05-12 15:03:28 UTC,2026-05-12 15:03:17 UTC,2026-05-12 15:03:15 UTC,2026-05-12 15:03:08 UTC,2026-05-12 15:02:41 UTC,2026-05-12 15:02:30 UTC,2026-05-12 15:01:27 UTC,2026-05-12 15:00:59 UTC,2026-05-12 15:00:20 UTC,2026-05-12 14:59:18 UTC,2026-05-12 14:59:10 UTC,2026-05-12 14:58:56 UTC,2026-05-12 14:55:10 UTC,2026-05-12 14:54:53 UTC,2026-05-12 14:54:19 UTC,2026-05-12 15:04:03 UTC,2026-05-12 15:04:05 UTC,2026-05-12 15:03:32 UTC,2026-05-12 15:02:53 UTC,end_normal
e2e7cd798ae4adff0e62883b2250f4ef,2026-05-15 11:31:05 UTC,2026-05-15 11:37:22 UTC,2026-05-15 11:31:17 UTC,2,2,3,3,2,NA,1,2,2,3,2,NA,option_2,option_1,option_2,option_1,option_2,5,sf,NA,3,NA,3,hovedstaden,mellemlang_videre,1997,Kvinde,722,NA,2026-05-15 11:32:04 UTC,2026-05-15 11:31:53 UTC,2026-05-15 11:31:55 UTC,2026-05-15 11:31:28 UTC,2026-05-15 11:31:26 UTC,2026-05-15 11:31:22 UTC,NA,2026-05-15 11:35:05 UTC,2026-05-15 11:34:43 UTC,2026-05-15 11:33:54 UTC,2026-05-15 11:33:30 UTC,2026-05-15 11:33:05 UTC,2026-05-15 11:32:12 UTC,2026-05-15 11:32:22 UTC,2026-05-15 11:36:41 UTC,2026-05-15 11:36:37 UTC,2026-05-15 11:36:33 UTC,2026-05-15 11:36:27 UTC,NA,2026-05-15 11:36:02 UTC,2026-05-15 11:35:59 UTC,2026-05-15 11:35:55 UTC,2026-05-15 11:35:54 UTC,2026-05-15 11:35:45 UTC,2026-05-15 11:35:05 UTC,2026-05-15 11:34:44 UTC,2026-05-15 11:33:54 UTC,2026-05-15 11:33:31 UTC,2026-05-15 11:33:11 UTC,2026-05-15 11:32:33 UTC,2026-05-15 11:32:24 UTC,2026-05-15 11:32:04 UTC,2026-05-15 11:31:29 UTC,2026-05-15 11:31:13 UTC,2026-05-15 11:31:05 UTC,2026-05-15 11:36:47 UTC,2026-05-15 11:36:48 UTC,2026-05-15 11:36:03 UTC,2026-05-15 11:35:17 UTC,end_normal
e344be6616c48c9750c2e6c75639e6c9,2026-05-17 22:52:43 UTC,2026-05-17 22:56:57 UTC,2026-05-17 22:52:53 UTC,5,5,5,5,5,NA,2,1,1,2,2,NA,option_2,option_1,option_1,option_2,option_2,5,dansk_folkeparti,NA,1,NA,1,sjaelland,erhvervsuddannelse,1993,Mand,1529,NA,2026-05-17 22:53:33 UTC,NA,2026-05-17 22:53:22 UTC,2026-05-17 22:53:11 UTC,2026-05-17 22:53:08 UTC,2026-05-17 22:52:57 UTC,NA,2026-05-17 22:55:45 UTC,2026-05-17 22:55:26 UTC,2026-05-17 22:55:09 UTC,2026-05-17 22:54:47 UTC,2026-05-17 22:54:25 UTC,2026-05-17 22:53:51 UTC,2026-05-17 22:53:43 UTC,2026-05-17 22:56:32 UTC,2026-05-17 22:56:32 UTC,2026-05-17 22:56:31 UTC,2026-05-17 22:56:31 UTC,NA,2026-05-17 22:56:15 UTC,2026-05-17 22:56:12 UTC,2026-05-17 22:56:10 UTC,2026-05-17 22:56:06 UTC,2026-05-17 22:56:00 UTC,2026-05-17 22:55:46 UTC,2026-05-17 22:55:26 UTC,2026-05-17 22:55:09 UTC,2026-05-17 22:54:48 UTC,2026-05-17 22:54:26 UTC,2026-05-17 22:53:55 UTC,2026-05-17 22:53:52 UTC,2026-05-17 22:53:35 UTC,2026-05-17 22:53:13 UTC,2026-05-17 22:52:49 UTC,2026-05-17 22:52:43 UTC,2026-05-17 22:56:33 UTC,2026-05-17 22:56:34 UTC,2026-05-17 22:56:17 UTC,2026-05-17 22:55:49 UTC,end_normal
e34587966aec798da2d24034ea2d9eb4,2026-05-13 19:02:55 UTC,2026-05-13 19:07:15 UTC,2026-05-13 19:03:07 UTC,NA,NA,NA,NA,NA,NA,NA,NA,NA,NA,NA,NA,option_2,option_1,option_2,option_2,option_1,2,stemte_ikke,NA,1,NA,3,hovedstaden,erhvervsuddannelse,1971,Kvinde,1312,NA,2026-05-13 19:04:09 UTC,NA,2026-05-13 19:03:45 UTC,2026-05-13 19:03:29 UTC,2026-05-13 19:03:22 UTC,2026-05-13 19:03:17 UTC,NA,2026-05-13 19:06:36 UTC,2026-05-13 19:06:17 UTC,2026-05-13 19:06:03 UTC,2026-05-13 19:05:41 UTC,2026-05-13 19:05:21 UTC,2026-05-13 19:04:19 UTC,2026-05-13 19:04:38 UTC,NA,NA,NA,NA,NA,NA,NA,NA,NA,NA,2026-05-13 19:06:37 UTC,2026-05-13 19:06:18 UTC,2026-05-13 19:06:04 UTC,2026-05-13 19:05:42 UTC,2026-05-13 19:05:22 UTC,2026-05-13 19:04:51 UTC,2026-05-13 19:04:40 UTC,2026-05-13 19:04:10 UTC,2026-05-13 19:03:32 UTC,2026-05-13 19:03:02 UTC,2026-05-13 19:02:55 UTC,NA,NA,NA,2026-05-13 19:06:42 UTC,single_profile_1
e36247187708c7f5f6b66300df88341a,2026-05-13 18:15:17 UTC,2026-05-13 18:22:40 UTC,2026-05-13 18:15:31 UTC,4,4,4,4,4,NA,2,2,3,3,2,NA,option_1,option_2,option_2,option_2,option_2,6,moderaterne,1,2,1,2,hovedstaden,lang_videre,2000,Kvinde,261,2026-05-13 18:16:11 UTC,2026-05-13 18:16:06 UTC,2026-05-13 18:15:55 UTC,2026-05-13 18:15:49 UTC,2026-05-13 18:15:41 UTC,2026-05-13 18:15:39 UTC,2026-05-13 18:15:34 UTC,NA,2026-05-13 18:18:44 UTC,2026-05-13 18:18:06 UTC,2026-05-13 18:17:49 UTC,2026-05-13 18:17:33 UTC,2026-05-13 18:17:08 UTC,2026-05-13 18:16:43 UTC,2026-05-13 18:16:30 UTC,2026-05-13 18:19:38 UTC,2026-05-13 18:19:37 UTC,2026-05-13 18:19:36 UTC,2026-05-13 18:19:35 UTC,NA,2026-05-13 18:19:25 UTC,2026-05-13 18:19:22 UTC,2026-05-13 18:19:19 UTC,2026-05-13 18:19:15 UTC,2026-05-13 18:19:08 UTC,2026-05-13 18:18:47 UTC,2026-05-13 18:18:07 UTC,2026-05-13 18:17:50 UTC,2026-05-13 18:17:34 UTC,2026-05-13 18:17:12 UTC,2026-05-13 18:16:48 UTC,2026-05-13 18:16:44 UTC,2026-05-13 18:16:11 UTC,2026-05-13 18:15:41 UTC,2026-05-13 18:15:26 UTC,2026-05-13 18:15:17 UTC,2026-05-13 18:19:40 UTC,2026-05-13 18:19:41 UTC,2026-05-13 18:19:26 UTC,2026-05-13 18:18:52 UTC,end_normal
e437b8f53940f0b302449b1d2f1096fe,2026-05-19 17:31:49 UTC,2026-05-19 17:39:02 UTC,2026-05-19 17:32:01 UTC,2,3,3,2,3,NA,4,3,4,4,3,NA,option_1,option_2,option_1,option_2,option_1,7,dansk_folkeparti,1,2,NA,1,sjaelland,mellemlang_videre,1974,Kvinde,1843,2026-05-19 17:32:59 UTC,2026-05-19 17:32:46 UTC,NA,2026-05-19 17:32:36 UTC,2026-05-19 17:32:24 UTC,2026-05-19 17:32:19 UTC,2026-05-19 17:32:13 UTC,NA,2026-05-19 17:35:44 UTC,2026-05-19 17:35:23 UTC,2026-05-19 17:34:39 UTC,2026-05-19 17:34:19 UTC,2026-05-19 17:33:58 UTC,2026-05-19 17:33:17 UTC,2026-05-19 17:33:10 UTC,2026-05-19 17:37:31 UTC,2026-05-19 17:37:26 UTC,2026-05-19 17:37:21 UTC,2026-05-19 17:37:08 UTC,NA,2026-05-19 17:36:48 UTC,2026-05-19 17:36:36 UTC,2026-05-19 17:36:30 UTC,2026-05-19 17:36:47 UTC,2026-05-19 17:36:17 UTC,2026-05-19 17:35:48 UTC,2026-05-19 17:35:28 UTC,2026-05-19 17:35:06 UTC,2026-05-19 17:34:21 UTC,2026-05-19 17:34:04 UTC,2026-05-19 17:33:33 UTC,2026-05-19 17:33:20 UTC,2026-05-19 17:33:03 UTC,2026-05-19 17:32:27 UTC,2026-05-19 17:31:58 UTC,2026-05-19 17:31:49 UTC,2026-05-19 17:37:34 UTC,2026-05-19 17:37:35 UTC,2026-05-19 17:36:51 UTC,2026-05-19 17:35:56 UTC,end_normal
e455435c8b97502838a27b7528e64292,2026-05-23 11:51:50 UTC,2026-05-23 12:13:09 UTC,2026-05-23 11:52:22 UTC,3,3,5,4,3,NA,2,3,3,3,3,NA,option_1,option_1,option_2,option_2,option_1,3,enhedslisten,3,2,3,2,midtjylland,mellemlang_videre,1999,Kvinde,277,2026-05-23 11:55:10 UTC,2026-05-23 11:55:03 UTC,2026-05-23 11:55:01 UTC,2026-05-23 11:54:55 UTC,2026-05-23 11:54:40 UTC,2026-05-23 11:54:37 UTC,2026-05-23 11:52:31 UTC,NA,2026-05-23 12:06:27 UTC,2026-05-23 12:05:27 UTC,2026-05-23 12:02:41 UTC,2026-05-23 11:59:38 UTC,2026-05-23 11:58:02 UTC,2026-05-23 11:55:21 UTC,2026-05-23 11:55:19 UTC,2026-05-23 12:10:59 UTC,2026-05-23 12:10:50 UTC,2026-05-23 12:10:28 UTC,2026-05-23 12:10:47 UTC,NA,2026-05-23 12:09:13 UTC,2026-05-23 12:08:56 UTC,2026-05-23 12:08:52 UTC,2026-05-23 12:08:44 UTC,2026-05-23 12:08:43 UTC,2026-05-23 12:06:29 UTC,2026-05-23 12:05:28 UTC,2026-05-23 12:02:42 UTC,2026-05-23 11:59:43 UTC,2026-05-23 11:58:05 UTC,2026-05-23 11:55:27 UTC,2026-05-23 11:55:23 UTC,2026-05-23 11:55:10 UTC,2026-05-23 11:54:42 UTC,2026-05-23 11:52:03 UTC,2026-05-23 11:51:50 UTC,2026-05-23 12:12:43 UTC,2026-05-23 12:12:45 UTC,2026-05-23 12:09:41 UTC,2026-05-23 12:06:41 UTC,end_normal
e487504589ce665e0daa6a5ec98d0fa6,2026-06-20 10:52:50 UTC,2026-06-20 10:53:17 UTC,NA,NA,NA,NA,NA,NA,NA,NA,NA,NA,NA,NA,NA,NA,NA,NA,NA,NA,NA,NA,NA,NA,NA,NA,NA,NA,NA,NA,746,NA,NA,NA,NA,NA,NA,NA,NA,NA,NA,NA,NA,NA,NA,NA,NA,NA,NA,NA,NA,NA,NA,NA,NA,NA,NA,NA,NA,NA,NA,NA,NA,NA,NA,2026-06-20 10:52:56 UTC,2026-06-20 10:52:50 UTC,NA,NA,NA,NA,Background
e49e1c1ef1c46246ac1da8383109a2d4,2026-05-17 16:47:50 UTC,2026-05-17 16:53:59 UTC,2026-05-17 16:49:26 UTC,1,2,2,2,1,NA,2,3,3,2,3,NA,option_1,option_2,option_1,option_2,option_2,5,radikale,3,2,NA,3,midtjylland,lang_videre,2001,Kvinde,717,2026-05-17 16:50:09 UTC,2026-05-17 16:50:00 UTC,NA,2026-05-17 16:49:53 UTC,2026-05-17 16:49:46 UTC,2026-05-17 16:49:41 UTC,2026-05-17 16:49:31 UTC,NA,2026-05-17 16:52:22 UTC,2026-05-17 16:52:09 UTC,2026-05-17 16:51:35 UTC,2026-05-17 16:51:11 UTC,2026-05-17 16:50:52 UTC,2026-05-17 16:50:20 UTC,2026-05-17 16:50:15 UTC,2026-05-17 16:53:33 UTC,2026-05-17 16:53:31 UTC,2026-05-17 16:53:30 UTC,2026-05-17 16:53:28 UTC,NA,2026-05-17 16:53:07 UTC,2026-05-17 16:53:05 UTC,2026-05-17 16:52:58 UTC,2026-05-17 16:52:52 UTC,2026-05-17 16:52:50 UTC,2026-05-17 16:52:25 UTC,NA,2026-05-17 16:51:38 UTC,2026-05-17 16:51:13 UTC,2026-05-17 16:50:53 UTC,2026-05-17 16:50:32 UTC,2026-05-17 16:50:21 UTC,2026-05-17 16:50:10 UTC,2026-05-17 16:49:48 UTC,2026-05-17 16:49:23 UTC,2026-05-17 16:47:50 UTC,2026-05-17 16:53:39 UTC,2026-05-17 16:53:40 UTC,2026-05-17 16:53:13 UTC,2026-05-17 16:52:33 UTC,end_normal
e4cd52fc4f4d960ea94c05d061f3e37c,2026-05-13 15:17:53 UTC,2026-05-13 15:22:47 UTC,2026-05-13 15:18:08 UTC,NA,NA,NA,NA,NA,NA,NA,NA,NA,NA,NA,NA,option_1,option_2,option_2,option_2,option_1,8,onsker_ikke,3,2,3,2,syddanmark,erhvervsuddannelse,1969,Mand,1136,2026-05-13 15:19:28 UTC,2026-05-13 15:19:15 UTC,2026-05-13 15:19:06 UTC,2026-05-13 15:18:59 UTC,2026-05-13 15:18:40 UTC,2026-05-13 15:18:32 UTC,2026-05-13 15:18:25 UTC,NA,2026-05-13 15:22:00 UTC,2026-05-13 15:21:37 UTC,2026-05-13 15:21:20 UTC,2026-05-13 15:20:49 UTC,2026-05-13 15:20:27 UTC,2026-05-13 15:19:46 UTC,2026-05-13 15:19:42 UTC,NA,NA,NA,NA,NA,NA,NA,NA,NA,NA,2026-05-13 15:22:01 UTC,2026-05-13 15:21:38 UTC,2026-05-13 15:21:23 UTC,2026-05-13 15:20:50 UTC,2026-05-13 15:20:30 UTC,2026-05-13 15:20:01 UTC,2026-05-13 15:19:48 UTC,2026-05-13 15:19:29 UTC,2026-05-13 15:18:48 UTC,2026-05-13 15:18:03 UTC,2026-05-13 15:17:53 UTC,NA,NA,NA,2026-05-13 15:22:11 UTC,single_profile_1
e55b5b17b483d4618b21f12cb77a0d7a,2026-05-19 14:36:59 UTC,2026-05-19 14:43:02 UTC,2026-05-19 14:37:15 UTC,4,4,4,4,4,NA,3,3,3,4,3,NA,option_1,option_2,option_1,option_2,option_2,8,socialdemokratiet,3,2,3,2,sjaelland,lang_videre,1964,Kvinde,1035,2026-05-19 14:38:03 UTC,2026-05-19 14:37:58 UTC,2026-05-19 14:37:49 UTC,2026-05-19 14:37:43 UTC,2026-05-19 14:37:34 UTC,2026-05-19 14:37:29 UTC,2026-05-19 14:37:21 UTC,NA,2026-05-19 14:41:02 UTC,2026-05-19 14:40:01 UTC,2026-05-19 14:39:46 UTC,2026-05-19 14:39:17 UTC,2026-05-19 14:38:52 UTC,2026-05-19 14:38:18 UTC,2026-05-19 14:38:10 UTC,2026-05-19 14:42:33 UTC,2026-05-19 14:42:33 UTC,2026-05-19 14:42:31 UTC,2026-05-19 14:42:22 UTC,NA,2026-05-19 14:41:49 UTC,2026-05-19 14:41:43 UTC,2026-05-19 14:41:41 UTC,2026-05-19 14:41:37 UTC,2026-05-19 14:41:35 UTC,2026-05-19 14:41:03 UTC,2026-05-19 14:40:02 UTC,2026-05-19 14:39:47 UTC,2026-05-19 14:39:18 UTC,2026-05-19 14:38:53 UTC,2026-05-19 14:38:32 UTC,2026-05-19 14:38:21 UTC,2026-05-19 14:38:05 UTC,2026-05-19 14:37:35 UTC,2026-05-19 14:37:10 UTC,2026-05-19 14:36:59 UTC,2026-05-19 14:42:34 UTC,2026-05-19 14:42:37 UTC,2026-05-19 14:41:51 UTC,2026-05-19 14:41:12 UTC,end_normal
e55d6c5b028656fa631bdf5d4aa77943,2026-06-19 19:04:49 UTC,2026-06-19 19:07:25 UTC,2026-06-19 19:05:26 UTC,NA,NA,NA,NA,NA,NA,NA,NA,NA,NA,NA,NA,NA,NA,NA,NA,NA,NA,NA,NA,NA,NA,NA,midtjylland,mellemlang_videre,1995,Kvinde,1618,NA,NA,NA,NA,2026-06-19 19:05:35 UTC,2026-06-19 19:05:32 UTC,2026-06-19 19:05:28 UTC,NA,NA,NA,NA,NA,NA,NA,NA,NA,NA,NA,NA,NA,NA,NA,NA,NA,NA,NA,NA,NA,NA,NA,NA,NA,NA,2026-06-19 19:05:36 UTC,2026-06-19 19:05:21 UTC,2026-06-19 19:04:49 UTC,NA,NA,NA,NA,issue_positions
e5864dc0478eb49c105b03bd483c6fe1,2026-06-20 14:58:54 UTC,2026-06-20 15:03:21 UTC,2026-06-20 14:59:15 UTC,NA,NA,NA,NA,NA,NA,2,3,3,2,2,NA,option_1,option_1,option_1,option_1,option_2,0,stemte_ikke,NA,1,3,2,syddanmark,anden,1996,Kvinde,716,NA,2026-06-20 15:00:10 UTC,2026-06-20 14:59:57 UTC,2026-06-20 14:59:46 UTC,2026-06-20 14:59:34 UTC,2026-06-20 14:59:31 UTC,2026-06-20 14:59:19 UTC,NA,2026-06-20 15:02:12 UTC,2026-06-20 15:01:59 UTC,2026-06-20 15:01:38 UTC,2026-06-20 15:01:20 UTC,2026-06-20 15:00:56 UTC,2026-06-20 15:00:31 UTC,2026-06-20 15:00:19 UTC,NA,NA,NA,NA,NA,2026-06-20 15:02:54 UTC,2026-06-20 15:02:49 UTC,2026-06-20 15:02:45 UTC,2026-06-20 15:02:41 UTC,2026-06-20 15:02:37 UTC,2026-06-20 15:02:13 UTC,2026-06-20 15:02:00 UTC,2026-06-20 15:01:39 UTC,2026-06-20 15:01:23 UTC,2026-06-20 15:00:56 UTC,2026-06-20 15:00:35 UTC,2026-06-20 15:00:32 UTC,2026-06-20 15:00:11 UTC,2026-06-20 14:59:35 UTC,2026-06-20 14:59:11 UTC,2026-06-20 14:58:54 UTC,NA,NA,2026-06-20 15:02:55 UTC,2026-06-20 15:02:16 UTC,single_profile_2
e7a3a38328e21e2927d69aef9a3a0eae,2026-05-23 16:09:57 UTC,2026-05-23 16:15:15 UTC,2026-05-23 16:10:08 UTC,4,4,4,3,4,NA,1,2,3,3,2,NA,option_1,option_2,option_1,option_2,option_2,5,moderaterne,3,2,NA,1,hovedstaden,kort_videre,1975,Kvinde,1573,2026-05-23 16:10:57 UTC,2026-05-23 16:10:44 UTC,NA,2026-05-23 16:10:32 UTC,2026-05-23 16:10:23 UTC,2026-05-23 16:10:19 UTC,2026-05-23 16:10:14 UTC,NA,2026-05-23 16:13:17 UTC,2026-05-23 16:13:01 UTC,2026-05-23 16:12:38 UTC,2026-05-23 16:12:17 UTC,2026-05-23 16:11:53 UTC,2026-05-23 16:11:04 UTC,2026-05-23 16:11:14 UTC,2026-05-23 16:14:42 UTC,2026-05-23 16:14:38 UTC,2026-05-23 16:14:33 UTC,2026-05-23 16:14:27 UTC,NA,2026-05-23 16:14:04 UTC,2026-05-23 16:13:57 UTC,2026-05-23 16:13:53 UTC,2026-05-23 16:13:51 UTC,2026-05-23 16:13:44 UTC,2026-05-23 16:13:21 UTC,2026-05-23 16:13:03 UTC,2026-05-23 16:12:43 UTC,2026-05-23 16:12:19 UTC,2026-05-23 16:11:54 UTC,2026-05-23 16:11:24 UTC,2026-05-23 16:11:20 UTC,2026-05-23 16:10:57 UTC,2026-05-23 16:10:26 UTC,2026-05-23 16:10:05 UTC,2026-05-23 16:09:57 UTC,2026-05-23 16:14:42 UTC,2026-05-23 16:14:44 UTC,2026-05-23 16:14:06 UTC,2026-05-23 16:13:24 UTC,end_normal
e7da248b2a59cffdbc1475d2cf10c10f,2026-06-19 19:29:47 UTC,2026-06-19 19:36:21 UTC,2026-06-19 19:30:10 UTC,2,2,3,3,2,NA,1,2,3,3,3,NA,option_2,option_1,option_1,option_2,option_2,4,sf,NA,3,NA,3,syddanmark,mellemlang_videre,1975,Kvinde,568,NA,2026-06-19 19:30:58 UTC,NA,2026-06-19 19:30:48 UTC,2026-06-19 19:30:32 UTC,2026-06-19 19:30:24 UTC,2026-06-19 19:30:15 UTC,NA,2026-06-19 19:34:14 UTC,2026-06-19 19:33:39 UTC,2026-06-19 19:33:22 UTC,2026-06-19 19:32:47 UTC,2026-06-19 19:32:17 UTC,2026-06-19 19:31:21 UTC,2026-06-19 19:31:15 UTC,2026-06-19 19:35:52 UTC,2026-06-19 19:35:49 UTC,2026-06-19 19:35:41 UTC,2026-06-19 19:35:36 UTC,NA,2026-06-19 19:35:19 UTC,2026-06-19 19:35:13 UTC,2026-06-19 19:35:09 UTC,2026-06-19 19:34:58 UTC,2026-06-19 19:34:57 UTC,2026-06-19 19:34:14 UTC,2026-06-19 19:33:42 UTC,2026-06-19 19:33:23 UTC,2026-06-19 19:32:52 UTC,2026-06-19 19:32:21 UTC,2026-06-19 19:31:37 UTC,2026-06-19 19:31:26 UTC,NA,2026-06-19 19:30:34 UTC,2026-06-19 19:30:01 UTC,2026-06-19 19:29:47 UTC,2026-06-19 19:35:58 UTC,2026-06-19 19:36:00 UTC,2026-06-19 19:35:21 UTC,2026-06-19 19:34:29 UTC,end_normal
e8108c945b9d1e073949568778cfc0b3,2026-06-19 22:20:26 UTC,2026-06-19 22:32:22 UTC,2026-06-19 22:22:52 UTC,1,2,2,2,1,NA,2,4,3,3,2,NA,option_1,option_1,option_1,option_1,option_2,7,socialdemokratiet,3,2,3,2,midtjylland,mellemlang_videre,1960,Kvinde,1015,2026-06-19 22:24:14 UTC,2026-06-19 22:24:07 UTC,2026-06-19 22:23:47 UTC,2026-06-19 22:23:34 UTC,2026-06-19 22:22:01 UTC,2026-06-19 22:21:52 UTC,2026-06-19 22:23:09 UTC,NA,2026-06-19 22:29:33 UTC,2026-06-19 22:28:50 UTC,2026-06-19 22:27:59 UTC,2026-06-19 22:27:03 UTC,2026-06-19 22:26:16 UTC,2026-06-19 22:24:45 UTC,2026-06-19 22:24:32 UTC,2026-06-19 22:31:48 UTC,2026-06-19 22:31:44 UTC,2026-06-19 22:31:40 UTC,2026-06-19 22:31:34 UTC,NA,2026-06-19 22:31:00 UTC,2026-06-19 22:30:57 UTC,2026-06-19 22:30:45 UTC,2026-06-19 22:30:41 UTC,2026-06-19 22:30:37 UTC,2026-06-19 22:29:35 UTC,2026-06-19 22:28:54 UTC,2026-06-19 22:28:03 UTC,2026-06-19 22:27:05 UTC,2026-06-19 22:26:18 UTC,2026-06-19 22:25:24 UTC,2026-06-19 22:24:53 UTC,2026-06-19 22:24:15 UTC,2026-06-19 22:23:17 UTC,2026-06-19 22:21:30 UTC,2026-06-19 22:20:26 UTC,2026-06-19 22:31:52 UTC,2026-06-19 22:31:59 UTC,2026-06-19 22:31:01 UTC,2026-06-19 22:29:50 UTC,end_normal
e81d0503542b00fcc0d3e31e99e48107,2026-06-02 15:43:17 UTC,2026-06-02 15:49:07 UTC,2026-06-02 15:43:39 UTC,2,2,3,3,2,NA,4,4,3,4,4,NA,option_1,option_1,option_2,option_1,option_1,4,venstre,1,2,3,2,midtjylland,mellemlang_videre,1985,Kvinde,1487,2026-06-02 15:44:42 UTC,2026-06-02 15:44:34 UTC,2026-06-02 15:44:25 UTC,2026-06-02 15:44:08 UTC,2026-06-02 15:43:58 UTC,2026-06-02 15:43:53 UTC,2026-06-02 15:43:46 UTC,NA,2026-06-02 15:47:14 UTC,2026-06-02 15:47:01 UTC,2026-06-02 15:46:42 UTC,2026-06-02 15:46:24 UTC,2026-06-02 15:45:55 UTC,2026-06-02 15:44:56 UTC,2026-06-02 15:44:52 UTC,2026-06-02 15:48:32 UTC,2026-06-02 15:48:30 UTC,2026-06-02 15:48:27 UTC,2026-06-02 15:48:24 UTC,NA,2026-06-02 15:48:06 UTC,2026-06-02 15:48:04 UTC,2026-06-02 15:47:57 UTC,2026-06-02 15:47:53 UTC,2026-06-02 15:47:51 UTC,2026-06-02 15:47:23 UTC,2026-06-02 15:47:02 UTC,2026-06-02 15:46:43 UTC,2026-06-02 15:46:27 UTC,2026-06-02 15:45:58 UTC,2026-06-02 15:45:10 UTC,2026-06-02 15:44:57 UTC,2026-06-02 15:44:45 UTC,2026-06-02 15:44:00 UTC,2026-06-02 15:43:35 UTC,2026-06-02 15:43:17 UTC,2026-06-02 15:48:34 UTC,2026-06-02 15:48:35 UTC,2026-06-02 15:48:07 UTC,2026-06-02 15:47:33 UTC,end_normal
e830109b6ca8e18db464b1f89cdadb0d,2026-06-20 08:33:51 UTC,2026-06-20 08:39:25 UTC,2026-06-20 08:34:07 UTC,4,2,5,3,3,NA,1,3,3,3,3,NA,option_1,option_2,option_1,option_2,option_2,3,konservative,3,2,NA,1,midtjylland,grundskole,1965,Kvinde,1987,2026-06-20 08:35:02 UTC,2026-06-20 08:34:50 UTC,NA,2026-06-20 08:34:30 UTC,2026-06-20 08:34:22 UTC,2026-06-20 08:34:19 UTC,2026-06-20 08:34:15 UTC,NA,2026-06-20 08:37:22 UTC,2026-06-20 08:37:08 UTC,2026-06-20 08:36:48 UTC,2026-06-20 08:36:13 UTC,2026-06-20 08:35:53 UTC,2026-06-20 08:35:19 UTC,2026-06-20 08:35:11 UTC,2026-06-20 08:38:59 UTC,2026-06-20 08:38:53 UTC,2026-06-20 08:38:40 UTC,2026-06-20 08:38:37 UTC,NA,2026-06-20 08:38:19 UTC,2026-06-20 08:38:15 UTC,2026-06-20 08:38:12 UTC,2026-06-20 08:37:58 UTC,2026-06-20 08:37:56 UTC,2026-06-20 08:37:26 UTC,2026-06-20 08:37:09 UTC,2026-06-20 08:36:50 UTC,2026-06-20 08:36:16 UTC,2026-06-20 08:35:54 UTC,2026-06-20 08:35:28 UTC,2026-06-20 08:35:23 UTC,2026-06-20 08:35:03 UTC,2026-06-20 08:34:23 UTC,2026-06-20 08:34:02 UTC,2026-06-20 08:33:51 UTC,2026-06-20 08:39:03 UTC,2026-06-20 08:39:04 UTC,2026-06-20 08:38:20 UTC,2026-06-20 08:37:30 UTC,end_normal
e85b7d284cca504b2ac5aa00dd3fb9f4,2026-05-15 16:12:49 UTC,2026-05-15 16:18:45 UTC,2026-05-15 16:13:05 UTC,4,4,4,4,4,NA,1,2,1,2,1,NA,option_2,option_1,option_1,option_2,option_2,0,blankt,NA,3,NA,1,nordjylland,anden,1968,Kvinde,624,NA,2026-05-15 16:14:10 UTC,NA,2026-05-15 16:13:35 UTC,2026-05-15 16:13:24 UTC,2026-05-15 16:13:19 UTC,2026-05-15 16:13:12 UTC,NA,2026-05-15 16:16:52 UTC,2026-05-15 16:16:20 UTC,2026-05-15 16:15:55 UTC,2026-05-15 16:15:32 UTC,2026-05-15 16:15:08 UTC,2026-05-15 16:14:28 UTC,2026-05-15 16:14:24 UTC,2026-05-15 16:18:11 UTC,2026-05-15 16:18:08 UTC,2026-05-15 16:18:06 UTC,2026-05-15 16:18:03 UTC,NA,2026-05-15 16:17:49 UTC,2026-05-15 16:17:42 UTC,2026-05-15 16:17:38 UTC,2026-05-15 16:17:34 UTC,2026-05-15 16:17:30 UTC,2026-05-15 16:16:56 UTC,2026-05-15 16:16:24 UTC,2026-05-15 16:15:58 UTC,2026-05-15 16:15:36 UTC,2026-05-15 16:15:10 UTC,2026-05-15 16:14:43 UTC,2026-05-15 16:14:31 UTC,2026-05-15 16:14:12 UTC,2026-05-15 16:13:26 UTC,2026-05-15 16:13:00 UTC,2026-05-15 16:12:49 UTC,2026-05-15 16:18:13 UTC,2026-05-15 16:18:14 UTC,2026-05-15 16:17:50 UTC,2026-05-15 16:17:08 UTC,end_normal
e895a07bbba6294c2c560dd431e27ae0,2026-05-15 14:31:31 UTC,2026-05-15 14:34:25 UTC,2026-05-15 14:31:42 UTC,NA,NA,NA,NA,NA,NA,NA,NA,NA,NA,NA,NA,NA,NA,option_1,option_1,option_1,7,liberal_alliance,1,2,NA,1,nordjylland,mellemlang_videre,1980,Mand,123,2026-05-15 14:32:40 UTC,2026-05-15 14:32:27 UTC,NA,2026-05-15 14:32:19 UTC,2026-05-15 14:31:56 UTC,2026-05-15 14:31:52 UTC,2026-05-15 14:31:47 UTC,NA,NA,NA,2026-05-15 14:34:06 UTC,2026-05-15 14:33:43 UTC,2026-05-15 14:33:28 UTC,2026-05-15 14:32:52 UTC,2026-05-15 14:32:48 UTC,NA,NA,NA,NA,NA,NA,NA,NA,NA,NA,NA,NA,2026-05-15 14:34:07 UTC,2026-05-15 14:33:43 UTC,2026-05-15 14:33:29 UTC,2026-05-15 14:32:56 UTC,2026-05-15 14:32:53 UTC,2026-05-15 14:32:41 UTC,2026-05-15 14:31:57 UTC,2026-05-15 14:31:37 UTC,2026-05-15 14:31:31 UTC,NA,NA,NA,NA,cbc_q4_page
e8b1bc92533bfdee48d26507f984a94c,2026-05-15 09:51:29 UTC,2026-05-15 09:56:15 UTC,2026-05-15 09:51:58 UTC,4,3,3,3,3,NA,1,2,3,3,3,NA,option_1,option_1,option_2,option_1,option_2,7,konservative,3,2,NA,1,hovedstaden,kort_videre,1969,Kvinde,375,2026-05-15 09:52:34 UTC,2026-05-15 09:52:25 UTC,NA,2026-05-15 09:52:15 UTC,2026-05-15 09:51:48 UTC,2026-05-15 09:51:44 UTC,2026-05-15 09:52:03 UTC,NA,2026-05-15 09:54:37 UTC,2026-05-15 09:54:26 UTC,2026-05-15 09:54:09 UTC,2026-05-15 09:53:45 UTC,2026-05-15 09:53:26 UTC,2026-05-15 09:52:55 UTC,2026-05-15 09:52:50 UTC,2026-05-15 09:55:52 UTC,2026-05-15 09:55:37 UTC,2026-05-15 09:55:35 UTC,2026-05-15 09:55:31 UTC,NA,2026-05-15 09:55:16 UTC,2026-05-15 09:55:06 UTC,2026-05-15 09:55:09 UTC,2026-05-15 09:55:11 UTC,2026-05-15 09:54:55 UTC,2026-05-15 09:54:39 UTC,2026-05-15 09:54:29 UTC,2026-05-15 09:54:13 UTC,2026-05-15 09:53:46 UTC,2026-05-15 09:53:30 UTC,2026-05-15 09:53:00 UTC,2026-05-15 09:52:56 UTC,2026-05-15 09:52:37 UTC,2026-05-15 09:52:10 UTC,2026-05-15 09:51:40 UTC,2026-05-15 09:51:29 UTC,2026-05-15 09:55:45 UTC,2026-05-15 09:55:53 UTC,2026-05-15 09:55:16 UTC,2026-05-15 09:54:43 UTC,end_normal
e8b2c969baaa1e453c342c13cf08580f,2026-06-19 21:18:57 UTC,2026-06-19 21:21:06 UTC,2026-06-19 21:20:12 UTC,NA,NA,NA,NA,NA,NA,NA,NA,NA,NA,NA,NA,NA,NA,NA,NA,NA,NA,NA,NA,NA,NA,NA,midtjylland,lang_videre,1960,Mand,444,NA,NA,NA,NA,2026-06-19 21:20:37 UTC,2026-06-19 21:20:33 UTC,2026-06-19 21:20:26 UTC,NA,NA,NA,NA,NA,NA,NA,NA,NA,NA,NA,NA,NA,NA,NA,NA,NA,NA,NA,NA,NA,NA,NA,NA,NA,NA,2026-06-19 21:20:41 UTC,2026-06-19 21:20:07 UTC,2026-06-19 21:18:57 UTC,NA,NA,NA,NA,issue_positions
e8b3416f0983ee819c666eb860f33cd5,2026-05-19 14:22:59 UTC,2026-05-19 14:31:20 UTC,2026-05-19 14:23:43 UTC,NA,NA,NA,NA,NA,NA,NA,NA,NA,NA,NA,NA,option_1,option_2,option_1,option_1,option_1,8,moderaterne,NA,3,3,2,sjaelland,mellemlang_videre,1952,Kvinde,377,NA,2026-05-19 14:25:26 UTC,2026-05-19 14:25:05 UTC,2026-05-19 14:24:36 UTC,2026-05-19 14:24:16 UTC,2026-05-19 14:24:13 UTC,2026-05-19 14:23:58 UTC,NA,2026-05-19 14:29:46 UTC,2026-05-19 14:28:53 UTC,2026-05-19 14:28:13 UTC,2026-05-19 14:27:27 UTC,2026-05-19 14:26:35 UTC,2026-05-19 14:25:45 UTC,2026-05-19 14:25:36 UTC,NA,NA,NA,NA,NA,NA,NA,NA,NA,NA,2026-05-19 14:29:47 UTC,2026-05-19 14:28:54 UTC,2026-05-19 14:28:16 UTC,2026-05-19 14:27:30 UTC,2026-05-19 14:26:38 UTC,2026-05-19 14:26:07 UTC,2026-05-19 14:25:47 UTC,2026-05-19 14:25:26 UTC,2026-05-19 14:24:17 UTC,2026-05-19 14:23:36 UTC,2026-05-19 14:22:59 UTC,NA,NA,NA,2026-05-19 14:30:00 UTC,single_profile_1
e8b3efe43595a8de61d58a0a50acd2ed,2026-06-02 13:48:21 UTC,2026-06-02 13:52:14 UTC,2026-06-02 13:48:33 UTC,1,1,2,2,2,NA,2,5,5,5,4,NA,option_1,option_1,option_2,option_2,option_1,5,konservative,NA,1,NA,1,syddanmark,gymnasial,1972,Kvinde,838,NA,2026-06-02 13:49:00 UTC,NA,2026-06-02 13:48:51 UTC,2026-06-02 13:48:45 UTC,2026-06-02 13:48:41 UTC,2026-06-02 13:48:39 UTC,NA,2026-06-02 13:50:46 UTC,2026-06-02 13:50:26 UTC,2026-06-02 13:50:10 UTC,2026-06-02 13:49:55 UTC,2026-06-02 13:49:38 UTC,2026-06-02 13:49:10 UTC,2026-06-02 13:49:06 UTC,2026-06-02 13:51:46 UTC,2026-06-02 13:51:42 UTC,2026-06-02 13:51:40 UTC,2026-06-02 13:51:36 UTC,NA,2026-06-02 13:51:24 UTC,2026-06-02 13:51:20 UTC,2026-06-02 13:51:15 UTC,2026-06-02 13:51:13 UTC,2026-06-02 13:51:09 UTC,2026-06-02 13:50:47 UTC,2026-06-02 13:50:27 UTC,2026-06-02 13:50:11 UTC,2026-06-02 13:49:55 UTC,2026-06-02 13:49:38 UTC,2026-06-02 13:49:23 UTC,2026-06-02 13:49:13 UTC,2026-06-02 13:49:00 UTC,2026-06-02 13:48:45 UTC,2026-06-02 13:48:29 UTC,2026-06-02 13:48:21 UTC,2026-06-02 13:51:48 UTC,2026-06-02 13:51:49 UTC,2026-06-02 13:51:25 UTC,2026-06-02 13:50:54 UTC,end_normal
e93326c4cfc4af3649e40881e388b5a0,2026-05-17 14:19:29 UTC,2026-05-17 14:23:45 UTC,2026-05-17 14:19:40 UTC,3,3,3,3,3,NA,1,1,1,1,1,NA,option_1,option_1,option_1,option_1,option_1,5,sf,NA,3,NA,3,syddanmark,mellemlang_videre,1963,Kvinde,96,NA,2026-05-17 14:20:34 UTC,NA,2026-05-17 14:20:20 UTC,2026-05-17 14:19:59 UTC,2026-05-17 14:19:55 UTC,2026-05-17 14:19:49 UTC,NA,2026-05-17 14:22:40 UTC,2026-05-17 14:22:35 UTC,2026-05-17 14:22:17 UTC,2026-05-17 14:22:04 UTC,2026-05-17 14:21:47 UTC,2026-05-17 14:20:55 UTC,2026-05-17 14:20:46 UTC,2026-05-17 14:23:17 UTC,2026-05-17 14:23:16 UTC,2026-05-17 14:23:16 UTC,2026-05-17 14:23:15 UTC,NA,2026-05-17 14:23:03 UTC,2026-05-17 14:23:02 UTC,2026-05-17 14:23:01 UTC,2026-05-17 14:23:00 UTC,2026-05-17 14:22:59 UTC,2026-05-17 14:22:41 UTC,2026-05-17 14:22:36 UTC,2026-05-17 14:22:18 UTC,2026-05-17 14:22:05 UTC,2026-05-17 14:21:48 UTC,2026-05-17 14:20:59 UTC,2026-05-17 14:20:56 UTC,2026-05-17 14:20:35 UTC,2026-05-17 14:20:00 UTC,2026-05-17 14:19:35 UTC,2026-05-17 14:19:29 UTC,2026-05-17 14:23:18 UTC,2026-05-17 14:23:19 UTC,2026-05-17 14:23:03 UTC,2026-05-17 14:22:44 UTC,end_normal
e9a34bd54e2c0586714d65bbf3ce8a50,2026-05-23 14:29:30 UTC,2026-05-23 14:38:01 UTC,2026-05-23 14:29:53 UTC,3,2,3,2,2,NA,3,3,3,2,2,NA,option_1,option_2,option_2,option_2,option_1,1,dansk_folkeparti,3,2,NA,1,syddanmark,mellemlang_videre,1980,Kvinde,1949,2026-05-23 14:31:19 UTC,2026-05-23 14:30:52 UTC,NA,2026-05-23 14:30:37 UTC,2026-05-23 14:30:23 UTC,2026-05-23 14:30:14 UTC,2026-05-23 14:30:04 UTC,NA,2026-05-23 14:35:14 UTC,2026-05-23 14:34:54 UTC,2026-05-23 14:34:30 UTC,2026-05-23 14:33:45 UTC,2026-05-23 14:32:51 UTC,2026-05-23 14:31:47 UTC,2026-05-23 14:31:33 UTC,2026-05-23 14:37:26 UTC,2026-05-23 14:37:20 UTC,2026-05-23 14:37:16 UTC,2026-05-23 14:37:11 UTC,NA,2026-05-23 14:36:40 UTC,2026-05-23 14:36:36 UTC,2026-05-23 14:36:28 UTC,2026-05-23 14:36:23 UTC,2026-05-23 14:36:17 UTC,2026-05-23 14:35:17 UTC,2026-05-23 14:34:56 UTC,2026-05-23 14:34:33 UTC,2026-05-23 14:33:46 UTC,2026-05-23 14:32:52 UTC,2026-05-23 14:32:01 UTC,2026-05-23 14:31:49 UTC,2026-05-23 14:31:21 UTC,2026-05-23 14:30:24 UTC,2026-05-23 14:29:49 UTC,2026-05-23 14:29:30 UTC,2026-05-23 14:37:31 UTC,2026-05-23 14:37:31 UTC,2026-05-23 14:36:41 UTC,2026-05-23 14:35:25 UTC,end_normal
e9cea13bb6c3c61139330110ab905dd5,2026-06-22 07:29:09 UTC,2026-06-22 07:53:42 UTC,2026-06-22 07:29:55 UTC,3,4,4,4,4,NA,3,4,4,4,4,NA,option_2,option_1,option_1,option_2,option_2,9,moderaterne,3,2,1,2,sjaelland,kort_videre,1962,Kvinde,1943,2026-06-22 07:32:04 UTC,2026-06-22 07:31:53 UTC,2026-06-22 07:31:29 UTC,2026-06-22 07:31:08 UTC,2026-06-22 07:30:20 UTC,2026-06-22 07:30:12 UTC,2026-06-22 07:30:04 UTC,NA,2026-06-22 07:36:22 UTC,2026-06-22 07:35:45 UTC,2026-06-22 07:35:02 UTC,2026-06-22 07:34:31 UTC,2026-06-22 07:33:29 UTC,2026-06-22 07:32:20 UTC,2026-06-22 07:32:13 UTC,2026-06-22 07:38:27 UTC,2026-06-22 07:38:27 UTC,2026-06-22 07:38:26 UTC,2026-06-22 07:38:26 UTC,NA,2026-06-22 07:38:01 UTC,2026-06-22 07:37:59 UTC,2026-06-22 07:37:56 UTC,2026-06-22 07:37:43 UTC,2026-06-22 07:37:46 UTC,2026-06-22 07:36:24 UTC,2026-06-22 07:35:49 UTC,2026-06-22 07:35:05 UTC,2026-06-22 07:34:37 UTC,2026-06-22 07:33:32 UTC,2026-06-22 07:32:38 UTC,2026-06-22 07:32:22 UTC,2026-06-22 07:32:05 UTC,2026-06-22 07:30:22 UTC,2026-06-22 07:29:44 UTC,2026-06-22 07:29:09 UTC,2026-06-22 07:38:28 UTC,2026-06-22 07:38:29 UTC,2026-06-22 07:38:03 UTC,2026-06-22 07:36:27 UTC,end_normal
e9da180a4183d51111f7839e88656468,2026-05-23 18:16:08 UTC,2026-05-23 18:25:20 UTC,2026-05-23 18:16:21 UTC,4,4,3,4,3,NA,2,3,2,3,3,NA,option_1,option_1,option_2,option_2,option_2,7,sf,3,2,NA,3,midtjylland,grundskole,1956,Mand,1559,2026-05-23 18:17:45 UTC,2026-05-23 18:17:32 UTC,NA,2026-05-23 18:17:19 UTC,2026-05-23 18:16:56 UTC,2026-05-23 18:16:47 UTC,2026-05-23 18:16:37 UTC,NA,2026-05-23 18:23:31 UTC,2026-05-23 18:23:04 UTC,2026-05-23 18:22:36 UTC,2026-05-23 18:20:41 UTC,2026-05-23 18:20:05 UTC,2026-05-23 18:18:00 UTC,2026-05-23 18:17:55 UTC,2026-05-23 18:24:50 UTC,2026-05-23 18:24:49 UTC,2026-05-23 18:24:48 UTC,2026-05-23 18:24:48 UTC,NA,2026-05-23 18:24:26 UTC,2026-05-23 18:24:27 UTC,2026-05-23 18:24:27 UTC,2026-05-23 18:24:28 UTC,2026-05-23 18:24:34 UTC,2026-05-23 18:23:34 UTC,2026-05-23 18:23:05 UTC,2026-05-23 18:22:46 UTC,2026-05-23 18:20:54 UTC,2026-05-23 18:20:07 UTC,NA,2026-05-23 18:18:02 UTC,2026-05-23 18:17:46 UTC,2026-05-23 18:16:56 UTC,2026-05-23 18:16:17 UTC,2026-05-23 18:16:08 UTC,2026-05-23 18:24:51 UTC,2026-05-23 18:24:51 UTC,2026-05-23 18:24:36 UTC,2026-05-23 18:23:40 UTC,end_normal
ea0a8edbe18bbc660343c4f9f52ae599,2026-05-19 15:37:22 UTC,2026-05-19 15:48:24 UTC,2026-05-19 15:37:34 UTC,4,4,4,4,4,NA,4,4,4,5,4,NA,option_1,option_1,option_2,option_1,option_1,7,konservative,1,2,1,2,sjaelland,mellemlang_videre,1967,Mand,712,2026-05-19 15:38:51 UTC,2026-05-19 15:38:42 UTC,2026-05-19 15:38:30 UTC,2026-05-19 15:38:18 UTC,2026-05-19 15:37:59 UTC,2026-05-19 15:37:54 UTC,2026-05-19 15:37:47 UTC,NA,2026-05-19 15:41:51 UTC,2026-05-19 15:41:32 UTC,2026-05-19 15:41:15 UTC,2026-05-19 15:40:50 UTC,2026-05-19 15:40:16 UTC,2026-05-19 15:39:09 UTC,2026-05-19 15:39:01 UTC,2026-05-19 15:43:23 UTC,2026-05-19 15:43:18 UTC,2026-05-19 15:43:14 UTC,2026-05-19 15:43:10 UTC,NA,2026-05-19 15:42:54 UTC,2026-05-19 15:42:45 UTC,2026-05-19 15:42:38 UTC,2026-05-19 15:42:36 UTC,2026-05-19 15:42:33 UTC,2026-05-19 15:41:52 UTC,2026-05-19 15:41:33 UTC,2026-05-19 15:41:16 UTC,2026-05-19 15:40:51 UTC,2026-05-19 15:40:17 UTC,2026-05-19 15:39:33 UTC,2026-05-19 15:39:12 UTC,2026-05-19 15:38:53 UTC,2026-05-19 15:38:00 UTC,2026-05-19 15:37:29 UTC,2026-05-19 15:37:22 UTC,2026-05-19 15:43:24 UTC,2026-05-19 15:43:28 UTC,2026-05-19 15:42:55 UTC,2026-05-19 15:41:58 UTC,end_normal
eab46d953902d7892f4cbb6d7225ba49,2026-05-19 16:24:18 UTC,2026-05-19 16:28:58 UTC,2026-05-19 16:24:31 UTC,4,3,3,4,2,NA,4,3,4,3,3,NA,option_1,NA,option_2,option_2,option_2,1,borgernes_parti,NA,1,NA,1,sjaelland,erhvervsuddannelse,1982,Mand,221,NA,2026-05-19 16:25:09 UTC,NA,2026-05-19 16:24:58 UTC,2026-05-19 16:24:44 UTC,2026-05-19 16:24:42 UTC,2026-05-19 16:24:37 UTC,NA,2026-05-19 16:27:25 UTC,NA,2026-05-19 16:26:32 UTC,2026-05-19 16:26:18 UTC,2026-05-19 16:26:01 UTC,2026-05-19 16:25:25 UTC,2026-05-19 16:25:18 UTC,2026-05-19 16:28:10 UTC,2026-05-19 16:28:11 UTC,2026-05-19 16:28:08 UTC,2026-05-19 16:28:08 UTC,NA,2026-05-19 16:27:56 UTC,2026-05-19 16:27:56 UTC,2026-05-19 16:27:57 UTC,2026-05-19 16:27:58 UTC,2026-05-19 16:27:58 UTC,2026-05-19 16:27:26 UTC,2026-05-19 16:27:02 UTC,2026-05-19 16:26:39 UTC,2026-05-19 16:26:19 UTC,2026-05-19 16:26:05 UTC,2026-05-19 16:25:30 UTC,2026-05-19 16:25:26 UTC,2026-05-19 16:25:10 UTC,2026-05-19 16:24:46 UTC,2026-05-19 16:24:25 UTC,2026-05-19 16:24:18 UTC,2026-05-19 16:28:12 UTC,2026-05-19 16:28:13 UTC,2026-05-19 16:28:01 UTC,2026-05-19 16:27:30 UTC,end_normal
eac6abb938b135d0543ae4670affd2f2,2026-05-15 20:56:54 UTC,2026-05-15 21:16:39 UTC,2026-05-15 20:57:06 UTC,1,1,1,1,1,NA,2,3,3,3,3,NA,option_2,option_1,option_2,option_1,option_1,5,konservative,1,2,1,2,sjaelland,lang_videre,1991,Kvinde,411,2026-05-15 20:58:41 UTC,2026-05-15 20:58:13 UTC,2026-05-15 20:58:27 UTC,2026-05-15 20:58:15 UTC,2026-05-15 20:57:31 UTC,2026-05-15 20:57:23 UTC,2026-05-15 20:57:19 UTC,NA,2026-05-15 21:02:26 UTC,2026-05-15 21:01:58 UTC,2026-05-15 21:01:33 UTC,2026-05-15 21:00:53 UTC,2026-05-15 21:00:22 UTC,2026-05-15 20:59:02 UTC,2026-05-15 20:58:48 UTC,2026-05-15 21:03:51 UTC,2026-05-15 21:03:48 UTC,2026-05-15 21:03:49 UTC,2026-05-15 21:03:46 UTC,NA,2026-05-15 21:03:27 UTC,2026-05-15 21:03:20 UTC,2026-05-15 21:03:17 UTC,2026-05-15 21:03:12 UTC,2026-05-15 21:03:12 UTC,2026-05-15 21:02:34 UTC,2026-05-15 21:01:59 UTC,2026-05-15 21:01:35 UTC,2026-05-15 21:00:56 UTC,2026-05-15 21:00:24 UTC,2026-05-15 20:59:18 UTC,2026-05-15 20:59:04 UTC,2026-05-15 20:58:42 UTC,2026-05-15 20:57:33 UTC,2026-05-15 20:57:01 UTC,2026-05-15 20:56:54 UTC,2026-05-15 21:03:53 UTC,2026-05-15 21:03:54 UTC,2026-05-15 21:03:29 UTC,2026-05-15 21:02:44 UTC,end_normal
ead1f20bd28ab331a6c2fdd3be90e644,2026-05-23 20:05:05 UTC,2026-05-23 20:15:22 UTC,2026-05-23 20:05:45 UTC,2,3,3,2,3,NA,2,3,3,3,2,NA,option_1,option_2,option_2,option_2,option_1,7,venstre,1,2,1,2,sjaelland,mellemlang_videre,1966,Kvinde,356,2026-05-23 20:07:12 UTC,2026-05-23 20:06:55 UTC,2026-05-23 20:06:30 UTC,2026-05-23 20:06:15 UTC,2026-05-23 20:06:00 UTC,2026-05-23 20:05:56 UTC,2026-05-23 20:05:51 UTC,NA,2026-05-23 20:11:59 UTC,2026-05-23 20:11:21 UTC,2026-05-23 20:10:49 UTC,2026-05-23 20:10:16 UTC,2026-05-23 20:09:15 UTC,2026-05-23 20:07:29 UTC,2026-05-23 20:07:22 UTC,2026-05-23 20:14:45 UTC,2026-05-23 20:14:44 UTC,2026-05-23 20:14:22 UTC,2026-05-23 20:14:24 UTC,NA,2026-05-23 20:13:52 UTC,2026-05-23 20:13:45 UTC,2026-05-23 20:13:40 UTC,2026-05-23 20:13:36 UTC,2026-05-23 20:13:31 UTC,2026-05-23 20:12:02 UTC,2026-05-23 20:11:23 UTC,2026-05-23 20:10:51 UTC,2026-05-23 20:10:21 UTC,2026-05-23 20:09:17 UTC,2026-05-23 20:08:00 UTC,2026-05-23 20:07:33 UTC,2026-05-23 20:07:12 UTC,2026-05-23 20:06:00 UTC,2026-05-23 20:05:41 UTC,2026-05-23 20:05:05 UTC,2026-05-23 20:14:41 UTC,2026-05-23 20:14:49 UTC,2026-05-23 20:13:53 UTC,2026-05-23 20:12:18 UTC,end_normal
eae19f6be99debb34c688551d6fb42ee,2026-05-12 17:47:12 UTC,2026-05-12 17:53:45 UTC,2026-05-12 17:47:36 UTC,1,1,1,1,1,NA,3,4,4,4,4,NA,option_1,option_2,option_1,option_1,option_1,5,venstre,3,2,1,2,midtjylland,lang_videre,1955,Kvinde,1190,2026-05-12 17:48:53 UTC,2026-05-12 17:48:38 UTC,2026-05-12 17:48:20 UTC,2026-05-12 17:48:11 UTC,2026-05-12 17:47:58 UTC,2026-05-12 17:47:50 UTC,2026-05-12 17:47:45 UTC,NA,2026-05-12 17:51:49 UTC,2026-05-12 17:51:26 UTC,2026-05-12 17:51:06 UTC,2026-05-12 17:50:45 UTC,2026-05-12 17:50:08 UTC,2026-05-12 17:49:22 UTC,2026-05-12 17:49:04 UTC,2026-05-12 17:53:06 UTC,2026-05-12 17:53:03 UTC,2026-05-12 17:53:01 UTC,2026-05-12 17:52:56 UTC,NA,2026-05-12 17:52:40 UTC,2026-05-12 17:52:37 UTC,2026-05-12 17:52:34 UTC,2026-05-12 17:52:30 UTC,2026-05-12 17:52:28 UTC,2026-05-12 17:51:52 UTC,2026-05-12 17:51:28 UTC,2026-05-12 17:51:08 UTC,2026-05-12 17:50:46 UTC,2026-05-12 17:50:09 UTC,2026-05-12 17:49:39 UTC,2026-05-12 17:49:24 UTC,2026-05-12 17:48:54 UTC,2026-05-12 17:48:00 UTC,2026-05-12 17:47:31 UTC,2026-05-12 17:47:12 UTC,2026-05-12 17:53:09 UTC,2026-05-12 17:53:12 UTC,2026-05-12 17:52:41 UTC,2026-05-12 17:52:04 UTC,end_normal
eaf0a8ad5e164f17d3bd8f002c5d3b1f,2026-06-21 17:20:07 UTC,2026-06-21 17:23:31 UTC,2026-06-21 17:20:18 UTC,5,4,4,4,4,NA,1,1,2,3,1,NA,option_2,option_1,option_2,option_1,option_1,2,liberal_alliance,NA,1,NA,1,nordjylland,lang_videre,1990,Mand,1186,NA,2026-06-21 17:20:38 UTC,NA,2026-06-21 17:20:34 UTC,2026-06-21 17:20:28 UTC,2026-06-21 17:20:26 UTC,2026-06-21 17:20:23 UTC,NA,2026-06-21 17:21:54 UTC,2026-06-21 17:21:45 UTC,2026-06-21 17:21:34 UTC,2026-06-21 17:21:18 UTC,2026-06-21 17:21:06 UTC,2026-06-21 17:20:50 UTC,2026-06-21 17:20:47 UTC,2026-06-21 17:22:46 UTC,2026-06-21 17:22:42 UTC,2026-06-21 17:22:39 UTC,2026-06-21 17:22:38 UTC,NA,2026-06-21 17:22:23 UTC,2026-06-21 17:22:22 UTC,2026-06-21 17:22:16 UTC,2026-06-21 17:22:13 UTC,2026-06-21 17:22:09 UTC,2026-06-21 17:21:56 UTC,2026-06-21 17:21:46 UTC,2026-06-21 17:21:35 UTC,2026-06-21 17:21:23 UTC,2026-06-21 17:21:08 UTC,2026-06-21 17:20:55 UTC,2026-06-21 17:20:52 UTC,2026-06-21 17:20:40 UTC,2026-06-21 17:20:29 UTC,2026-06-21 17:20:14 UTC,2026-06-21 17:20:07 UTC,2026-06-21 17:22:47 UTC,2026-06-21 17:22:49 UTC,2026-06-21 17:22:29 UTC,2026-06-21 17:21:59 UTC,end_normal
eb090a639a7035fe7baf25e2372c7f5a,2026-05-20 03:33:13 UTC,2026-05-20 03:35:48 UTC,2026-05-20 03:33:27 UTC,NA,NA,NA,NA,NA,NA,NA,NA,NA,NA,NA,NA,NA,NA,NA,NA,NA,2,konservative,NA,1,NA,1,sjaelland,mellemlang_videre,1981,Mand,1282,NA,2026-05-20 03:34:03 UTC,NA,2026-05-20 03:34:09 UTC,2026-05-20 03:33:41 UTC,2026-05-20 03:33:38 UTC,2026-05-20 03:33:32 UTC,NA,NA,NA,NA,NA,NA,2026-05-20 03:34:21 UTC,2026-05-20 03:34:17 UTC,NA,NA,NA,NA,NA,NA,NA,NA,NA,NA,NA,NA,NA,NA,NA,2026-05-20 03:34:26 UTC,2026-05-20 03:34:22 UTC,2026-05-20 03:34:11 UTC,2026-05-20 03:33:41 UTC,2026-05-20 03:33:19 UTC,2026-05-20 03:33:13 UTC,NA,NA,NA,NA,cbc_q1_page
ebc20648542de15decd02a37c1a7e7de,2026-06-20 15:12:13 UTC,2026-06-20 15:19:14 UTC,2026-06-20 15:12:24 UTC,2,3,2,2,2,NA,2,1,2,2,2,NA,option_1,option_1,option_2,option_1,option_1,9,sf,3,2,NA,3,syddanmark,mellemlang_videre,1965,Mand,1486,2026-06-20 15:13:41 UTC,2026-06-20 15:13:23 UTC,NA,2026-06-20 15:13:10 UTC,2026-06-20 15:12:50 UTC,2026-06-20 15:12:45 UTC,2026-06-20 15:12:34 UTC,NA,2026-06-20 15:16:39 UTC,2026-06-20 15:16:19 UTC,2026-06-20 15:15:44 UTC,2026-06-20 15:15:16 UTC,2026-06-20 15:14:35 UTC,2026-06-20 15:14:02 UTC,2026-06-20 15:13:56 UTC,2026-06-20 15:18:44 UTC,2026-06-20 15:18:40 UTC,2026-06-20 15:18:37 UTC,2026-06-20 15:18:34 UTC,NA,2026-06-20 15:17:52 UTC,2026-06-20 15:17:45 UTC,2026-06-20 15:17:40 UTC,2026-06-20 15:17:31 UTC,2026-06-20 15:17:16 UTC,2026-06-20 15:16:40 UTC,2026-06-20 15:16:23 UTC,2026-06-20 15:15:44 UTC,2026-06-20 15:15:17 UTC,2026-06-20 15:14:36 UTC,2026-06-20 15:14:08 UTC,2026-06-20 15:14:03 UTC,2026-06-20 15:13:42 UTC,2026-06-20 15:12:52 UTC,2026-06-20 15:12:19 UTC,2026-06-20 15:12:13 UTC,2026-06-20 15:18:46 UTC,2026-06-20 15:18:49 UTC,2026-06-20 15:17:52 UTC,2026-06-20 15:16:44 UTC,end_normal
ebd8801e7c61ac8a9af86c9e990bb7f1,2026-06-20 06:09:20 UTC,2026-06-20 06:15:10 UTC,2026-06-20 06:09:34 UTC,3,3,3,3,2,NA,3,3,3,3,2,NA,option_1,option_2,option_1,option_1,option_1,8,radikale,3,2,NA,3,syddanmark,lang_videre,1989,Kvinde,1819,2026-06-20 06:10:25 UTC,2026-06-20 06:10:07 UTC,NA,2026-06-20 06:10:02 UTC,2026-06-20 06:09:46 UTC,2026-06-20 06:09:44 UTC,2026-06-20 06:09:38 UTC,NA,2026-06-20 06:12:37 UTC,2026-06-20 06:12:18 UTC,2026-06-20 06:11:55 UTC,2026-06-20 06:11:35 UTC,2026-06-20 06:11:18 UTC,2026-06-20 06:10:38 UTC,2026-06-20 06:10:36 UTC,2026-06-20 06:13:49 UTC,2026-06-20 06:13:48 UTC,2026-06-20 06:13:46 UTC,2026-06-20 06:13:44 UTC,NA,2026-06-20 06:13:33 UTC,2026-06-20 06:13:31 UTC,2026-06-20 06:13:29 UTC,2026-06-20 06:13:26 UTC,2026-06-20 06:13:19 UTC,2026-06-20 06:12:37 UTC,2026-06-20 06:12:18 UTC,2026-06-20 06:11:55 UTC,2026-06-20 06:11:36 UTC,2026-06-20 06:11:19 UTC,2026-06-20 06:10:48 UTC,2026-06-20 06:10:39 UTC,2026-06-20 06:10:26 UTC,2026-06-20 06:09:47 UTC,2026-06-20 06:09:30 UTC,2026-06-20 06:09:20 UTC,2026-06-20 06:13:49 UTC,2026-06-20 06:13:52 UTC,2026-06-20 06:13:33 UTC,2026-06-20 06:12:44 UTC,end_normal
ec87ad9a236a94445fafce882809f948,2026-05-23 10:12:33 UTC,2026-05-23 10:19:46 UTC,2026-05-23 10:13:03 UTC,5,5,5,5,5,NA,2,3,2,3,2,NA,option_2,option_2,option_2,option_1,option_1,6,radikale,3,2,3,2,midtjylland,mellemlang_videre,2001,Kvinde,689,2026-05-23 10:14:31 UTC,2026-05-23 10:14:01 UTC,2026-05-23 10:13:48 UTC,2026-05-23 10:13:37 UTC,2026-05-23 10:13:26 UTC,2026-05-23 10:13:21 UTC,2026-05-23 10:13:07 UTC,NA,2026-05-23 10:17:59 UTC,2026-05-23 10:17:25 UTC,2026-05-23 10:16:56 UTC,2026-05-23 10:16:01 UTC,2026-05-23 10:15:36 UTC,2026-05-23 10:14:46 UTC,2026-05-23 10:14:40 UTC,2026-05-23 10:19:15 UTC,2026-05-23 10:19:11 UTC,2026-05-23 10:19:07 UTC,2026-05-23 10:19:06 UTC,NA,2026-05-23 10:18:38 UTC,2026-05-23 10:18:33 UTC,2026-05-23 10:18:28 UTC,2026-05-23 10:18:25 UTC,2026-05-23 10:18:19 UTC,2026-05-23 10:18:02 UTC,2026-05-23 10:17:26 UTC,2026-05-23 10:16:57 UTC,2026-05-23 10:16:17 UTC,2026-05-23 10:15:37 UTC,2026-05-23 10:14:55 UTC,2026-05-23 10:14:47 UTC,2026-05-23 10:14:32 UTC,2026-05-23 10:13:27 UTC,2026-05-23 10:12:57 UTC,2026-05-23 10:12:33 UTC,2026-05-23 10:19:19 UTC,2026-05-23 10:19:23 UTC,2026-05-23 10:18:47 UTC,2026-05-23 10:18:07 UTC,end_normal
ec9ce9a6a5d1507fcf7cc7ced7e99cf1,2026-06-19 19:16:49 UTC,2026-06-19 19:23:16 UTC,2026-06-19 19:17:04 UTC,1,1,1,1,2,NA,1,1,1,1,2,NA,option_1,option_2,option_1,option_1,option_1,3,enhedslisten,NA,3,3,2,syddanmark,mellemlang_videre,1962,Mand,59,NA,2026-06-19 19:17:50 UTC,2026-06-19 19:18:06 UTC,2026-06-19 19:17:43 UTC,2026-06-19 19:17:28 UTC,2026-06-19 19:17:23 UTC,2026-06-19 19:17:12 UTC,NA,2026-06-19 19:21:18 UTC,2026-06-19 19:20:59 UTC,2026-06-19 19:20:31 UTC,2026-06-19 19:20:03 UTC,2026-06-19 19:19:36 UTC,2026-06-19 19:18:21 UTC,2026-06-19 19:18:36 UTC,2026-06-19 19:22:42 UTC,2026-06-19 19:22:41 UTC,2026-06-19 19:22:40 UTC,2026-06-19 19:22:37 UTC,NA,2026-06-19 19:22:17 UTC,2026-06-19 19:22:15 UTC,2026-06-19 19:22:12 UTC,2026-06-19 19:22:08 UTC,2026-06-19 19:22:02 UTC,2026-06-19 19:21:23 UTC,2026-06-19 19:21:02 UTC,2026-06-19 19:20:37 UTC,2026-06-19 19:20:06 UTC,2026-06-19 19:19:38 UTC,2026-06-19 19:18:56 UTC,2026-06-19 19:18:40 UTC,2026-06-19 19:18:08 UTC,2026-06-19 19:17:28 UTC,NA,2026-06-19 19:16:49 UTC,2026-06-19 19:22:43 UTC,2026-06-19 19:22:44 UTC,2026-06-19 19:22:18 UTC,2026-06-19 19:21:35 UTC,end_normal
eca10db3f9cf07a420f010b97ae572f0,2026-05-17 08:40:48 UTC,2026-05-17 08:49:18 UTC,2026-05-17 08:41:00 UTC,1,2,3,3,3,NA,1,2,3,3,5,NA,option_2,option_2,option_2,option_1,option_2,3,onsker_ikke,NA,1,NA,1,sjaelland,kort_videre,1960,Kvinde,836,NA,2026-05-17 08:42:15 UTC,NA,2026-05-17 08:41:35 UTC,2026-05-17 08:41:25 UTC,2026-05-17 08:41:22 UTC,2026-05-17 08:41:07 UTC,NA,2026-05-17 08:44:27 UTC,2026-05-17 08:44:11 UTC,2026-05-17 08:43:56 UTC,2026-05-17 08:43:24 UTC,2026-05-17 08:43:11 UTC,2026-05-17 08:42:27 UTC,2026-05-17 08:42:40 UTC,2026-05-17 08:45:30 UTC,2026-05-17 08:45:27 UTC,2026-05-17 08:45:23 UTC,2026-05-17 08:45:20 UTC,NA,2026-05-17 08:45:03 UTC,2026-05-17 08:45:00 UTC,2026-05-17 08:44:50 UTC,2026-05-17 08:44:51 UTC,2026-05-17 08:44:46 UTC,2026-05-17 08:44:30 UTC,2026-05-17 08:44:12 UTC,2026-05-17 08:43:57 UTC,2026-05-17 08:43:24 UTC,2026-05-17 08:43:11 UTC,2026-05-17 08:42:44 UTC,2026-05-17 08:42:41 UTC,2026-05-17 08:42:20 UTC,2026-05-17 08:41:26 UTC,2026-05-17 08:40:55 UTC,2026-05-17 08:40:48 UTC,2026-05-17 08:45:33 UTC,2026-05-17 08:45:34 UTC,2026-05-17 08:45:04 UTC,2026-05-17 08:44:33 UTC,end_normal
ed38d51579abe570188b9c91917ba62d,2026-06-19 21:00:52 UTC,2026-06-19 21:07:14 UTC,2026-06-19 21:01:07 UTC,4,4,4,5,5,NA,1,1,1,1,1,NA,option_1,option_1,NA,option_1,option_2,5,sf,NA,3,1,2,midtjylland,mellemlang_videre,1960,Kvinde,942,NA,2026-06-19 21:01:52 UTC,2026-06-19 21:02:11 UTC,2026-06-19 21:01:56 UTC,2026-06-19 21:01:24 UTC,2026-06-19 21:01:21 UTC,2026-06-19 21:01:15 UTC,NA,2026-06-19 21:05:35 UTC,2026-06-19 21:05:02 UTC,NA,2026-06-19 21:03:58 UTC,2026-06-19 21:03:20 UTC,2026-06-19 21:02:28 UTC,2026-06-19 21:02:21 UTC,2026-06-19 21:06:41 UTC,2026-06-19 21:06:39 UTC,2026-06-19 21:06:37 UTC,2026-06-19 21:06:34 UTC,NA,2026-06-19 21:06:18 UTC,2026-06-19 21:06:17 UTC,2026-06-19 21:06:15 UTC,2026-06-19 21:06:05 UTC,2026-06-19 21:06:02 UTC,2026-06-19 21:05:37 UTC,2026-06-19 21:05:04 UTC,2026-06-19 21:04:38 UTC,2026-06-19 21:03:59 UTC,2026-06-19 21:03:21 UTC,2026-06-19 21:02:36 UTC,2026-06-19 21:02:31 UTC,2026-06-19 21:02:14 UTC,2026-06-19 21:01:26 UTC,2026-06-19 21:01:02 UTC,2026-06-19 21:00:52 UTC,2026-06-19 21:06:42 UTC,2026-06-19 21:06:44 UTC,2026-06-19 21:06:19 UTC,2026-06-19 21:05:41 UTC,end_normal
ee45e0bf04e0663b3b3b22d5f2f50dae,2026-06-20 11:49:42 UTC,2026-06-20 11:56:58 UTC,2026-06-20 11:50:01 UTC,2,4,4,4,3,NA,1,2,3,2,2,NA,option_1,option_2,option_1,option_2,option_2,7,socialdemokratiet,1,2,NA,1,syddanmark,erhvervsuddannelse,1984,Kvinde,673,2026-06-20 11:50:51 UTC,2026-06-20 11:50:35 UTC,NA,2026-06-20 11:50:21 UTC,2026-06-20 11:50:14 UTC,2026-06-20 11:50:08 UTC,2026-06-20 11:50:05 UTC,NA,2026-06-20 11:54:35 UTC,2026-06-20 11:54:11 UTC,2026-06-20 11:53:48 UTC,2026-06-20 11:52:57 UTC,2026-06-20 11:52:27 UTC,2026-06-20 11:51:07 UTC,2026-06-20 11:50:59 UTC,2026-06-20 11:56:11 UTC,2026-06-20 11:56:07 UTC,2026-06-20 11:56:04 UTC,2026-06-20 11:56:00 UTC,NA,2026-06-20 11:55:41 UTC,2026-06-20 11:55:34 UTC,2026-06-20 11:55:21 UTC,2026-06-20 11:55:11 UTC,2026-06-20 11:55:08 UTC,2026-06-20 11:54:36 UTC,2026-06-20 11:54:11 UTC,2026-06-20 11:53:51 UTC,2026-06-20 11:52:59 UTC,2026-06-20 11:52:29 UTC,2026-06-20 11:51:13 UTC,2026-06-20 11:51:09 UTC,2026-06-20 11:50:51 UTC,2026-06-20 11:50:14 UTC,2026-06-20 11:50:00 UTC,2026-06-20 11:49:42 UTC,2026-06-20 11:56:20 UTC,2026-06-20 11:56:20 UTC,2026-06-20 11:55:45 UTC,2026-06-20 11:54:45 UTC,end_normal
ee4e3f73ae5e7fc66095b97f70e23067,2026-05-23 16:27:15 UTC,2026-05-23 16:33:44 UTC,2026-05-23 16:27:27 UTC,NA,NA,NA,NA,NA,NA,NA,NA,NA,NA,NA,NA,option_1,option_1,option_2,option_2,option_2,7,radikale,3,2,3,2,midtjylland,mellemlang_videre,2000,Kvinde,703,2026-05-23 16:28:45 UTC,2026-05-23 16:28:40 UTC,2026-05-23 16:28:31 UTC,2026-05-23 16:28:24 UTC,2026-05-23 16:28:01 UTC,2026-05-23 16:27:56 UTC,2026-05-23 16:27:31 UTC,NA,2026-05-23 16:32:17 UTC,2026-05-23 16:31:14 UTC,2026-05-23 16:30:41 UTC,2026-05-23 16:30:12 UTC,2026-05-23 16:30:05 UTC,2026-05-23 16:29:06 UTC,2026-05-23 16:28:57 UTC,NA,NA,NA,NA,NA,NA,NA,NA,NA,NA,2026-05-23 16:32:26 UTC,2026-05-23 16:31:15 UTC,2026-05-23 16:30:44 UTC,2026-05-23 16:30:12 UTC,2026-05-23 16:30:06 UTC,2026-05-23 16:29:13 UTC,2026-05-23 16:29:08 UTC,2026-05-23 16:28:52 UTC,2026-05-23 16:28:02 UTC,2026-05-23 16:27:23 UTC,2026-05-23 16:27:15 UTC,NA,NA,NA,2026-05-23 16:32:34 UTC,single_profile_1
eeac71a5773cecdf88a9048c0cef89f4,2026-06-19 18:50:24 UTC,2026-06-19 19:16:44 UTC,2026-06-19 18:50:38 UTC,4,4,4,4,5,NA,2,1,4,3,1,NA,option_1,option_2,option_1,option_1,option_2,8,sf,NA,3,NA,1,midtjylland,erhvervsuddannelse,1960,Kvinde,640,NA,2026-06-19 18:51:32 UTC,NA,2026-06-19 18:51:21 UTC,2026-06-19 18:51:00 UTC,2026-06-19 18:50:56 UTC,2026-06-19 18:50:50 UTC,NA,2026-06-19 18:55:15 UTC,2026-06-19 18:54:50 UTC,2026-06-19 18:54:35 UTC,2026-06-19 18:53:49 UTC,2026-06-19 18:53:13 UTC,2026-06-19 18:51:55 UTC,2026-06-19 18:51:42 UTC,2026-06-19 18:57:19 UTC,2026-06-19 18:57:16 UTC,2026-06-19 18:57:12 UTC,2026-06-19 18:57:03 UTC,NA,2026-06-19 18:56:35 UTC,2026-06-19 18:56:27 UTC,2026-06-19 18:56:21 UTC,2026-06-19 18:56:16 UTC,2026-06-19 18:55:57 UTC,2026-06-19 18:55:15 UTC,2026-06-19 18:54:52 UTC,2026-06-19 18:54:36 UTC,2026-06-19 18:53:50 UTC,2026-06-19 18:53:13 UTC,2026-06-19 18:52:08 UTC,2026-06-19 18:51:55 UTC,2026-06-19 18:51:33 UTC,NA,2026-06-19 18:50:34 UTC,2026-06-19 18:50:24 UTC,2026-06-19 18:57:21 UTC,2026-06-19 18:57:23 UTC,2026-06-19 18:56:36 UTC,2026-06-19 18:55:29 UTC,end_normal
ef9ecafa074f24a98ea23dbdeb05116b,2026-06-19 20:10:28 UTC,2026-06-19 20:14:34 UTC,2026-06-19 20:10:39 UTC,NA,NA,NA,NA,NA,NA,NA,NA,NA,NA,NA,NA,NA,NA,NA,NA,NA,7,sf,NA,3,NA,3,syddanmark,grundskole,1992,Mand,62,NA,2026-06-19 20:11:10 UTC,NA,2026-06-19 20:11:02 UTC,2026-06-19 20:10:55 UTC,2026-06-19 20:10:48 UTC,2026-06-19 20:10:46 UTC,NA,NA,NA,NA,NA,NA,2026-06-19 20:11:23 UTC,2026-06-19 20:11:19 UTC,NA,NA,NA,NA,NA,NA,NA,NA,NA,NA,NA,NA,NA,NA,NA,2026-06-19 20:11:30 UTC,2026-06-19 20:11:27 UTC,2026-06-19 20:11:16 UTC,2026-06-19 20:10:56 UTC,2026-06-19 20:10:34 UTC,2026-06-19 20:10:28 UTC,NA,NA,NA,NA,cbc_q1_page
eff0730723b54d05e617a631c152409c,2026-05-14 19:29:39 UTC,2026-05-14 19:34:06 UTC,2026-05-14 19:29:50 UTC,1,1,1,1,1,NA,1,1,1,1,1,NA,option_2,option_1,option_2,option_1,option_1,3,alternativet,1,2,NA,1,syddanmark,lang_videre,1997,Kvinde,688,2026-05-14 19:30:48 UTC,2026-05-14 19:30:32 UTC,NA,2026-05-14 19:30:12 UTC,2026-05-14 19:30:01 UTC,2026-05-14 19:29:58 UTC,2026-05-14 19:29:54 UTC,NA,2026-05-14 19:32:42 UTC,2026-05-14 19:32:25 UTC,2026-05-14 19:32:07 UTC,2026-05-14 19:31:46 UTC,2026-05-14 19:31:29 UTC,2026-05-14 19:30:59 UTC,2026-05-14 19:30:55 UTC,2026-05-14 19:33:45 UTC,2026-05-14 19:33:44 UTC,2026-05-14 19:33:43 UTC,2026-05-14 19:33:43 UTC,NA,2026-05-14 19:33:25 UTC,2026-05-14 19:33:23 UTC,2026-05-14 19:33:21 UTC,2026-05-14 19:33:20 UTC,2026-05-14 19:33:18 UTC,2026-05-14 19:32:45 UTC,2026-05-14 19:32:26 UTC,2026-05-14 19:32:08 UTC,2026-05-14 19:31:48 UTC,2026-05-14 19:31:31 UTC,2026-05-14 19:31:03 UTC,2026-05-14 19:31:00 UTC,2026-05-14 19:30:49 UTC,2026-05-14 19:30:01 UTC,2026-05-14 19:29:47 UTC,2026-05-14 19:29:39 UTC,2026-05-14 19:33:45 UTC,2026-05-14 19:33:46 UTC,2026-05-14 19:33:26 UTC,2026-05-14 19:32:48 UTC,end_normal
f00be576208a7971153bd7c574464c26,2026-05-23 11:49:37 UTC,2026-05-23 11:56:20 UTC,2026-05-23 11:50:09 UTC,2,2,2,3,2,NA,3,3,3,4,3,NA,option_2,option_2,option_2,option_1,option_2,7,socialdemokratiet,NA,3,1,2,midtjylland,erhvervsuddannelse,1980,Kvinde,1901,NA,2026-05-23 11:51:01 UTC,2026-05-23 11:50:53 UTC,2026-05-23 11:50:48 UTC,2026-05-23 11:50:30 UTC,2026-05-23 11:50:18 UTC,2026-05-23 11:50:14 UTC,NA,2026-05-23 11:54:12 UTC,2026-05-23 11:53:57 UTC,2026-05-23 11:53:02 UTC,2026-05-23 11:52:35 UTC,2026-05-23 11:52:03 UTC,2026-05-23 11:51:17 UTC,2026-05-23 11:51:08 UTC,2026-05-23 11:55:28 UTC,2026-05-23 11:55:26 UTC,2026-05-23 11:55:20 UTC,2026-05-23 11:55:16 UTC,NA,2026-05-23 11:54:59 UTC,2026-05-23 11:54:57 UTC,2026-05-23 11:54:55 UTC,2026-05-23 11:54:51 UTC,2026-05-23 11:54:52 UTC,2026-05-23 11:54:14 UTC,2026-05-23 11:53:57 UTC,2026-05-23 11:53:03 UTC,2026-05-23 11:52:37 UTC,2026-05-23 11:52:05 UTC,2026-05-23 11:51:32 UTC,2026-05-23 11:51:17 UTC,2026-05-23 11:51:02 UTC,2026-05-23 11:50:30 UTC,2026-05-23 11:50:03 UTC,2026-05-23 11:49:37 UTC,2026-05-23 11:55:33 UTC,2026-05-23 11:55:41 UTC,2026-05-23 11:55:01 UTC,2026-05-23 11:54:24 UTC,end_normal
f00d0dd96b906d2a5587b61869247061,2026-05-24 06:17:49 UTC,2026-05-24 06:26:24 UTC,2026-05-24 06:18:23 UTC,2,3,3,3,3,NA,2,2,3,4,3,NA,option_2,option_2,option_1,option_2,option_1,5,sf,3,2,NA,3,midtjylland,mellemlang_videre,1958,Kvinde,1702,2026-05-24 06:19:27 UTC,2026-05-24 06:19:20 UTC,NA,2026-05-24 06:19:03 UTC,2026-05-24 06:18:48 UTC,2026-05-24 06:18:44 UTC,2026-05-24 06:18:36 UTC,NA,2026-05-24 06:22:57 UTC,2026-05-24 06:22:03 UTC,2026-05-24 06:21:36 UTC,2026-05-24 06:21:07 UTC,2026-05-24 06:20:37 UTC,2026-05-24 06:19:47 UTC,2026-05-24 06:19:39 UTC,2026-05-24 06:25:58 UTC,2026-05-24 06:25:54 UTC,2026-05-24 06:25:53 UTC,2026-05-24 06:25:45 UTC,NA,2026-05-24 06:25:28 UTC,2026-05-24 06:25:17 UTC,2026-05-24 06:25:13 UTC,2026-05-24 06:24:58 UTC,2026-05-24 06:25:20 UTC,2026-05-24 06:22:58 UTC,2026-05-24 06:22:04 UTC,2026-05-24 06:21:36 UTC,2026-05-24 06:21:09 UTC,2026-05-24 06:20:38 UTC,2026-05-24 06:20:09 UTC,2026-05-24 06:19:51 UTC,2026-05-24 06:19:30 UTC,2026-05-24 06:18:50 UTC,2026-05-24 06:18:17 UTC,2026-05-24 06:17:49 UTC,2026-05-24 06:25:59 UTC,2026-05-24 06:26:00 UTC,2026-05-24 06:25:29 UTC,2026-05-24 06:23:12 UTC,end_normal
f0110354803058b5caf64e2bb11d7964,2026-05-17 17:08:13 UTC,2026-05-17 17:11:25 UTC,2026-05-17 17:08:24 UTC,NA,NA,NA,NA,NA,NA,NA,NA,NA,NA,NA,NA,NA,NA,NA,NA,option_1,4,sf,NA,1,NA,3,midtjylland,erhvervsuddannelse,1993,Mand,953,NA,2026-05-17 17:09:16 UTC,NA,2026-05-17 17:08:53 UTC,2026-05-17 17:08:37 UTC,2026-05-17 17:08:34 UTC,2026-05-17 17:08:29 UTC,NA,NA,NA,NA,NA,2026-05-17 17:10:31 UTC,2026-05-17 17:09:27 UTC,2026-05-17 17:09:51 UTC,NA,NA,NA,NA,NA,NA,NA,NA,NA,NA,NA,NA,NA,NA,2026-05-17 17:10:32 UTC,2026-05-17 17:09:55 UTC,2026-05-17 17:09:52 UTC,2026-05-17 17:09:17 UTC,2026-05-17 17:08:38 UTC,2026-05-17 17:08:20 UTC,2026-05-17 17:08:13 UTC,NA,NA,NA,NA,cbc_q2_page
f0180c9cdb9bd2c9170b439186cadc63,2026-06-19 19:32:08 UTC,2026-06-19 19:39:24 UTC,2026-06-19 19:32:19 UTC,3,4,3,3,4,NA,2,2,3,3,2,NA,option_1,option_2,option_2,option_2,option_1,3,enhedslisten,NA,3,NA,3,syddanmark,mellemlang_videre,1990,Kvinde,1033,NA,2026-06-19 19:33:14 UTC,NA,2026-06-19 19:33:05 UTC,2026-06-19 19:32:34 UTC,2026-06-19 19:32:27 UTC,2026-06-19 19:32:23 UTC,NA,2026-06-19 19:36:17 UTC,2026-06-19 19:35:50 UTC,2026-06-19 19:35:23 UTC,2026-06-19 19:34:58 UTC,2026-06-19 19:34:29 UTC,2026-06-19 19:33:30 UTC,2026-06-19 19:33:22 UTC,2026-06-19 19:38:39 UTC,2026-06-19 19:38:52 UTC,2026-06-19 19:38:26 UTC,2026-06-19 19:38:18 UTC,NA,2026-06-19 19:38:00 UTC,2026-06-19 19:37:56 UTC,2026-06-19 19:37:50 UTC,2026-06-19 19:37:46 UTC,2026-06-19 19:38:02 UTC,NA,2026-06-19 19:35:52 UTC,2026-06-19 19:35:26 UTC,2026-06-19 19:35:01 UTC,2026-06-19 19:34:36 UTC,NA,2026-06-19 19:33:32 UTC,2026-06-19 19:33:14 UTC,2026-06-19 19:32:36 UTC,2026-06-19 19:32:15 UTC,2026-06-19 19:32:08 UTC,2026-06-19 19:38:50 UTC,2026-06-19 19:38:54 UTC,2026-06-19 19:38:05 UTC,2026-06-19 19:36:28 UTC,end_normal
f0cccc5bb31ea1cf57ead4c7e9dafd39,2026-05-17 13:16:20 UTC,2026-05-17 13:18:24 UTC,2026-05-17 13:16:30 UTC,NA,NA,NA,NA,NA,NA,NA,NA,NA,NA,NA,NA,NA,NA,NA,NA,NA,10,enhedslisten,NA,3,NA,3,syddanmark,erhvervsuddannelse,1963,Mand,1993,NA,2026-05-17 13:16:57 UTC,NA,2026-05-17 13:16:52 UTC,2026-05-17 13:16:43 UTC,2026-05-17 13:16:40 UTC,2026-05-17 13:16:37 UTC,NA,NA,NA,NA,NA,NA,2026-05-17 13:17:24 UTC,2026-05-17 13:17:15 UTC,NA,NA,NA,NA,NA,NA,NA,NA,NA,NA,NA,NA,NA,NA,NA,2026-05-17 13:17:32 UTC,2026-05-17 13:17:25 UTC,2026-05-17 13:16:59 UTC,2026-05-17 13:16:46 UTC,2026-05-17 13:16:26 UTC,2026-05-17 13:16:20 UTC,NA,NA,NA,NA,cbc_q1_page
f178b7c0f233d7dc41f894778401c8d7,2026-06-18 21:33:52 UTC,2026-06-18 21:38:45 UTC,2026-06-18 21:34:07 UTC,1,1,1,1,1,NA,1,3,3,2,3,NA,option_1,option_1,option_1,option_1,option_1,4,stemte_ikke,NA,3,NA,1,midtjylland,anden,1963,Kvinde,832,NA,2026-06-18 21:34:45 UTC,NA,2026-06-18 21:34:39 UTC,2026-06-18 21:34:27 UTC,2026-06-18 21:34:25 UTC,2026-06-18 21:34:20 UTC,NA,2026-06-18 21:37:22 UTC,2026-06-18 21:37:04 UTC,2026-06-18 21:36:42 UTC,2026-06-18 21:36:20 UTC,2026-06-18 21:35:49 UTC,2026-06-18 21:35:04 UTC,2026-06-18 21:34:58 UTC,2026-06-18 21:38:18 UTC,2026-06-18 21:38:17 UTC,2026-06-18 21:38:15 UTC,2026-06-18 21:38:13 UTC,NA,2026-06-18 21:38:00 UTC,2026-06-18 21:37:58 UTC,2026-06-18 21:37:51 UTC,2026-06-18 21:37:54 UTC,2026-06-18 21:37:44 UTC,2026-06-18 21:37:23 UTC,2026-06-18 21:37:05 UTC,2026-06-18 21:36:44 UTC,2026-06-18 21:36:21 UTC,2026-06-18 21:35:57 UTC,2026-06-18 21:35:09 UTC,2026-06-18 21:35:05 UTC,2026-06-18 21:34:46 UTC,2026-06-18 21:34:29 UTC,2026-06-18 21:34:00 UTC,2026-06-18 21:33:52 UTC,2026-06-18 21:38:19 UTC,2026-06-18 21:38:20 UTC,2026-06-18 21:38:00 UTC,2026-06-18 21:37:28 UTC,end_normal
f18b471b5a0db504c246c3f577286c45,2026-05-17 17:34:26 UTC,2026-05-17 18:24:51 UTC,2026-05-17 17:34:38 UTC,4,3,4,4,3,NA,4,4,4,4,4,NA,option_2,option_1,option_1,option_2,option_1,8,enhedslisten,NA,3,NA,3,hovedstaden,lang_videre,1999,Kvinde,1707,NA,2026-05-17 17:35:02 UTC,NA,2026-05-17 17:34:57 UTC,2026-05-17 17:34:46 UTC,2026-05-17 17:34:43 UTC,2026-05-17 17:34:40 UTC,NA,2026-05-17 17:37:23 UTC,2026-05-17 17:37:05 UTC,2026-05-17 17:36:23 UTC,2026-05-17 17:35:59 UTC,2026-05-17 17:35:35 UTC,2026-05-17 17:35:13 UTC,2026-05-17 17:35:10 UTC,2026-05-17 17:38:43 UTC,2026-05-17 17:38:39 UTC,2026-05-17 17:38:36 UTC,2026-05-17 17:38:34 UTC,NA,2026-05-17 17:38:17 UTC,2026-05-17 17:38:06 UTC,2026-05-17 17:37:59 UTC,2026-05-17 17:37:52 UTC,2026-05-17 17:37:51 UTC,2026-05-17 17:37:23 UTC,2026-05-17 17:37:06 UTC,2026-05-17 17:36:24 UTC,2026-05-17 17:36:00 UTC,2026-05-17 17:35:36 UTC,2026-05-17 17:35:18 UTC,2026-05-17 17:35:14 UTC,2026-05-17 17:35:03 UTC,2026-05-17 17:34:47 UTC,2026-05-17 17:34:34 UTC,2026-05-17 17:34:26 UTC,2026-05-17 17:38:44 UTC,2026-05-17 17:38:45 UTC,2026-05-17 17:38:18 UTC,2026-05-17 17:37:31 UTC,end_normal
f1f806ccd8d229ac21b4e84699c705ce,2026-05-13 16:07:04 UTC,2026-05-13 16:14:24 UTC,2026-05-13 16:07:44 UTC,3,3,3,3,3,NA,3,3,3,3,2,NA,option_2,option_2,option_1,option_1,option_1,5,moderaterne,3,2,NA,1,midtjylland,mellemlang_videre,1969,Kvinde,326,2026-05-13 16:08:58 UTC,2026-05-13 16:08:47 UTC,NA,2026-05-13 16:08:36 UTC,2026-05-13 16:08:21 UTC,2026-05-13 16:08:14 UTC,2026-05-13 16:08:03 UTC,NA,2026-05-13 16:11:50 UTC,2026-05-13 16:11:34 UTC,2026-05-13 16:10:59 UTC,2026-05-13 16:10:34 UTC,2026-05-13 16:10:15 UTC,2026-05-13 16:09:31 UTC,2026-05-13 16:09:21 UTC,2026-05-13 16:13:36 UTC,2026-05-13 16:13:33 UTC,2026-05-13 16:13:31 UTC,2026-05-13 16:13:27 UTC,NA,2026-05-13 16:12:55 UTC,2026-05-13 16:12:50 UTC,2026-05-13 16:13:14 UTC,2026-05-13 16:12:46 UTC,2026-05-13 16:12:37 UTC,2026-05-13 16:11:58 UTC,2026-05-13 16:11:36 UTC,2026-05-13 16:11:01 UTC,2026-05-13 16:10:38 UTC,2026-05-13 16:10:17 UTC,2026-05-13 16:09:52 UTC,2026-05-13 16:09:36 UTC,2026-05-13 16:09:01 UTC,2026-05-13 16:08:24 UTC,2026-05-13 16:07:37 UTC,2026-05-13 16:07:04 UTC,2026-05-13 16:13:38 UTC,2026-05-13 16:13:39 UTC,2026-05-13 16:13:16 UTC,2026-05-13 16:12:11 UTC,end_normal
f2016f9ba7b930e7471af5ff89871ba4,2026-05-17 18:31:40 UTC,2026-05-17 18:34:28 UTC,2026-05-17 18:31:52 UTC,NA,NA,NA,NA,NA,NA,NA,NA,NA,NA,NA,NA,NA,NA,NA,option_1,option_1,6,socialdemokratiet,3,2,NA,1,midtjylland,erhvervsuddannelse,1962,Kvinde,245,2026-05-17 18:32:45 UTC,2026-05-17 18:32:35 UTC,NA,2026-05-17 18:32:22 UTC,2026-05-17 18:32:11 UTC,2026-05-17 18:32:09 UTC,2026-05-17 18:32:02 UTC,NA,NA,NA,NA,2026-05-17 18:34:07 UTC,2026-05-17 18:33:52 UTC,2026-05-17 18:33:07 UTC,2026-05-17 18:32:58 UTC,NA,NA,NA,NA,NA,NA,NA,NA,NA,NA,NA,NA,NA,2026-05-17 18:34:08 UTC,2026-05-17 18:33:52 UTC,2026-05-17 18:33:19 UTC,2026-05-17 18:33:08 UTC,2026-05-17 18:32:48 UTC,2026-05-17 18:32:12 UTC,2026-05-17 18:31:48 UTC,2026-05-17 18:31:40 UTC,NA,NA,NA,NA,cbc_q3_page
f21cae1a970919aad715ba174707c88d,2026-05-12 18:29:25 UTC,2026-05-12 18:36:47 UTC,2026-05-12 18:29:38 UTC,2,4,3,3,3,NA,4,4,4,4,3,NA,option_2,option_1,option_1,option_1,option_1,5,sf,NA,3,NA,1,midtjylland,erhvervsuddannelse,1971,Kvinde,779,NA,2026-05-12 18:30:36 UTC,NA,2026-05-12 18:30:20 UTC,2026-05-12 18:29:53 UTC,2026-05-12 18:29:48 UTC,2026-05-12 18:29:45 UTC,NA,2026-05-12 18:34:13 UTC,2026-05-12 18:33:31 UTC,2026-05-12 18:33:06 UTC,2026-05-12 18:32:39 UTC,2026-05-12 18:32:08 UTC,2026-05-12 18:31:01 UTC,2026-05-12 18:30:46 UTC,2026-05-12 18:35:44 UTC,2026-05-12 18:35:41 UTC,2026-05-12 18:35:36 UTC,2026-05-12 18:35:27 UTC,NA,2026-05-12 18:35:13 UTC,2026-05-12 18:35:09 UTC,2026-05-12 18:35:07 UTC,2026-05-12 18:35:04 UTC,2026-05-12 18:35:00 UTC,2026-05-12 18:34:17 UTC,2026-05-12 18:33:32 UTC,2026-05-12 18:33:07 UTC,2026-05-12 18:32:41 UTC,2026-05-12 18:32:11 UTC,2026-05-12 18:31:23 UTC,2026-05-12 18:31:01 UTC,2026-05-12 18:30:36 UTC,2026-05-12 18:29:54 UTC,2026-05-12 18:29:34 UTC,2026-05-12 18:29:25 UTC,2026-05-12 18:35:48 UTC,2026-05-12 18:35:48 UTC,2026-05-12 18:35:13 UTC,2026-05-12 18:34:35 UTC,end_normal
f2535a47f499b4d748faf44c7df66744,2026-05-19 21:29:38 UTC,2026-05-19 21:40:59 UTC,2026-05-19 21:30:22 UTC,4,4,4,4,4,NA,1,1,1,1,1,NA,option_1,option_1,option_1,option_2,option_1,5,moderaterne,3,2,NA,3,sjaelland,gymnasial,1959,Kvinde,679,2026-05-19 21:31:53 UTC,2026-05-19 21:31:22 UTC,NA,2026-05-19 21:31:09 UTC,2026-05-19 21:30:47 UTC,2026-05-19 21:30:43 UTC,2026-05-19 21:30:37 UTC,NA,2026-05-19 21:38:17 UTC,2026-05-19 21:37:37 UTC,2026-05-19 21:36:46 UTC,2026-05-19 21:35:51 UTC,2026-05-19 21:34:52 UTC,2026-05-19 21:33:36 UTC,2026-05-19 21:33:22 UTC,2026-05-19 21:40:25 UTC,2026-05-19 21:40:23 UTC,2026-05-19 21:40:19 UTC,2026-05-19 21:40:14 UTC,NA,2026-05-19 21:39:38 UTC,2026-05-19 21:39:34 UTC,2026-05-19 21:39:34 UTC,2026-05-19 21:39:33 UTC,2026-05-19 21:39:32 UTC,2026-05-19 21:38:19 UTC,2026-05-19 21:37:38 UTC,2026-05-19 21:36:52 UTC,2026-05-19 21:35:52 UTC,2026-05-19 21:34:54 UTC,2026-05-19 21:34:04 UTC,2026-05-19 21:33:37 UTC,2026-05-19 21:31:54 UTC,2026-05-19 21:30:50 UTC,2026-05-19 21:30:11 UTC,2026-05-19 21:29:38 UTC,2026-05-19 21:40:26 UTC,2026-05-19 21:40:27 UTC,2026-05-19 21:39:39 UTC,2026-05-19 21:38:33 UTC,end_normal
f258bb9436ce16688ad1add32f7edca9,2026-06-20 02:05:35 UTC,2026-06-20 02:11:49 UTC,2026-06-20 02:06:11 UTC,3,4,3,4,3,NA,4,4,4,4,4,NA,option_2,option_2,option_2,option_2,option_1,6,liberal_alliance,NA,1,NA,1,midtjylland,erhvervsuddannelse,2005,Mand,600,NA,2026-06-20 02:06:54 UTC,NA,2026-06-20 02:06:42 UTC,2026-06-20 02:06:28 UTC,2026-06-20 02:06:20 UTC,2026-06-20 02:06:16 UTC,NA,2026-06-20 02:09:49 UTC,2026-06-20 02:09:27 UTC,2026-06-20 02:09:03 UTC,2026-06-20 02:08:30 UTC,2026-06-20 02:07:56 UTC,2026-06-20 02:07:11 UTC,2026-06-20 02:07:04 UTC,2026-06-20 02:11:18 UTC,2026-06-20 02:11:15 UTC,2026-06-20 02:11:12 UTC,2026-06-20 02:11:08 UTC,NA,2026-06-20 02:10:38 UTC,2026-06-20 02:10:35 UTC,2026-06-20 02:10:28 UTC,2026-06-20 02:10:20 UTC,2026-06-20 02:10:11 UTC,2026-06-20 02:09:50 UTC,2026-06-20 02:09:27 UTC,2026-06-20 02:09:06 UTC,2026-06-20 02:08:31 UTC,2026-06-20 02:08:00 UTC,2026-06-20 02:07:26 UTC,2026-06-20 02:07:12 UTC,2026-06-20 02:06:57 UTC,2026-06-20 02:06:29 UTC,2026-06-20 02:06:06 UTC,2026-06-20 02:05:35 UTC,2026-06-20 02:11:21 UTC,2026-06-20 02:11:22 UTC,2026-06-20 02:10:40 UTC,2026-06-20 02:09:58 UTC,end_normal
f2c156f5092021a73775613f69e20689,2026-05-23 12:39:56 UTC,2026-05-23 12:42:20 UTC,2026-05-23 12:40:10 UTC,NA,NA,NA,NA,NA,NA,NA,NA,NA,NA,NA,NA,NA,NA,NA,NA,NA,8,socialdemokratiet,NA,3,NA,1,midtjylland,lang_videre,1956,Kvinde,762,NA,2026-05-23 12:41:24 UTC,NA,2026-05-23 12:41:16 UTC,2026-05-23 12:40:56 UTC,2026-05-23 12:40:35 UTC,2026-05-23 12:40:18 UTC,NA,NA,NA,NA,NA,NA,2026-05-23 12:41:48 UTC,2026-05-23 12:41:41 UTC,NA,NA,NA,NA,NA,NA,NA,NA,NA,NA,NA,NA,NA,NA,NA,NA,2026-05-23 12:41:51 UTC,2026-05-23 12:41:25 UTC,2026-05-23 12:40:58 UTC,2026-05-23 12:40:06 UTC,2026-05-23 12:39:56 UTC,NA,NA,NA,NA,cbc_intro
f33c1a39974c6a68ed3fb10a674ce975,2026-06-20 17:07:10 UTC,2026-06-20 17:13:55 UTC,2026-06-20 17:07:28 UTC,2,4,4,4,4,NA,2,2,2,3,1,NA,option_1,option_1,option_2,option_1,option_2,4,alternativet,NA,1,NA,1,syddanmark,lang_videre,1996,Kvinde,336,NA,2026-06-20 17:08:11 UTC,NA,2026-06-20 17:07:48 UTC,2026-06-20 17:07:38 UTC,2026-06-20 17:07:34 UTC,2026-06-20 17:07:30 UTC,NA,2026-06-20 17:11:35 UTC,2026-06-20 17:10:57 UTC,2026-06-20 17:10:35 UTC,2026-06-20 17:10:09 UTC,2026-06-20 17:09:24 UTC,2026-06-20 17:08:36 UTC,2026-06-20 17:08:26 UTC,2026-06-20 17:13:03 UTC,2026-06-20 17:12:58 UTC,2026-06-20 17:12:56 UTC,2026-06-20 17:12:48 UTC,NA,2026-06-20 17:12:31 UTC,2026-06-20 17:12:28 UTC,2026-06-20 17:12:22 UTC,2026-06-20 17:12:13 UTC,2026-06-20 17:12:07 UTC,2026-06-20 17:11:37 UTC,2026-06-20 17:10:59 UTC,2026-06-20 17:10:36 UTC,2026-06-20 17:10:09 UTC,2026-06-20 17:09:25 UTC,2026-06-20 17:08:40 UTC,2026-06-20 17:08:37 UTC,2026-06-20 17:08:20 UTC,2026-06-20 17:07:38 UTC,2026-06-20 17:07:24 UTC,2026-06-20 17:07:10 UTC,2026-06-20 17:13:13 UTC,2026-06-20 17:13:15 UTC,2026-06-20 17:12:31 UTC,2026-06-20 17:11:41 UTC,end_normal
f35dd0b406400c4c36b3fb45a86add56,2026-06-19 20:36:42 UTC,2026-06-19 20:37:32 UTC,2026-06-19 20:36:59 UTC,NA,NA,NA,NA,NA,NA,NA,NA,NA,NA,NA,NA,NA,NA,NA,NA,NA,NA,NA,NA,NA,NA,NA,midtjylland,lang_videre,1999,Mand,764,NA,NA,NA,NA,2026-06-19 20:37:09 UTC,2026-06-19 20:37:06 UTC,2026-06-19 20:37:03 UTC,NA,NA,NA,NA,NA,NA,NA,NA,NA,NA,NA,NA,NA,NA,NA,NA,NA,NA,NA,NA,NA,NA,NA,NA,NA,NA,2026-06-19 20:37:09 UTC,2026-06-19 20:36:52 UTC,2026-06-19 20:36:42 UTC,NA,NA,NA,NA,issue_positions
f361fc841e5990bdc04f7d30f410b101,2026-06-20 16:56:55 UTC,2026-06-20 17:09:12 UTC,2026-06-20 16:57:08 UTC,NA,NA,NA,NA,NA,NA,2,3,3,3,3,NA,option_1,option_2,option_1,option_2,option_1,4,konservative,3,2,NA,1,sjaelland,gymnasial,1972,Kvinde,599,2026-06-20 16:58:02 UTC,2026-06-20 16:57:54 UTC,NA,2026-06-20 16:57:33 UTC,2026-06-20 16:57:23 UTC,2026-06-20 16:57:19 UTC,2026-06-20 16:57:15 UTC,NA,2026-06-20 17:00:35 UTC,2026-06-20 17:00:21 UTC,2026-06-20 17:00:00 UTC,2026-06-20 16:59:12 UTC,2026-06-20 16:58:51 UTC,2026-06-20 16:58:16 UTC,2026-06-20 16:58:10 UTC,NA,NA,NA,NA,NA,2026-06-20 17:01:19 UTC,2026-06-20 17:01:13 UTC,2026-06-20 17:01:12 UTC,2026-06-20 17:01:11 UTC,2026-06-20 17:01:09 UTC,2026-06-20 17:00:38 UTC,2026-06-20 17:00:21 UTC,2026-06-20 17:00:06 UTC,2026-06-20 16:59:14 UTC,2026-06-20 16:58:52 UTC,2026-06-20 16:58:22 UTC,2026-06-20 16:58:17 UTC,2026-06-20 16:58:03 UTC,2026-06-20 16:57:25 UTC,2026-06-20 16:57:04 UTC,2026-06-20 16:56:55 UTC,NA,NA,2026-06-20 17:01:21 UTC,2026-06-20 17:00:42 UTC,single_profile_2
f3865bfaa8aa4b7953f715071a44370e,2026-05-15 06:12:21 UTC,2026-05-15 06:13:31 UTC,2026-05-15 06:12:32 UTC,NA,NA,NA,NA,NA,NA,NA,NA,NA,NA,NA,NA,NA,NA,NA,NA,NA,NA,NA,NA,NA,NA,2,hovedstaden,mellemlang_videre,1986,Mand,271,NA,NA,NA,2026-05-15 06:12:53 UTC,2026-05-15 06:12:44 UTC,2026-05-15 06:12:40 UTC,2026-05-15 06:12:36 UTC,NA,NA,NA,NA,NA,NA,NA,NA,NA,NA,NA,NA,NA,NA,NA,NA,NA,NA,NA,NA,NA,NA,NA,NA,NA,NA,2026-05-15 06:12:44 UTC,2026-05-15 06:12:29 UTC,2026-05-15 06:12:21 UTC,NA,NA,NA,NA,issue_positions
f40bcb50492a14aa3f4c33978e5b4e11,2026-05-20 05:32:46 UTC,2026-05-20 05:38:55 UTC,2026-05-20 05:32:57 UTC,4,4,3,3,3,NA,2,1,3,3,3,NA,option_2,option_1,option_1,option_2,option_2,0,stemte_ikke,NA,1,NA,1,sjaelland,mellemlang_videre,1994,Kvinde,180,NA,2026-05-20 05:33:41 UTC,NA,2026-05-20 05:33:20 UTC,2026-05-20 05:33:08 UTC,2026-05-20 05:33:05 UTC,2026-05-20 05:33:00 UTC,NA,2026-05-20 05:36:05 UTC,2026-05-20 05:35:50 UTC,2026-05-20 05:35:33 UTC,2026-05-20 05:34:58 UTC,2026-05-20 05:34:28 UTC,2026-05-20 05:33:54 UTC,2026-05-20 05:33:50 UTC,2026-05-20 05:37:09 UTC,2026-05-20 05:37:04 UTC,2026-05-20 05:37:00 UTC,2026-05-20 05:36:59 UTC,NA,2026-05-20 05:36:47 UTC,2026-05-20 05:36:37 UTC,2026-05-20 05:36:33 UTC,2026-05-20 05:36:30 UTC,2026-05-20 05:36:23 UTC,2026-05-20 05:36:05 UTC,2026-05-20 05:35:51 UTC,2026-05-20 05:35:35 UTC,2026-05-20 05:34:58 UTC,2026-05-20 05:34:30 UTC,2026-05-20 05:34:01 UTC,2026-05-20 05:33:57 UTC,2026-05-20 05:33:41 UTC,2026-05-20 05:33:09 UTC,2026-05-20 05:32:53 UTC,2026-05-20 05:32:46 UTC,2026-05-20 05:37:10 UTC,2026-05-20 05:37:11 UTC,2026-05-20 05:36:47 UTC,2026-05-20 05:36:12 UTC,end_normal
f47f975f6ff8aba2434ac86c789b8c2c,2026-05-17 18:57:22 UTC,2026-05-17 19:04:12 UTC,2026-05-17 18:57:36 UTC,NA,NA,NA,NA,NA,NA,NA,NA,NA,NA,NA,NA,NA,NA,NA,NA,NA,NA,NA,NA,NA,NA,NA,NA,NA,NA,Kvinde,1990,NA,NA,NA,NA,NA,NA,NA,NA,NA,NA,NA,NA,NA,NA,NA,NA,NA,NA,NA,NA,NA,NA,NA,NA,NA,NA,NA,NA,NA,NA,NA,NA,NA,NA,2026-05-17 18:57:32 UTC,2026-05-17 18:57:22 UTC,NA,NA,NA,NA,Background
f49822e4475b4bd55e984627d6ac34b7,2026-05-17 18:39:31 UTC,2026-05-17 18:45:56 UTC,2026-05-17 18:39:45 UTC,1,2,2,4,3,NA,3,4,3,4,3,NA,option_2,option_2,option_1,option_1,option_1,3,sf,NA,1,3,2,sjaelland,erhvervsuddannelse,2007,Kvinde,55,NA,2026-05-17 18:40:58 UTC,2026-05-17 18:40:51 UTC,2026-05-17 18:40:37 UTC,2026-05-17 18:40:05 UTC,2026-05-17 18:39:54 UTC,2026-05-17 18:39:48 UTC,NA,2026-05-17 18:44:04 UTC,2026-05-17 18:43:42 UTC,2026-05-17 18:43:21 UTC,2026-05-17 18:42:33 UTC,2026-05-17 18:41:53 UTC,2026-05-17 18:41:16 UTC,2026-05-17 18:41:10 UTC,2026-05-17 18:45:19 UTC,2026-05-17 18:45:16 UTC,2026-05-17 18:45:14 UTC,2026-05-17 18:45:12 UTC,NA,2026-05-17 18:44:59 UTC,2026-05-17 18:44:55 UTC,2026-05-17 18:44:50 UTC,2026-05-17 18:44:48 UTC,2026-05-17 18:44:51 UTC,2026-05-17 18:44:11 UTC,2026-05-17 18:43:42 UTC,2026-05-17 18:43:23 UTC,2026-05-17 18:42:41 UTC,2026-05-17 18:41:54 UTC,2026-05-17 18:41:20 UTC,2026-05-17 18:41:16 UTC,2026-05-17 18:41:03 UTC,2026-05-17 18:40:05 UTC,2026-05-17 18:39:41 UTC,2026-05-17 18:39:31 UTC,2026-05-17 18:45:22 UTC,2026-05-17 18:45:22 UTC,2026-05-17 18:44:59 UTC,2026-05-17 18:44:23 UTC,end_normal
f4db644725eb943ad9c022218bfd98cb,2026-06-19 18:21:10 UTC,2026-06-19 18:28:06 UTC,2026-06-19 18:21:20 UTC,1,1,2,1,1,NA,4,4,4,4,4,NA,option_2,option_2,option_2,option_2,option_2,10,socialdemokratiet,3,2,1,2,sjaelland,erhvervsuddannelse,1967,Kvinde,1172,2026-06-19 18:22:57 UTC,2026-06-19 18:22:45 UTC,2026-06-19 18:22:30 UTC,2026-06-19 18:21:49 UTC,2026-06-19 18:21:31 UTC,2026-06-19 18:21:28 UTC,2026-06-19 18:21:27 UTC,NA,2026-06-19 18:26:10 UTC,2026-06-19 18:25:46 UTC,2026-06-19 18:25:13 UTC,2026-06-19 18:24:42 UTC,2026-06-19 18:23:59 UTC,2026-06-19 18:23:10 UTC,2026-06-19 18:23:05 UTC,2026-06-19 18:27:38 UTC,2026-06-19 18:27:35 UTC,2026-06-19 18:27:33 UTC,2026-06-19 18:27:28 UTC,NA,2026-06-19 18:27:02 UTC,2026-06-19 18:26:58 UTC,2026-06-19 18:26:44 UTC,2026-06-19 18:26:43 UTC,2026-06-19 18:26:38 UTC,2026-06-19 18:26:13 UTC,2026-06-19 18:25:47 UTC,2026-06-19 18:25:13 UTC,2026-06-19 18:24:44 UTC,2026-06-19 18:23:59 UTC,NA,2026-06-19 18:23:10 UTC,2026-06-19 18:22:57 UTC,2026-06-19 18:21:32 UTC,2026-06-19 18:21:17 UTC,2026-06-19 18:21:10 UTC,2026-06-19 18:27:40 UTC,2026-06-19 18:27:41 UTC,2026-06-19 18:27:03 UTC,2026-06-19 18:26:17 UTC,end_normal
f4fb918a68213fc77ed50383bf9c99b4,2026-05-13 13:07:04 UTC,2026-05-13 13:11:37 UTC,2026-05-13 13:07:17 UTC,5,5,5,5,5,NA,5,1,1,1,1,NA,option_2,option_2,option_1,option_2,option_1,3,moderaterne,3,2,NA,1,sjaelland,kort_videre,1962,Kvinde,1984,2026-05-13 13:08:11 UTC,2026-05-13 13:08:02 UTC,NA,2026-05-13 13:07:52 UTC,2026-05-13 13:07:41 UTC,2026-05-13 13:07:36 UTC,2026-05-13 13:07:27 UTC,NA,2026-05-13 13:10:10 UTC,2026-05-13 13:09:52 UTC,2026-05-13 13:09:32 UTC,2026-05-13 13:09:19 UTC,2026-05-13 13:09:05 UTC,2026-05-13 13:08:28 UTC,2026-05-13 13:08:23 UTC,2026-05-13 13:11:10 UTC,2026-05-13 13:11:07 UTC,2026-05-13 13:11:05 UTC,2026-05-13 13:11:03 UTC,NA,2026-05-13 13:10:46 UTC,2026-05-13 13:10:41 UTC,2026-05-13 13:10:39 UTC,2026-05-13 13:10:37 UTC,2026-05-13 13:10:35 UTC,2026-05-13 13:10:11 UTC,2026-05-13 13:09:53 UTC,2026-05-13 13:09:33 UTC,2026-05-13 13:09:20 UTC,2026-05-13 13:09:05 UTC,2026-05-13 13:08:41 UTC,2026-05-13 13:08:32 UTC,2026-05-13 13:08:12 UTC,2026-05-13 13:07:43 UTC,2026-05-13 13:07:13 UTC,2026-05-13 13:07:04 UTC,2026-05-13 13:11:13 UTC,2026-05-13 13:11:13 UTC,2026-05-13 13:10:47 UTC,2026-05-13 13:10:16 UTC,end_normal
f51ee68c319bc553066688a3c4ab1e33,2026-06-19 19:58:29 UTC,2026-06-19 20:05:21 UTC,2026-06-19 19:59:17 UTC,1,1,1,1,1,NA,1,1,1,1,1,NA,option_2,NA,option_2,option_1,option_2,0,stemte_ikke,NA,3,NA,1,midtjylland,erhvervsuddannelse,1963,Kvinde,688,NA,2026-06-19 20:00:20 UTC,NA,2026-06-19 20:00:05 UTC,2026-06-19 19:59:50 UTC,2026-06-19 19:59:48 UTC,2026-06-19 19:59:27 UTC,NA,2026-06-19 20:03:17 UTC,NA,2026-06-19 20:02:20 UTC,2026-06-19 20:01:57 UTC,2026-06-19 20:01:33 UTC,2026-06-19 20:00:41 UTC,2026-06-19 20:00:32 UTC,2026-06-19 20:04:47 UTC,2026-06-19 20:04:45 UTC,2026-06-19 20:04:39 UTC,2026-06-19 20:04:37 UTC,NA,2026-06-19 20:04:14 UTC,2026-06-19 20:04:08 UTC,2026-06-19 20:04:08 UTC,2026-06-19 20:03:59 UTC,2026-06-19 20:03:51 UTC,2026-06-19 20:03:19 UTC,2026-06-19 20:02:55 UTC,2026-06-19 20:02:24 UTC,2026-06-19 20:01:58 UTC,2026-06-19 20:01:37 UTC,2026-06-19 20:00:58 UTC,2026-06-19 20:00:41 UTC,2026-06-19 20:00:20 UTC,2026-06-19 19:59:51 UTC,2026-06-19 19:59:11 UTC,2026-06-19 19:58:29 UTC,2026-06-19 20:04:48 UTC,2026-06-19 20:04:49 UTC,2026-06-19 20:04:16 UTC,2026-06-19 20:03:32 UTC,end_normal
f52bdeec8e96762801d1eda98549ee5c,2026-06-20 17:43:19 UTC,2026-06-20 17:49:53 UTC,2026-06-20 17:43:35 UTC,1,4,4,4,3,NA,1,1,3,2,2,NA,option_2,option_2,option_2,option_2,option_2,3,liberal_alliance,3,2,NA,1,midtjylland,lang_videre,1956,Kvinde,1460,2026-06-20 17:44:39 UTC,2026-06-20 17:44:27 UTC,NA,2026-06-20 17:44:11 UTC,2026-06-20 17:44:00 UTC,2026-06-20 17:43:57 UTC,2026-06-20 17:43:52 UTC,NA,2026-06-20 17:47:53 UTC,2026-06-20 17:47:11 UTC,2026-06-20 17:46:47 UTC,2026-06-20 17:46:18 UTC,2026-06-20 17:45:50 UTC,2026-06-20 17:44:48 UTC,2026-06-20 17:44:56 UTC,2026-06-20 17:49:27 UTC,2026-06-20 17:49:15 UTC,2026-06-20 17:49:17 UTC,2026-06-20 17:49:05 UTC,NA,2026-06-20 17:48:47 UTC,2026-06-20 17:48:45 UTC,2026-06-20 17:48:39 UTC,2026-06-20 17:48:34 UTC,2026-06-20 17:48:28 UTC,2026-06-20 17:47:54 UTC,2026-06-20 17:47:11 UTC,2026-06-20 17:46:48 UTC,2026-06-20 17:46:18 UTC,2026-06-20 17:45:51 UTC,2026-06-20 17:45:19 UTC,2026-06-20 17:44:59 UTC,2026-06-20 17:44:42 UTC,2026-06-20 17:44:01 UTC,2026-06-20 17:43:30 UTC,2026-06-20 17:43:19 UTC,2026-06-20 17:49:29 UTC,2026-06-20 17:49:31 UTC,2026-06-20 17:48:49 UTC,2026-06-20 17:48:04 UTC,end_normal
f565b7f63bdb55caf4592092ee07c233,2026-05-17 18:29:15 UTC,2026-05-17 18:32:28 UTC,2026-05-17 18:29:26 UTC,NA,NA,NA,NA,NA,NA,NA,NA,NA,NA,NA,NA,NA,NA,NA,NA,NA,7,enhedslisten,3,2,NA,3,sjaelland,mellemlang_videre,1975,Kvinde,1903,2026-05-17 18:30:40 UTC,2026-05-17 18:30:30 UTC,NA,2026-05-17 18:30:07 UTC,2026-05-17 18:29:53 UTC,2026-05-17 18:29:45 UTC,2026-05-17 18:29:34 UTC,NA,NA,NA,NA,NA,NA,2026-05-17 18:31:01 UTC,2026-05-17 18:30:50 UTC,NA,NA,NA,NA,NA,NA,NA,NA,NA,NA,NA,NA,NA,NA,NA,2026-05-17 18:31:08 UTC,2026-05-17 18:31:02 UTC,2026-05-17 18:30:41 UTC,2026-05-17 18:29:56 UTC,2026-05-17 18:29:23 UTC,2026-05-17 18:29:15 UTC,NA,NA,NA,NA,cbc_q1_page
f586cc0b0b3a9e43417371835eebd273,2026-05-21 18:20:49 UTC,2026-05-21 18:25:51 UTC,2026-05-21 18:21:07 UTC,1,3,3,3,3,NA,4,3,3,3,3,NA,option_2,option_2,option_2,option_2,option_1,0,borgernes_parti,3,2,NA,1,syddanmark,grundskole,1990,Mand,446,2026-05-21 18:22:17 UTC,2026-05-21 18:22:08 UTC,NA,2026-05-21 18:21:34 UTC,2026-05-21 18:21:28 UTC,2026-05-21 18:21:26 UTC,2026-05-21 18:21:09 UTC,NA,2026-05-21 18:24:34 UTC,2026-05-21 18:24:19 UTC,2026-05-21 18:24:08 UTC,2026-05-21 18:23:14 UTC,2026-05-21 18:23:09 UTC,2026-05-21 18:22:24 UTC,2026-05-21 18:22:36 UTC,2026-05-21 18:25:22 UTC,2026-05-21 18:25:22 UTC,2026-05-21 18:25:23 UTC,2026-05-21 18:25:23 UTC,NA,2026-05-21 18:25:05 UTC,2026-05-21 18:25:01 UTC,2026-05-21 18:25:00 UTC,2026-05-21 18:25:00 UTC,2026-05-21 18:25:00 UTC,2026-05-21 18:24:34 UTC,2026-05-21 18:24:19 UTC,2026-05-21 18:24:09 UTC,2026-05-21 18:23:53 UTC,2026-05-21 18:23:09 UTC,2026-05-21 18:22:42 UTC,2026-05-21 18:22:37 UTC,2026-05-21 18:22:18 UTC,2026-05-21 18:21:28 UTC,2026-05-21 18:21:03 UTC,2026-05-21 18:20:49 UTC,2026-05-21 18:25:26 UTC,2026-05-21 18:25:26 UTC,2026-05-21 18:25:10 UTC,2026-05-21 18:24:38 UTC,end_normal
f58bf81ddf83f9b5710c0980b7ab5dad,2026-05-23 15:50:53 UTC,2026-05-23 15:57:37 UTC,2026-05-23 15:51:14 UTC,2,2,3,3,2,NA,3,3,4,3,3,NA,option_2,option_1,option_2,option_1,option_2,5,enhedslisten,NA,3,1,2,midtjylland,mellemlang_videre,1968,Kvinde,1668,NA,2026-05-23 15:52:21 UTC,2026-05-23 15:52:14 UTC,2026-05-23 15:51:45 UTC,2026-05-23 15:51:32 UTC,2026-05-23 15:51:26 UTC,2026-05-23 15:51:23 UTC,NA,2026-05-23 15:55:11 UTC,2026-05-23 15:54:51 UTC,2026-05-23 15:54:27 UTC,2026-05-23 15:53:54 UTC,2026-05-23 15:53:19 UTC,2026-05-23 15:52:41 UTC,2026-05-23 15:52:32 UTC,2026-05-23 15:56:58 UTC,2026-05-23 15:56:56 UTC,2026-05-23 15:56:53 UTC,2026-05-23 15:56:50 UTC,NA,2026-05-23 15:56:28 UTC,2026-05-23 15:56:25 UTC,2026-05-23 15:56:01 UTC,2026-05-23 15:56:03 UTC,2026-05-23 15:55:53 UTC,2026-05-23 15:55:12 UTC,2026-05-23 15:54:51 UTC,2026-05-23 15:54:30 UTC,2026-05-23 15:53:55 UTC,2026-05-23 15:53:19 UTC,2026-05-23 15:52:55 UTC,2026-05-23 15:52:44 UTC,2026-05-23 15:52:22 UTC,2026-05-23 15:51:34 UTC,2026-05-23 15:51:09 UTC,2026-05-23 15:50:53 UTC,2026-05-23 15:57:05 UTC,2026-05-23 15:57:07 UTC,2026-05-23 15:56:30 UTC,2026-05-23 15:55:24 UTC,end_normal
f5d3f1d1144ff423b0f3b94bbd9bf214,2026-05-14 05:25:47 UTC,2026-05-14 05:33:34 UTC,2026-05-14 05:26:09 UTC,2,2,3,3,4,NA,4,3,3,4,4,NA,option_2,option_1,option_1,option_2,option_2,8,socialdemokratiet,3,2,NA,1,nordjylland,erhvervsuddannelse,1964,Kvinde,1264,2026-05-14 05:27:21 UTC,2026-05-14 05:27:06 UTC,NA,2026-05-14 05:26:52 UTC,2026-05-14 05:26:29 UTC,2026-05-14 05:26:22 UTC,2026-05-14 05:26:15 UTC,NA,2026-05-14 05:31:16 UTC,2026-05-14 05:30:47 UTC,2026-05-14 05:30:06 UTC,2026-05-14 05:29:14 UTC,2026-05-14 05:28:47 UTC,2026-05-14 05:27:39 UTC,2026-05-14 05:27:29 UTC,2026-05-14 05:32:59 UTC,2026-05-14 05:32:58 UTC,2026-05-14 05:32:51 UTC,2026-05-14 05:32:49 UTC,NA,2026-05-14 05:32:12 UTC,2026-05-14 05:32:09 UTC,2026-05-14 05:32:06 UTC,2026-05-14 05:32:03 UTC,2026-05-14 05:31:58 UTC,2026-05-14 05:31:18 UTC,2026-05-14 05:30:48 UTC,2026-05-14 05:30:06 UTC,2026-05-14 05:29:15 UTC,2026-05-14 05:28:48 UTC,2026-05-14 05:27:48 UTC,2026-05-14 05:27:42 UTC,2026-05-14 05:27:22 UTC,2026-05-14 05:26:30 UTC,2026-05-14 05:26:05 UTC,2026-05-14 05:25:47 UTC,2026-05-14 05:33:01 UTC,2026-05-14 05:33:02 UTC,2026-05-14 05:32:14 UTC,2026-05-14 05:31:23 UTC,end_normal
f5e68ba455c5b5fab391035bb81ae27f,2026-05-16 15:15:01 UTC,2026-05-16 15:18:47 UTC,2026-05-16 15:15:12 UTC,NA,NA,NA,NA,NA,NA,NA,NA,NA,NA,NA,NA,option_1,option_1,option_1,option_2,option_2,2,venstre,1,2,1,2,sjaelland,kort_videre,1969,Kvinde,890,2026-05-16 15:15:56 UTC,2026-05-16 15:15:49 UTC,2026-05-16 15:15:42 UTC,2026-05-16 15:15:35 UTC,2026-05-16 15:15:28 UTC,2026-05-16 15:15:25 UTC,2026-05-16 15:15:18 UTC,NA,2026-05-16 15:18:22 UTC,2026-05-16 15:18:07 UTC,2026-05-16 15:17:09 UTC,2026-05-16 15:16:57 UTC,2026-05-16 15:16:41 UTC,2026-05-16 15:16:15 UTC,2026-05-16 15:16:08 UTC,NA,NA,NA,NA,NA,NA,NA,NA,NA,NA,2026-05-16 15:18:22 UTC,2026-05-16 15:18:10 UTC,2026-05-16 15:17:12 UTC,2026-05-16 15:16:58 UTC,2026-05-16 15:16:42 UTC,2026-05-16 15:16:19 UTC,2026-05-16 15:16:16 UTC,2026-05-16 15:16:02 UTC,2026-05-16 15:15:29 UTC,2026-05-16 15:15:07 UTC,2026-05-16 15:15:01 UTC,NA,NA,NA,2026-05-16 15:18:25 UTC,single_profile_1
f5eb95fdd312015e7002215e59e0a872,2026-06-15 16:57:53 UTC,2026-06-15 17:02:09 UTC,2026-06-15 16:58:11 UTC,1,1,1,1,1,NA,1,3,3,3,3,NA,option_2,option_2,option_2,option_1,option_2,3,sf,NA,3,NA,1,sjaelland,kort_videre,1976,Kvinde,522,NA,2026-06-15 16:58:46 UTC,NA,2026-06-15 16:58:40 UTC,2026-06-15 16:58:33 UTC,2026-06-15 16:58:26 UTC,2026-06-15 16:58:16 UTC,NA,2026-06-15 17:00:58 UTC,2026-06-15 17:00:41 UTC,2026-06-15 17:00:25 UTC,2026-06-15 16:59:59 UTC,2026-06-15 16:59:37 UTC,2026-06-15 16:58:57 UTC,2026-06-15 16:58:53 UTC,2026-06-15 17:01:44 UTC,2026-06-15 17:01:41 UTC,2026-06-15 17:01:41 UTC,2026-06-15 17:01:41 UTC,NA,2026-06-15 17:01:27 UTC,2026-06-15 17:01:29 UTC,2026-06-15 17:01:29 UTC,2026-06-15 17:01:22 UTC,2026-06-15 17:01:20 UTC,2026-06-15 17:00:59 UTC,2026-06-15 17:00:43 UTC,2026-06-15 17:00:27 UTC,2026-06-15 16:59:59 UTC,2026-06-15 16:59:38 UTC,2026-06-15 16:59:06 UTC,2026-06-15 16:58:58 UTC,2026-06-15 16:58:47 UTC,2026-06-15 16:58:33 UTC,2026-06-15 16:58:07 UTC,2026-06-15 16:57:53 UTC,2026-06-15 17:01:45 UTC,2026-06-15 17:01:46 UTC,2026-06-15 17:01:30 UTC,2026-06-15 17:01:04 UTC,end_normal
f60838f58b77f4a966a6605a12936417,2026-05-18 16:05:37 UTC,2026-05-18 16:09:05 UTC,2026-05-18 16:05:50 UTC,NA,NA,NA,NA,NA,NA,NA,NA,NA,NA,NA,NA,option_2,option_2,option_1,option_2,option_2,8,dansk_folkeparti,1,2,NA,1,syddanmark,kort_videre,1999,Kvinde,686,2026-05-18 16:06:20 UTC,2026-05-18 16:06:14 UTC,NA,2026-05-18 16:06:07 UTC,2026-05-18 16:06:00 UTC,2026-05-18 16:05:57 UTC,2026-05-18 16:05:53 UTC,NA,2026-05-18 16:07:55 UTC,2026-05-18 16:07:43 UTC,2026-05-18 16:07:32 UTC,2026-05-18 16:07:19 UTC,2026-05-18 16:07:02 UTC,2026-05-18 16:06:31 UTC,2026-05-18 16:06:27 UTC,NA,NA,NA,NA,NA,NA,NA,NA,NA,NA,2026-05-18 16:07:57 UTC,2026-05-18 16:07:45 UTC,2026-05-18 16:07:34 UTC,2026-05-18 16:07:21 UTC,2026-05-18 16:07:03 UTC,2026-05-18 16:06:39 UTC,2026-05-18 16:06:32 UTC,2026-05-18 16:06:20 UTC,2026-05-18 16:06:00 UTC,2026-05-18 16:05:46 UTC,2026-05-18 16:05:37 UTC,NA,NA,NA,2026-05-18 16:08:03 UTC,single_profile_1
f65d7646611df21e4c984401c083e6c7,2026-06-20 09:08:51 UTC,2026-06-20 09:15:27 UTC,2026-06-20 09:09:35 UTC,3,2,3,3,2,NA,3,3,3,3,3,NA,option_1,option_1,option_2,option_1,option_1,3,liberal_alliance,NA,1,NA,1,midtjylland,kort_videre,1971,Kvinde,1247,NA,2026-06-20 09:10:21 UTC,NA,2026-06-20 09:10:10 UTC,2026-06-20 09:09:57 UTC,2026-06-20 09:09:55 UTC,2026-06-20 09:09:43 UTC,NA,2026-06-20 09:13:35 UTC,2026-06-20 09:13:07 UTC,2026-06-20 09:12:51 UTC,2026-06-20 09:12:25 UTC,2026-06-20 09:11:48 UTC,2026-06-20 09:10:58 UTC,2026-06-20 09:10:47 UTC,2026-06-20 09:15:01 UTC,2026-06-20 09:14:54 UTC,2026-06-20 09:14:52 UTC,2026-06-20 09:14:48 UTC,NA,2026-06-20 09:14:24 UTC,2026-06-20 09:14:21 UTC,2026-06-20 09:14:16 UTC,2026-06-20 09:14:13 UTC,2026-06-20 09:14:07 UTC,2026-06-20 09:13:37 UTC,2026-06-20 09:13:09 UTC,2026-06-20 09:12:51 UTC,2026-06-20 09:12:29 UTC,2026-06-20 09:11:49 UTC,2026-06-20 09:11:22 UTC,2026-06-20 09:11:01 UTC,2026-06-20 09:10:40 UTC,2026-06-20 09:09:58 UTC,2026-06-20 09:09:30 UTC,2026-06-20 09:08:51 UTC,2026-06-20 09:15:03 UTC,2026-06-20 09:15:06 UTC,2026-06-20 09:14:26 UTC,2026-06-20 09:13:49 UTC,end_normal
f68daf20c65ee6b52f57d1dc25ca030d,2026-05-23 10:18:55 UTC,2026-05-23 10:44:42 UTC,2026-05-23 10:38:33 UTC,4,4,4,4,4,NA,2,3,2,3,2,NA,option_1,option_1,option_1,option_1,option_2,7,sf,NA,3,3,2,midtjylland,lang_videre,1998,Kvinde,123,NA,2026-05-23 10:39:47 UTC,2026-05-23 10:39:34 UTC,2026-05-23 10:39:27 UTC,2026-05-23 10:38:43 UTC,2026-05-23 10:38:39 UTC,2026-05-23 10:38:35 UTC,NA,2026-05-23 10:43:00 UTC,2026-05-23 10:42:28 UTC,2026-05-23 10:42:09 UTC,2026-05-23 10:41:24 UTC,2026-05-23 10:40:49 UTC,2026-05-23 10:40:13 UTC,2026-05-23 10:39:59 UTC,2026-05-23 10:44:18 UTC,2026-05-23 10:44:16 UTC,2026-05-23 10:44:12 UTC,2026-05-23 10:44:12 UTC,NA,2026-05-23 10:43:41 UTC,2026-05-23 10:43:52 UTC,2026-05-23 10:43:36 UTC,2026-05-23 10:43:34 UTC,2026-05-23 10:43:27 UTC,2026-05-23 10:43:01 UTC,2026-05-23 10:42:29 UTC,2026-05-23 10:42:09 UTC,2026-05-23 10:41:24 UTC,2026-05-23 10:40:49 UTC,2026-05-23 10:40:17 UTC,2026-05-23 10:40:13 UTC,2026-05-23 10:39:48 UTC,2026-05-23 10:38:45 UTC,2026-05-23 10:38:30 UTC,2026-05-23 10:18:55 UTC,2026-05-23 10:44:18 UTC,2026-05-23 10:44:19 UTC,2026-05-23 10:43:56 UTC,2026-05-23 10:43:09 UTC,end_normal
f6900fa004b33f722d8adb72feeb601b,2026-06-20 11:21:24 UTC,2026-06-20 11:38:34 UTC,2026-06-20 11:21:55 UTC,4,3,4,4,4,NA,4,3,4,4,4,NA,option_1,option_2,option_1,option_2,option_1,7,moderaterne,3,2,1,2,midtjylland,mellemlang_videre,1964,Mand,1729,2026-06-20 11:23:20 UTC,2026-06-20 11:23:08 UTC,2026-06-20 11:22:58 UTC,2026-06-20 11:22:48 UTC,2026-06-20 11:22:19 UTC,2026-06-20 11:22:13 UTC,2026-06-20 11:22:06 UTC,NA,2026-06-20 11:27:20 UTC,2026-06-20 11:26:56 UTC,2026-06-20 11:26:17 UTC,2026-06-20 11:25:16 UTC,2026-06-20 11:24:40 UTC,2026-06-20 11:23:38 UTC,2026-06-20 11:23:32 UTC,2026-06-20 11:28:50 UTC,2026-06-20 11:28:46 UTC,2026-06-20 11:28:43 UTC,2026-06-20 11:28:40 UTC,NA,2026-06-20 11:28:23 UTC,2026-06-20 11:28:10 UTC,2026-06-20 11:28:06 UTC,2026-06-20 11:27:59 UTC,2026-06-20 11:27:56 UTC,2026-06-20 11:27:20 UTC,2026-06-20 11:26:56 UTC,2026-06-20 11:26:18 UTC,2026-06-20 11:25:18 UTC,2026-06-20 11:24:41 UTC,2026-06-20 11:23:54 UTC,2026-06-20 11:23:40 UTC,2026-06-20 11:23:24 UTC,2026-06-20 11:22:21 UTC,2026-06-20 11:21:50 UTC,2026-06-20 11:21:24 UTC,2026-06-20 11:28:53 UTC,2026-06-20 11:28:54 UTC,2026-06-20 11:28:23 UTC,2026-06-20 11:27:30 UTC,end_normal
f6ab666a676a14949cacc565ffa6d88f,2026-05-17 17:41:14 UTC,2026-05-17 17:42:34 UTC,2026-05-17 17:41:28 UTC,NA,NA,NA,NA,NA,NA,NA,NA,NA,NA,NA,NA,NA,NA,NA,NA,NA,NA,NA,NA,NA,NA,NA,nordjylland,grundskole,1984,Kvinde,618,NA,NA,NA,NA,2026-05-17 17:42:09 UTC,2026-05-17 17:41:44 UTC,2026-05-17 17:41:34 UTC,NA,NA,NA,NA,NA,NA,NA,NA,NA,NA,NA,NA,NA,NA,NA,NA,NA,NA,NA,NA,NA,NA,NA,NA,NA,NA,2026-05-17 17:42:11 UTC,2026-05-17 17:41:25 UTC,2026-05-17 17:41:14 UTC,NA,NA,NA,NA,issue_positions
f6b66cdea97e94665e5433cdd51c02b2,2026-06-19 18:19:30 UTC,2026-06-19 18:26:01 UTC,2026-06-19 18:19:52 UTC,4,2,4,4,2,NA,1,3,3,3,3,NA,option_1,option_1,option_2,option_1,option_2,7,sf,NA,3,NA,3,midtjylland,mellemlang_videre,1966,Kvinde,1999,NA,2026-06-19 18:21:04 UTC,NA,2026-06-19 18:20:53 UTC,2026-06-19 18:20:12 UTC,2026-06-19 18:20:08 UTC,2026-06-19 18:20:00 UTC,NA,2026-06-19 18:23:45 UTC,2026-06-19 18:23:19 UTC,2026-06-19 18:22:51 UTC,2026-06-19 18:22:35 UTC,2026-06-19 18:21:57 UTC,2026-06-19 18:21:16 UTC,2026-06-19 18:21:11 UTC,2026-06-19 18:25:18 UTC,2026-06-19 18:25:14 UTC,2026-06-19 18:25:10 UTC,2026-06-19 18:25:07 UTC,NA,2026-06-19 18:24:31 UTC,2026-06-19 18:24:39 UTC,2026-06-19 18:24:19 UTC,2026-06-19 18:24:17 UTC,2026-06-19 18:24:15 UTC,2026-06-19 18:23:47 UTC,2026-06-19 18:23:19 UTC,2026-06-19 18:22:53 UTC,NA,2026-06-19 18:21:57 UTC,2026-06-19 18:21:27 UTC,2026-06-19 18:21:18 UTC,2026-06-19 18:21:04 UTC,2026-06-19 18:20:13 UTC,NA,2026-06-19 18:19:30 UTC,2026-06-19 18:25:22 UTC,2026-06-19 18:25:25 UTC,2026-06-19 18:24:41 UTC,NA,end_normal
f6bfe2d48889eb9ff6a678bc7e31bba6,2026-05-13 19:35:12 UTC,2026-05-13 19:43:14 UTC,2026-05-13 19:35:35 UTC,5,1,1,1,1,NA,5,5,5,5,5,NA,option_1,option_1,option_1,option_1,option_2,7,sf,3,2,NA,3,midtjylland,mellemlang_videre,1952,Kvinde,1949,2026-05-13 19:37:05 UTC,2026-05-13 19:36:42 UTC,NA,2026-05-13 19:36:32 UTC,2026-05-13 19:36:12 UTC,2026-05-13 19:36:05 UTC,2026-05-13 19:35:48 UTC,NA,2026-05-13 19:40:19 UTC,2026-05-13 19:39:57 UTC,2026-05-13 19:39:27 UTC,2026-05-13 19:38:55 UTC,2026-05-13 19:38:14 UTC,2026-05-13 19:37:26 UTC,2026-05-13 19:37:19 UTC,2026-05-13 19:42:38 UTC,2026-05-13 19:42:40 UTC,2026-05-13 19:42:43 UTC,2026-05-13 19:42:44 UTC,NA,2026-05-13 19:41:37 UTC,2026-05-13 19:41:34 UTC,2026-05-13 19:41:31 UTC,2026-05-13 19:41:27 UTC,2026-05-13 19:41:25 UTC,2026-05-13 19:40:21 UTC,2026-05-13 19:39:59 UTC,2026-05-13 19:39:32 UTC,2026-05-13 19:38:56 UTC,2026-05-13 19:38:15 UTC,2026-05-13 19:37:36 UTC,2026-05-13 19:37:29 UTC,2026-05-13 19:37:06 UTC,2026-05-13 19:36:15 UTC,2026-05-13 19:35:30 UTC,2026-05-13 19:35:12 UTC,2026-05-13 19:42:31 UTC,2026-05-13 19:42:46 UTC,2026-05-13 19:41:51 UTC,2026-05-13 19:40:28 UTC,end_normal
f6f2ec885acbeb3da24892bdb763e20a,2026-05-13 17:04:37 UTC,2026-05-13 17:06:57 UTC,NA,NA,NA,NA,NA,NA,NA,NA,NA,NA,NA,NA,NA,NA,NA,NA,NA,NA,NA,NA,NA,NA,NA,NA,NA,NA,NA,NA,1566,NA,NA,NA,NA,NA,NA,NA,NA,NA,NA,NA,NA,NA,NA,NA,NA,NA,NA,NA,NA,NA,NA,NA,NA,NA,NA,NA,NA,NA,NA,NA,NA,NA,NA,2026-05-13 17:04:57 UTC,2026-05-13 17:04:37 UTC,NA,NA,NA,NA,Background
f749561aeffcbdb713bfa213796bd96b,2026-06-20 13:28:06 UTC,2026-06-20 13:37:28 UTC,2026-06-20 13:28:27 UTC,3,3,3,4,3,NA,1,2,3,3,2,NA,option_1,option_1,option_2,option_1,option_2,6,alternativet,3,2,3,2,midtjylland,mellemlang_videre,1969,Kvinde,1728,2026-06-20 13:29:39 UTC,2026-06-20 13:29:31 UTC,2026-06-20 13:29:06 UTC,2026-06-20 13:28:58 UTC,2026-06-20 13:28:45 UTC,2026-06-20 13:28:41 UTC,2026-06-20 13:28:36 UTC,NA,2026-06-20 13:33:51 UTC,2026-06-20 13:33:00 UTC,2026-06-20 13:32:11 UTC,2026-06-20 13:31:26 UTC,2026-06-20 13:30:55 UTC,2026-06-20 13:29:55 UTC,2026-06-20 13:29:48 UTC,2026-06-20 13:36:00 UTC,2026-06-20 13:35:55 UTC,2026-06-20 13:35:52 UTC,2026-06-20 13:35:37 UTC,NA,2026-06-20 13:35:17 UTC,2026-06-20 13:35:13 UTC,2026-06-20 13:35:10 UTC,2026-06-20 13:35:00 UTC,2026-06-20 13:34:47 UTC,2026-06-20 13:33:54 UTC,2026-06-20 13:33:07 UTC,2026-06-20 13:32:15 UTC,2026-06-20 13:31:31 UTC,2026-06-20 13:30:57 UTC,2026-06-20 13:30:08 UTC,2026-06-20 13:29:58 UTC,2026-06-20 13:29:39 UTC,2026-06-20 13:28:46 UTC,2026-06-20 13:28:23 UTC,2026-06-20 13:28:06 UTC,2026-06-20 13:36:03 UTC,2026-06-20 13:36:06 UTC,2026-06-20 13:35:19 UTC,2026-06-20 13:34:09 UTC,end_normal
f751fe4909e3f9d5751c8b973d03c6a8,2026-06-19 20:54:26 UTC,2026-06-19 20:57:12 UTC,2026-06-19 20:54:36 UTC,NA,NA,NA,NA,NA,NA,NA,NA,NA,NA,NA,NA,NA,NA,NA,NA,NA,NA,NA,NA,NA,NA,1,midtjylland,lang_videre,1983,Kvinde,1069,NA,NA,NA,2026-06-19 20:54:51 UTC,2026-06-19 20:54:43 UTC,2026-06-19 20:54:41 UTC,2026-06-19 20:54:39 UTC,NA,NA,NA,NA,NA,NA,NA,NA,NA,NA,NA,NA,NA,NA,NA,NA,NA,NA,NA,NA,NA,NA,NA,NA,NA,NA,2026-06-19 20:54:43 UTC,2026-06-19 20:54:32 UTC,2026-06-19 20:54:26 UTC,NA,NA,NA,NA,issue_positions
f7afe0ba950299d5e4f0d1bd1c4d44f3,2026-05-19 14:06:38 UTC,2026-05-19 14:14:26 UTC,2026-05-19 14:07:01 UTC,5,5,5,5,5,NA,4,4,4,4,4,NA,option_1,option_2,option_2,option_1,option_2,5,socialdemokratiet,3,2,NA,3,sjaelland,erhvervsuddannelse,1955,Mand,1025,2026-05-19 14:08:19 UTC,2026-05-19 14:08:06 UTC,NA,2026-05-19 14:07:55 UTC,2026-05-19 14:07:19 UTC,2026-05-19 14:07:16 UTC,2026-05-19 14:07:09 UTC,NA,2026-05-19 14:11:22 UTC,2026-05-19 14:10:59 UTC,2026-05-19 14:10:33 UTC,2026-05-19 14:10:04 UTC,2026-05-19 14:09:25 UTC,2026-05-19 14:08:37 UTC,2026-05-19 14:08:27 UTC,2026-05-19 14:12:33 UTC,2026-05-19 14:12:29 UTC,2026-05-19 14:12:27 UTC,2026-05-19 14:12:25 UTC,NA,2026-05-19 14:11:58 UTC,2026-05-19 14:11:57 UTC,2026-05-19 14:11:54 UTC,2026-05-19 14:11:51 UTC,2026-05-19 14:11:48 UTC,2026-05-19 14:11:25 UTC,2026-05-19 14:11:00 UTC,2026-05-19 14:10:36 UTC,2026-05-19 14:10:05 UTC,2026-05-19 14:09:27 UTC,2026-05-19 14:08:59 UTC,2026-05-19 14:08:40 UTC,2026-05-19 14:08:19 UTC,2026-05-19 14:07:21 UTC,2026-05-19 14:06:56 UTC,2026-05-19 14:06:38 UTC,2026-05-19 14:12:35 UTC,2026-05-19 14:12:38 UTC,2026-05-19 14:12:03 UTC,2026-05-19 14:11:31 UTC,end_normal
f7d06fda8237de261d5394123dae148b,2026-06-20 17:47:42 UTC,2026-06-20 17:56:34 UTC,2026-06-20 17:48:37 UTC,NA,NA,NA,NA,NA,NA,5,NA,NA,NA,NA,NA,option_2,option_2,option_2,option_1,option_2,0,konservative,NA,1,NA,1,midtjylland,mellemlang_videre,1954,Kvinde,332,NA,2026-06-20 17:50:35 UTC,NA,2026-06-20 17:50:23 UTC,2026-06-20 17:49:51 UTC,2026-06-20 17:49:44 UTC,2026-06-20 17:48:59 UTC,NA,2026-06-20 17:54:00 UTC,2026-06-20 17:53:40 UTC,2026-06-20 17:53:20 UTC,2026-06-20 17:52:39 UTC,2026-06-20 17:52:03 UTC,2026-06-20 17:50:58 UTC,2026-06-20 17:50:48 UTC,NA,NA,NA,NA,NA,2026-06-20 17:54:47 UTC,NA,NA,NA,NA,2026-06-20 17:54:10 UTC,2026-06-20 17:53:45 UTC,2026-06-20 17:53:23 UTC,2026-06-20 17:52:40 UTC,2026-06-20 17:52:06 UTC,NA,2026-06-20 17:51:01 UTC,2026-06-20 17:50:39 UTC,2026-06-20 17:50:12 UTC,2026-06-20 17:48:28 UTC,2026-06-20 17:47:42 UTC,NA,NA,NA,2026-06-20 17:54:21 UTC,single_profile_1
f849f07521cc5e2774c163ee8b3a18dc,2026-05-14 08:06:02 UTC,2026-05-14 08:11:18 UTC,2026-05-14 08:06:11 UTC,1,1,1,1,1,NA,2,2,2,2,2,NA,option_2,option_2,option_1,option_1,option_1,3,enhedslisten,NA,3,NA,3,hovedstaden,lang_videre,1999,Kvinde,1240,NA,2026-05-14 08:06:24 UTC,NA,2026-05-14 08:06:23 UTC,2026-05-14 08:06:18 UTC,2026-05-14 08:06:16 UTC,2026-05-14 08:06:13 UTC,NA,2026-05-14 08:08:50 UTC,2026-05-14 08:08:20 UTC,2026-05-14 08:07:58 UTC,2026-05-14 08:07:42 UTC,2026-05-14 08:07:07 UTC,2026-05-14 08:06:28 UTC,2026-05-14 08:06:31 UTC,2026-05-14 08:10:17 UTC,2026-05-14 08:10:16 UTC,2026-05-14 08:10:11 UTC,2026-05-14 08:10:11 UTC,NA,2026-05-14 08:09:49 UTC,2026-05-14 08:09:46 UTC,2026-05-14 08:09:37 UTC,2026-05-14 08:09:34 UTC,2026-05-14 08:09:23 UTC,2026-05-14 08:08:55 UTC,2026-05-14 08:08:32 UTC,2026-05-14 08:08:10 UTC,2026-05-14 08:07:44 UTC,2026-05-14 08:07:10 UTC,2026-05-14 08:06:46 UTC,2026-05-14 08:06:32 UTC,2026-05-14 08:06:24 UTC,2026-05-14 08:06:18 UTC,2026-05-14 08:06:08 UTC,2026-05-14 08:06:02 UTC,2026-05-14 08:10:18 UTC,2026-05-14 08:10:22 UTC,2026-05-14 08:09:50 UTC,2026-05-14 08:09:03 UTC,end_normal
f87998f6cc971169b7c85d9066ccd1bf,2026-06-19 18:07:26 UTC,2026-06-19 18:15:19 UTC,2026-06-19 18:07:36 UTC,1,2,4,4,2,NA,1,2,3,4,2,NA,option_2,option_2,option_2,option_2,option_2,7,moderaterne,3,2,1,2,sjaelland,gymnasial,1970,Kvinde,1362,2026-06-19 18:08:19 UTC,2026-06-19 18:08:09 UTC,2026-06-19 18:08:05 UTC,2026-06-19 18:07:57 UTC,2026-06-19 18:07:48 UTC,2026-06-19 18:07:45 UTC,2026-06-19 18:07:42 UTC,NA,2026-06-19 18:10:15 UTC,2026-06-19 18:09:58 UTC,2026-06-19 18:09:42 UTC,2026-06-19 18:09:23 UTC,2026-06-19 18:09:05 UTC,2026-06-19 18:08:32 UTC,2026-06-19 18:08:26 UTC,2026-06-19 18:11:15 UTC,2026-06-19 18:11:13 UTC,2026-06-19 18:11:09 UTC,2026-06-19 18:11:07 UTC,NA,2026-06-19 18:10:54 UTC,2026-06-19 18:10:54 UTC,2026-06-19 18:10:49 UTC,2026-06-19 18:10:45 UTC,2026-06-19 18:10:41 UTC,2026-06-19 18:10:16 UTC,2026-06-19 18:10:02 UTC,2026-06-19 18:09:43 UTC,2026-06-19 18:09:23 UTC,2026-06-19 18:09:05 UTC,2026-06-19 18:08:42 UTC,2026-06-19 18:08:33 UTC,2026-06-19 18:08:21 UTC,2026-06-19 18:07:49 UTC,2026-06-19 18:07:33 UTC,2026-06-19 18:07:26 UTC,2026-06-19 18:11:16 UTC,2026-06-19 18:11:17 UTC,2026-06-19 18:10:55 UTC,2026-06-19 18:10:20 UTC,end_normal
f8bf63c850b7f4b465304793434c0ab6,2026-05-19 20:10:46 UTC,2026-05-19 20:13:14 UTC,2026-05-19 20:11:36 UTC,NA,NA,NA,NA,NA,NA,NA,NA,NA,NA,NA,NA,NA,NA,NA,NA,NA,8,socialdemokratiet,3,2,NA,1,sjaelland,mellemlang_videre,1971,Kvinde,821,2026-05-19 20:12:33 UTC,2026-05-19 20:12:15 UTC,NA,2026-05-19 20:12:05 UTC,2026-05-19 20:11:53 UTC,2026-05-19 20:11:48 UTC,2026-05-19 20:11:42 UTC,NA,NA,NA,NA,NA,NA,2026-05-19 20:12:45 UTC,2026-05-19 20:12:39 UTC,NA,NA,NA,NA,NA,NA,NA,NA,NA,NA,NA,NA,NA,NA,NA,2026-05-19 20:12:53 UTC,2026-05-19 20:12:46 UTC,2026-05-19 20:12:34 UTC,2026-05-19 20:11:54 UTC,2026-05-19 20:11:31 UTC,2026-05-19 20:10:46 UTC,NA,NA,NA,NA,cbc_q1_page
f8f7774ef7626c1bcd2a24aaff81abc3,2026-05-24 17:10:36 UTC,2026-05-24 17:17:53 UTC,2026-05-24 17:11:04 UTC,1,1,1,2,1,NA,4,5,4,4,4,NA,option_2,option_2,option_2,option_1,option_2,5,socialdemokratiet,NA,3,NA,1,midtjylland,mellemlang_videre,1962,Kvinde,247,NA,2026-05-24 17:11:53 UTC,NA,2026-05-24 17:11:41 UTC,2026-05-24 17:11:28 UTC,2026-05-24 17:11:19 UTC,2026-05-24 17:11:11 UTC,NA,2026-05-24 17:15:10 UTC,2026-05-24 17:14:43 UTC,2026-05-24 17:14:08 UTC,2026-05-24 17:13:36 UTC,2026-05-24 17:13:01 UTC,2026-05-24 17:12:11 UTC,2026-05-24 17:12:04 UTC,2026-05-24 17:17:17 UTC,2026-05-24 17:17:15 UTC,2026-05-24 17:17:12 UTC,2026-05-24 17:17:08 UTC,NA,2026-05-24 17:16:41 UTC,2026-05-24 17:16:35 UTC,2026-05-24 17:16:27 UTC,2026-05-24 17:16:21 UTC,2026-05-24 17:16:22 UTC,2026-05-24 17:15:18 UTC,2026-05-24 17:14:51 UTC,2026-05-24 17:14:19 UTC,2026-05-24 17:13:42 UTC,2026-05-24 17:13:02 UTC,2026-05-24 17:12:27 UTC,2026-05-24 17:12:11 UTC,2026-05-24 17:11:54 UTC,2026-05-24 17:11:28 UTC,2026-05-24 17:10:59 UTC,2026-05-24 17:10:36 UTC,2026-05-24 17:17:22 UTC,2026-05-24 17:17:23 UTC,2026-05-24 17:16:42 UTC,2026-05-24 17:15:30 UTC,end_normal
f99dbfb7af200848c2f8c1bb0f3b9899,2026-05-21 18:49:09 UTC,2026-05-21 18:50:07 UTC,2026-05-21 18:49:25 UTC,NA,NA,NA,NA,NA,NA,NA,NA,NA,NA,NA,NA,NA,NA,NA,NA,NA,NA,NA,NA,NA,NA,NA,NA,NA,2008,Mand,1003,NA,NA,NA,NA,NA,NA,2026-05-21 18:49:37 UTC,NA,NA,NA,NA,NA,NA,NA,NA,NA,NA,NA,NA,NA,NA,NA,NA,NA,NA,NA,NA,NA,NA,NA,NA,NA,NA,NA,2026-05-21 18:49:20 UTC,2026-05-21 18:49:09 UTC,NA,NA,NA,NA,Background
f9bd1be8fecc75defdf5168b5ccf074f,2026-06-19 18:35:22 UTC,2026-06-19 18:39:26 UTC,2026-06-19 18:35:32 UTC,1,1,1,1,1,NA,2,4,3,3,3,NA,option_1,option_1,option_1,option_1,option_1,5,konservative,NA,1,NA,1,syddanmark,mellemlang_videre,1975,Mand,1,NA,2026-06-19 18:36:01 UTC,NA,2026-06-19 18:35:51 UTC,2026-06-19 18:35:44 UTC,2026-06-19 18:35:42 UTC,2026-06-19 18:35:37 UTC,NA,2026-06-19 18:37:39 UTC,2026-06-19 18:37:27 UTC,2026-06-19 18:37:10 UTC,2026-06-19 18:36:58 UTC,2026-06-19 18:36:39 UTC,2026-06-19 18:36:13 UTC,2026-06-19 18:36:08 UTC,2026-06-19 18:38:27 UTC,2026-06-19 18:38:25 UTC,2026-06-19 18:38:23 UTC,2026-06-19 18:38:19 UTC,NA,2026-06-19 18:38:09 UTC,2026-06-19 18:38:07 UTC,2026-06-19 18:38:04 UTC,2026-06-19 18:38:02 UTC,2026-06-19 18:37:58 UTC,2026-06-19 18:37:40 UTC,2026-06-19 18:37:30 UTC,2026-06-19 18:37:13 UTC,2026-06-19 18:37:00 UTC,2026-06-19 18:36:41 UTC,2026-06-19 18:36:18 UTC,2026-06-19 18:36:13 UTC,2026-06-19 18:36:04 UTC,2026-06-19 18:35:44 UTC,2026-06-19 18:35:30 UTC,2026-06-19 18:35:22 UTC,2026-06-19 18:38:29 UTC,2026-06-19 18:38:30 UTC,2026-06-19 18:38:10 UTC,2026-06-19 18:37:47 UTC,end_normal
fa40febdbd6c4a2df1f6c81c9103dc93,2026-05-18 10:19:25 UTC,2026-05-18 10:26:05 UTC,2026-05-18 10:19:51 UTC,1,3,1,4,1,NA,1,3,4,4,3,NA,option_2,option_2,option_2,option_1,option_2,4,socialdemokratiet,NA,3,3,2,sjaelland,erhvervsuddannelse,1985,Mand,814,NA,2026-05-18 10:20:55 UTC,2026-05-18 10:20:37 UTC,2026-05-18 10:20:21 UTC,2026-05-18 10:20:07 UTC,2026-05-18 10:20:03 UTC,2026-05-18 10:19:59 UTC,NA,2026-05-18 10:24:04 UTC,2026-05-18 10:23:25 UTC,2026-05-18 10:23:06 UTC,2026-05-18 10:22:36 UTC,2026-05-18 10:21:54 UTC,2026-05-18 10:21:13 UTC,2026-05-18 10:21:05 UTC,2026-05-18 10:25:34 UTC,2026-05-18 10:25:31 UTC,2026-05-18 10:25:28 UTC,2026-05-18 10:25:22 UTC,NA,2026-05-18 10:25:01 UTC,2026-05-18 10:25:07 UTC,2026-05-18 10:24:51 UTC,2026-05-18 10:24:48 UTC,2026-05-18 10:24:45 UTC,2026-05-18 10:24:05 UTC,2026-05-18 10:23:25 UTC,2026-05-18 10:23:07 UTC,2026-05-18 10:22:40 UTC,2026-05-18 10:21:55 UTC,2026-05-18 10:21:27 UTC,2026-05-18 10:21:15 UTC,2026-05-18 10:20:57 UTC,2026-05-18 10:20:09 UTC,2026-05-18 10:19:46 UTC,2026-05-18 10:19:25 UTC,2026-05-18 10:25:36 UTC,2026-05-18 10:25:37 UTC,2026-05-18 10:25:08 UTC,2026-05-18 10:24:16 UTC,end_normal
fb196e49a17564eeaa3275bf25d1d464,2026-05-14 04:23:24 UTC,2026-05-14 04:31:06 UTC,2026-05-14 04:23:46 UTC,2,2,3,3,2,NA,2,2,3,4,3,NA,option_1,option_1,option_2,option_2,option_2,5,konservative,NA,3,NA,1,sjaelland,mellemlang_videre,1950,Mand,712,NA,2026-05-14 04:24:44 UTC,NA,2026-05-14 04:24:30 UTC,2026-05-14 04:24:14 UTC,2026-05-14 04:24:04 UTC,2026-05-14 04:23:59 UTC,NA,2026-05-14 04:27:35 UTC,2026-05-14 04:27:22 UTC,2026-05-14 04:27:10 UTC,2026-05-14 04:26:39 UTC,2026-05-14 04:26:00 UTC,2026-05-14 04:25:02 UTC,2026-05-14 04:24:55 UTC,2026-05-14 04:29:29 UTC,2026-05-14 04:29:24 UTC,2026-05-14 04:29:20 UTC,2026-05-14 04:29:06 UTC,NA,2026-05-14 04:28:48 UTC,2026-05-14 04:28:42 UTC,2026-05-14 04:28:36 UTC,2026-05-14 04:28:26 UTC,2026-05-14 04:28:15 UTC,2026-05-14 04:27:38 UTC,2026-05-14 04:27:25 UTC,2026-05-14 04:27:14 UTC,2026-05-14 04:26:43 UTC,2026-05-14 04:26:02 UTC,2026-05-14 04:25:23 UTC,2026-05-14 04:25:05 UTC,2026-05-14 04:24:45 UTC,2026-05-14 04:24:16 UTC,2026-05-14 04:23:42 UTC,2026-05-14 04:23:24 UTC,2026-05-14 04:29:31 UTC,2026-05-14 04:29:34 UTC,2026-05-14 04:28:50 UTC,2026-05-14 04:27:51 UTC,end_normal
fb2ec61e3f6e03de28c8fac861776122,2026-05-23 19:08:39 UTC,2026-05-23 19:14:46 UTC,2026-05-23 19:08:51 UTC,1,1,1,1,1,NA,1,1,1,1,1,NA,option_2,option_1,option_1,option_2,option_2,4,dansk_folkeparti,NA,1,NA,1,midtjylland,mellemlang_videre,1985,Kvinde,611,NA,2026-05-23 19:09:26 UTC,NA,2026-05-23 19:09:13 UTC,2026-05-23 19:09:03 UTC,2026-05-23 19:08:59 UTC,2026-05-23 19:08:56 UTC,NA,2026-05-23 19:11:39 UTC,2026-05-23 19:11:26 UTC,2026-05-23 19:11:06 UTC,2026-05-23 19:10:49 UTC,2026-05-23 19:10:27 UTC,2026-05-23 19:09:47 UTC,2026-05-23 19:09:35 UTC,2026-05-23 19:12:39 UTC,2026-05-23 19:12:37 UTC,2026-05-23 19:12:33 UTC,2026-05-23 19:12:31 UTC,NA,2026-05-23 19:12:14 UTC,2026-05-23 19:12:12 UTC,2026-05-23 19:12:10 UTC,2026-05-23 19:12:08 UTC,2026-05-23 19:12:05 UTC,2026-05-23 19:11:41 UTC,2026-05-23 19:11:27 UTC,2026-05-23 19:11:12 UTC,2026-05-23 19:10:50 UTC,2026-05-23 19:10:33 UTC,2026-05-23 19:10:00 UTC,2026-05-23 19:09:52 UTC,2026-05-23 19:09:27 UTC,2026-05-23 19:09:07 UTC,2026-05-23 19:08:47 UTC,2026-05-23 19:08:39 UTC,2026-05-23 19:12:40 UTC,2026-05-23 19:12:42 UTC,2026-05-23 19:12:15 UTC,2026-05-23 19:11:46 UTC,end_normal
fb4f0d82b386ce3e66c8e5d698aa09eb,2026-06-21 06:40:54 UTC,2026-06-21 06:48:09 UTC,2026-06-21 06:41:11 UTC,NA,NA,NA,NA,NA,NA,NA,NA,NA,NA,5,NA,option_2,option_2,option_1,option_1,option_2,8,enhedslisten,NA,3,NA,3,sjaelland,mellemlang_videre,1964,Kvinde,947,NA,2026-06-21 06:42:00 UTC,NA,2026-06-21 06:41:51 UTC,2026-06-21 06:41:30 UTC,2026-06-21 06:41:24 UTC,2026-06-21 06:41:18 UTC,NA,2026-06-21 06:46:31 UTC,2026-06-21 06:46:09 UTC,2026-06-21 06:44:53 UTC,2026-06-21 06:44:29 UTC,2026-06-21 06:44:04 UTC,2026-06-21 06:42:25 UTC,2026-06-21 06:42:11 UTC,NA,NA,NA,NA,NA,NA,NA,NA,NA,2026-06-21 06:47:30 UTC,2026-06-21 06:46:32 UTC,2026-06-21 06:46:09 UTC,2026-06-21 06:44:54 UTC,2026-06-21 06:44:31 UTC,2026-06-21 06:44:07 UTC,2026-06-21 06:42:37 UTC,2026-06-21 06:42:26 UTC,2026-06-21 06:42:00 UTC,2026-06-21 06:41:32 UTC,2026-06-21 06:41:06 UTC,2026-06-21 06:40:54 UTC,NA,NA,NA,2026-06-21 06:46:44 UTC,single_profile_1
fb6ac027413e9edaa7490a228392a533,2026-06-19 19:56:20 UTC,2026-06-19 20:03:38 UTC,2026-06-19 19:56:46 UTC,2,2,2,2,2,NA,3,2,2,2,2,NA,option_1,NA,option_2,option_1,option_1,9,socialdemokratiet,NA,3,3,2,midtjylland,mellemlang_videre,1974,Kvinde,1967,NA,2026-06-19 19:57:48 UTC,2026-06-19 19:57:38 UTC,2026-06-19 19:57:17 UTC,2026-06-19 19:57:08 UTC,2026-06-19 19:57:00 UTC,2026-06-19 19:56:52 UTC,NA,2026-06-19 20:00:48 UTC,NA,2026-06-19 19:59:52 UTC,2026-06-19 19:59:23 UTC,2026-06-19 19:58:55 UTC,2026-06-19 19:58:03 UTC,2026-06-19 19:57:55 UTC,2026-06-19 20:02:49 UTC,2026-06-19 20:02:46 UTC,2026-06-19 20:02:42 UTC,2026-06-19 20:02:40 UTC,NA,2026-06-19 20:02:05 UTC,2026-06-19 20:01:59 UTC,2026-06-19 20:01:44 UTC,2026-06-19 20:01:40 UTC,2026-06-19 20:01:27 UTC,2026-06-19 20:00:51 UTC,2026-06-19 20:00:28 UTC,2026-06-19 19:59:54 UTC,2026-06-19 19:59:25 UTC,2026-06-19 19:58:56 UTC,2026-06-19 19:58:21 UTC,2026-06-19 19:58:04 UTC,2026-06-19 19:57:49 UTC,2026-06-19 19:57:10 UTC,2026-06-19 19:56:42 UTC,2026-06-19 19:56:20 UTC,2026-06-19 20:02:53 UTC,2026-06-19 20:02:55 UTC,2026-06-19 20:02:07 UTC,2026-06-19 20:01:03 UTC,end_normal
fb87e91ba81a9d0fb9d9acacc85ae98c,2026-05-18 18:12:21 UTC,2026-05-18 18:17:39 UTC,2026-05-18 18:12:36 UTC,1,3,3,3,3,NA,1,3,3,4,2,NA,option_1,option_2,option_1,option_2,option_2,7,liberal_alliance,NA,1,NA,1,midtjylland,kort_videre,1977,Mand,369,NA,2026-05-18 18:13:21 UTC,NA,2026-05-18 18:13:11 UTC,2026-05-18 18:13:01 UTC,2026-05-18 18:12:50 UTC,2026-05-18 18:12:42 UTC,NA,2026-05-18 18:16:02 UTC,2026-05-18 18:15:40 UTC,2026-05-18 18:15:15 UTC,2026-05-18 18:14:51 UTC,2026-05-18 18:14:21 UTC,2026-05-18 18:13:35 UTC,2026-05-18 18:13:29 UTC,2026-05-18 18:17:12 UTC,2026-05-18 18:17:11 UTC,2026-05-18 18:17:09 UTC,2026-05-18 18:17:08 UTC,NA,2026-05-18 18:16:51 UTC,2026-05-18 18:16:43 UTC,2026-05-18 18:16:40 UTC,2026-05-18 18:16:35 UTC,2026-05-18 18:16:30 UTC,2026-05-18 18:16:05 UTC,2026-05-18 18:15:42 UTC,2026-05-18 18:15:21 UTC,2026-05-18 18:14:53 UTC,2026-05-18 18:14:27 UTC,2026-05-18 18:13:39 UTC,2026-05-18 18:13:35 UTC,2026-05-18 18:13:24 UTC,2026-05-18 18:13:03 UTC,2026-05-18 18:12:33 UTC,2026-05-18 18:12:21 UTC,2026-05-18 18:17:15 UTC,2026-05-18 18:17:19 UTC,2026-05-18 18:16:54 UTC,2026-05-18 18:16:14 UTC,end_normal
fc129419f5c69da63c43cdc91e13450c,2026-05-17 18:30:46 UTC,2026-05-17 18:44:18 UTC,2026-05-17 18:30:59 UTC,1,1,1,1,1,NA,4,4,3,3,3,NA,option_2,option_2,option_2,option_2,option_2,4,konservative,NA,3,NA,1,midtjylland,mellemlang_videre,1967,Kvinde,379,NA,2026-05-17 18:31:35 UTC,NA,2026-05-17 18:31:24 UTC,2026-05-17 18:31:11 UTC,2026-05-17 18:31:08 UTC,2026-05-17 18:31:04 UTC,NA,2026-05-17 18:36:01 UTC,2026-05-17 18:34:11 UTC,2026-05-17 18:33:37 UTC,2026-05-17 18:33:13 UTC,2026-05-17 18:32:36 UTC,2026-05-17 18:31:58 UTC,2026-05-17 18:31:50 UTC,2026-05-17 18:37:54 UTC,2026-05-17 18:37:51 UTC,2026-05-17 18:37:49 UTC,2026-05-17 18:37:42 UTC,NA,2026-05-17 18:37:25 UTC,2026-05-17 18:37:21 UTC,2026-05-17 18:37:18 UTC,2026-05-17 18:37:13 UTC,2026-05-17 18:37:15 UTC,2026-05-17 18:36:01 UTC,2026-05-17 18:34:11 UTC,2026-05-17 18:33:43 UTC,NA,NA,2026-05-17 18:32:08 UTC,2026-05-17 18:31:59 UTC,2026-05-17 18:31:35 UTC,2026-05-17 18:31:12 UTC,2026-05-17 18:30:55 UTC,2026-05-17 18:30:46 UTC,2026-05-17 18:38:00 UTC,2026-05-17 18:38:00 UTC,2026-05-17 18:37:25 UTC,2026-05-17 18:36:06 UTC,end_normal
fc3818a4e5885f1372b569b5d3123d98,2026-05-19 19:25:02 UTC,2026-05-19 19:29:47 UTC,2026-05-19 19:25:21 UTC,4,4,4,4,4,NA,3,3,3,3,3,NA,option_1,option_1,option_1,option_1,option_1,4,venstre,3,2,1,2,sjaelland,mellemlang_videre,1951,Kvinde,479,2026-05-19 19:26:17 UTC,2026-05-19 19:26:12 UTC,2026-05-19 19:26:06 UTC,2026-05-19 19:25:58 UTC,2026-05-19 19:25:48 UTC,2026-05-19 19:25:43 UTC,2026-05-19 19:25:35 UTC,NA,2026-05-19 19:28:13 UTC,2026-05-19 19:28:02 UTC,2026-05-19 19:27:48 UTC,2026-05-19 19:27:38 UTC,2026-05-19 19:27:31 UTC,2026-05-19 19:26:26 UTC,2026-05-19 19:26:51 UTC,2026-05-19 19:28:59 UTC,2026-05-19 19:28:59 UTC,2026-05-19 19:28:59 UTC,2026-05-19 19:28:57 UTC,NA,2026-05-19 19:28:45 UTC,2026-05-19 19:28:44 UTC,2026-05-19 19:28:41 UTC,2026-05-19 19:28:40 UTC,2026-05-19 19:28:38 UTC,2026-05-19 19:28:15 UTC,2026-05-19 19:28:04 UTC,2026-05-19 19:27:49 UTC,2026-05-19 19:27:39 UTC,2026-05-19 19:27:32 UTC,2026-05-19 19:27:07 UTC,2026-05-19 19:26:54 UTC,2026-05-19 19:26:21 UTC,2026-05-19 19:25:49 UTC,2026-05-19 19:25:14 UTC,2026-05-19 19:25:02 UTC,2026-05-19 19:29:00 UTC,2026-05-19 19:29:00 UTC,2026-05-19 19:28:46 UTC,2026-05-19 19:28:23 UTC,end_normal
fcb8774ac88926a95cb228c76761a308,2026-05-13 12:34:40 UTC,2026-05-13 12:41:27 UTC,2026-05-13 12:34:59 UTC,1,5,2,2,1,NA,1,1,1,1,1,NA,option_2,option_2,option_1,option_1,option_1,7,enhedslisten,NA,3,NA,3,nordjylland,mellemlang_videre,1953,Mand,1891,NA,2026-05-13 12:35:39 UTC,NA,2026-05-13 12:35:30 UTC,2026-05-13 12:35:20 UTC,2026-05-13 12:35:14 UTC,2026-05-13 12:35:07 UTC,NA,2026-05-13 12:38:15 UTC,2026-05-13 12:37:50 UTC,2026-05-13 12:37:22 UTC,2026-05-13 12:37:07 UTC,2026-05-13 12:36:44 UTC,2026-05-13 12:35:58 UTC,2026-05-13 12:35:50 UTC,2026-05-13 12:40:15 UTC,2026-05-13 12:40:14 UTC,2026-05-13 12:40:15 UTC,2026-05-13 12:40:03 UTC,NA,2026-05-13 12:39:08 UTC,2026-05-13 12:39:02 UTC,2026-05-13 12:39:00 UTC,2026-05-13 12:38:57 UTC,2026-05-13 12:38:42 UTC,2026-05-13 12:38:16 UTC,2026-05-13 12:37:51 UTC,2026-05-13 12:37:24 UTC,2026-05-13 12:37:08 UTC,2026-05-13 12:36:46 UTC,2026-05-13 12:36:12 UTC,2026-05-13 12:36:00 UTC,2026-05-13 12:35:40 UTC,2026-05-13 12:35:21 UTC,2026-05-13 12:34:54 UTC,2026-05-13 12:34:40 UTC,2026-05-13 12:40:33 UTC,2026-05-13 12:40:31 UTC,2026-05-13 12:39:08 UTC,2026-05-13 12:38:25 UTC,end_normal
fcd07fbe0df4899394d7607f8da80739,2026-06-22 05:31:56 UTC,2026-06-22 05:41:24 UTC,2026-06-22 05:32:36 UTC,3,3,3,3,3,NA,3,3,3,3,3,NA,option_1,option_1,option_2,option_1,option_1,7,sf,NA,3,NA,3,syddanmark,mellemlang_videre,1974,Kvinde,1345,NA,2026-06-22 05:33:38 UTC,NA,2026-06-22 05:33:22 UTC,2026-06-22 05:33:02 UTC,2026-06-22 05:32:53 UTC,2026-06-22 05:32:40 UTC,NA,2026-06-22 05:38:57 UTC,2026-06-22 05:38:16 UTC,2026-06-22 05:37:18 UTC,2026-06-22 05:36:34 UTC,2026-06-22 05:35:23 UTC,2026-06-22 05:33:59 UTC,2026-06-22 05:33:50 UTC,2026-06-22 05:41:00 UTC,2026-06-22 05:40:54 UTC,2026-06-22 05:40:46 UTC,2026-06-22 05:40:44 UTC,NA,2026-06-22 05:40:21 UTC,2026-06-22 05:40:19 UTC,2026-06-22 05:40:15 UTC,2026-06-22 05:40:11 UTC,2026-06-22 05:39:51 UTC,2026-06-22 05:39:00 UTC,2026-06-22 05:38:20 UTC,2026-06-22 05:37:19 UTC,2026-06-22 05:36:39 UTC,2026-06-22 05:35:24 UTC,2026-06-22 05:34:23 UTC,2026-06-22 05:34:00 UTC,2026-06-22 05:33:40 UTC,2026-06-22 05:33:04 UTC,2026-06-22 05:32:31 UTC,2026-06-22 05:31:56 UTC,2026-06-22 05:41:02 UTC,2026-06-22 05:41:03 UTC,2026-06-22 05:40:28 UTC,2026-06-22 05:39:14 UTC,end_normal
fcedfd91e49499ba95c46a98e78f8968,2026-05-24 07:35:55 UTC,2026-05-24 07:44:51 UTC,2026-05-24 07:36:07 UTC,4,5,4,4,4,NA,4,4,4,3,3,NA,option_1,option_1,option_1,option_1,option_2,9,sf,3,2,3,2,midtjylland,mellemlang_videre,1963,Kvinde,1145,2026-05-24 07:36:48 UTC,2026-05-24 07:36:44 UTC,2026-05-24 07:36:35 UTC,2026-05-24 07:36:29 UTC,2026-05-24 07:36:22 UTC,2026-05-24 07:36:19 UTC,2026-05-24 07:36:13 UTC,NA,2026-05-24 07:39:56 UTC,2026-05-24 07:39:33 UTC,2026-05-24 07:39:11 UTC,2026-05-24 07:38:43 UTC,2026-05-24 07:38:10 UTC,2026-05-24 07:37:00 UTC,2026-05-24 07:36:55 UTC,2026-05-24 07:42:18 UTC,2026-05-24 07:42:09 UTC,2026-05-24 07:42:08 UTC,2026-05-24 07:42:04 UTC,NA,2026-05-24 07:41:32 UTC,2026-05-24 07:41:30 UTC,2026-05-24 07:40:39 UTC,2026-05-24 07:40:29 UTC,2026-05-24 07:40:26 UTC,2026-05-24 07:39:57 UTC,2026-05-24 07:39:34 UTC,2026-05-24 07:39:11 UTC,2026-05-24 07:38:45 UTC,2026-05-24 07:38:12 UTC,2026-05-24 07:37:18 UTC,2026-05-24 07:37:08 UTC,2026-05-24 07:36:49 UTC,2026-05-24 07:36:22 UTC,2026-05-24 07:36:04 UTC,2026-05-24 07:35:55 UTC,2026-05-24 07:42:14 UTC,2026-05-24 07:42:30 UTC,2026-05-24 07:41:32 UTC,2026-05-24 07:40:04 UTC,end_normal
fd2091b119d8990e55b664ca64a98fec,2026-05-19 13:48:11 UTC,2026-05-19 13:54:12 UTC,2026-05-19 13:48:23 UTC,3,2,3,2,1,NA,1,3,3,2,1,NA,option_1,NA,option_2,option_1,option_2,7,enhedslisten,NA,3,NA,3,sjaelland,gymnasial,2004,Kvinde,775,NA,2026-05-19 13:48:52 UTC,NA,2026-05-19 13:48:41 UTC,2026-05-19 13:48:33 UTC,2026-05-19 13:48:29 UTC,2026-05-19 13:48:25 UTC,NA,2026-05-19 13:52:07 UTC,NA,2026-05-19 13:51:08 UTC,2026-05-19 13:50:42 UTC,2026-05-19 13:49:59 UTC,2026-05-19 13:49:25 UTC,2026-05-19 13:49:15 UTC,2026-05-19 13:53:40 UTC,2026-05-19 13:53:37 UTC,2026-05-19 13:53:32 UTC,2026-05-19 13:53:20 UTC,NA,2026-05-19 13:53:03 UTC,2026-05-19 13:53:00 UTC,2026-05-19 13:52:54 UTC,2026-05-19 13:52:50 UTC,2026-05-19 13:52:43 UTC,2026-05-19 13:52:08 UTC,2026-05-19 13:51:33 UTC,2026-05-19 13:51:09 UTC,2026-05-19 13:50:46 UTC,2026-05-19 13:50:03 UTC,2026-05-19 13:49:33 UTC,2026-05-19 13:49:27 UTC,2026-05-19 13:48:54 UTC,2026-05-19 13:48:33 UTC,2026-05-19 13:48:19 UTC,2026-05-19 13:48:11 UTC,2026-05-19 13:53:48 UTC,2026-05-19 13:53:53 UTC,2026-05-19 13:53:13 UTC,2026-05-19 13:52:19 UTC,end_normal
fd262ab35062d636cf9cb6252dce4c5c,2026-06-20 07:27:35 UTC,2026-06-20 07:35:27 UTC,2026-06-20 07:27:56 UTC,3,3,3,3,2,NA,1,1,1,3,1,NA,option_2,option_1,option_1,option_1,option_1,8,socialdemokratiet,3,2,3,2,midtjylland,lang_videre,1964,Kvinde,568,2026-06-20 07:28:57 UTC,2026-06-20 07:28:52 UTC,2026-06-20 07:28:34 UTC,2026-06-20 07:28:28 UTC,2026-06-20 07:28:16 UTC,2026-06-20 07:28:13 UTC,2026-06-20 07:28:03 UTC,NA,2026-06-20 07:33:08 UTC,2026-06-20 07:32:31 UTC,2026-06-20 07:31:48 UTC,2026-06-20 07:30:57 UTC,2026-06-20 07:30:18 UTC,2026-06-20 07:29:09 UTC,2026-06-20 07:29:05 UTC,2026-06-20 07:34:47 UTC,2026-06-20 07:34:43 UTC,2026-06-20 07:34:39 UTC,2026-06-20 07:34:36 UTC,NA,2026-06-20 07:34:06 UTC,2026-06-20 07:34:01 UTC,2026-06-20 07:33:57 UTC,2026-06-20 07:33:54 UTC,2026-06-20 07:33:45 UTC,2026-06-20 07:33:11 UTC,2026-06-20 07:32:35 UTC,2026-06-20 07:31:52 UTC,2026-06-20 07:30:59 UTC,2026-06-20 07:30:20 UTC,2026-06-20 07:29:28 UTC,2026-06-20 07:29:11 UTC,2026-06-20 07:29:00 UTC,2026-06-20 07:28:20 UTC,2026-06-20 07:27:52 UTC,2026-06-20 07:27:35 UTC,2026-06-20 07:34:49 UTC,2026-06-20 07:34:55 UTC,2026-06-20 07:34:10 UTC,2026-06-20 07:33:20 UTC,end_normal
fdfc1a15ed2d2b7341fac7d3eba21506,2026-06-19 21:14:28 UTC,2026-06-19 21:16:28 UTC,2026-06-19 21:14:43 UTC,NA,NA,NA,NA,NA,NA,NA,NA,NA,NA,NA,NA,NA,NA,NA,NA,NA,6,socialdemokratiet,3,2,NA,1,hovedstaden,mellemlang_videre,1962,Kvinde,405,2026-06-19 21:15:42 UTC,2026-06-19 21:15:24 UTC,NA,2026-06-19 21:15:17 UTC,2026-06-19 21:15:08 UTC,2026-06-19 21:14:59 UTC,2026-06-19 21:14:52 UTC,NA,NA,NA,NA,NA,NA,2026-06-19 21:15:55 UTC,2026-06-19 21:15:49 UTC,NA,NA,NA,NA,NA,NA,NA,NA,NA,NA,NA,NA,NA,NA,NA,NA,2026-06-19 21:15:58 UTC,2026-06-19 21:15:44 UTC,2026-06-19 21:15:11 UTC,NA,2026-06-19 21:14:28 UTC,NA,NA,NA,NA,cbc_intro
fe2624de5d7464a84eb9c5df528f64c2,2026-05-14 06:55:35 UTC,2026-05-14 07:02:55 UTC,2026-05-14 06:56:17 UTC,2,2,2,3,2,NA,2,3,5,4,4,NA,option_1,option_1,option_2,option_2,option_1,7,enhedslisten,NA,3,NA,3,hovedstaden,mellemlang_videre,2002,Kvinde,1383,NA,2026-05-14 06:57:00 UTC,NA,2026-05-14 06:56:51 UTC,2026-05-14 06:56:38 UTC,2026-05-14 06:56:29 UTC,2026-05-14 06:56:24 UTC,NA,2026-05-14 07:00:50 UTC,2026-05-14 07:00:31 UTC,2026-05-14 07:00:07 UTC,2026-05-14 06:59:21 UTC,2026-05-14 06:58:36 UTC,2026-05-14 06:57:24 UTC,2026-05-14 06:57:11 UTC,2026-05-14 07:02:13 UTC,2026-05-14 07:02:11 UTC,2026-05-14 07:02:05 UTC,2026-05-14 07:02:01 UTC,NA,2026-05-14 07:01:38 UTC,2026-05-14 07:01:34 UTC,2026-05-14 07:01:31 UTC,2026-05-14 07:01:22 UTC,2026-05-14 07:01:16 UTC,2026-05-14 07:00:50 UTC,2026-05-14 07:00:31 UTC,2026-05-14 07:00:08 UTC,2026-05-14 06:59:24 UTC,2026-05-14 06:58:36 UTC,2026-05-14 06:57:35 UTC,2026-05-14 06:57:26 UTC,2026-05-14 06:57:03 UTC,2026-05-14 06:56:40 UTC,2026-05-14 06:56:11 UTC,2026-05-14 06:55:35 UTC,2026-05-14 07:02:16 UTC,2026-05-14 07:02:16 UTC,2026-05-14 07:01:42 UTC,2026-05-14 07:01:01 UTC,end_normal
fea045c46887289b13c06069d5cda60f,2026-05-23 09:52:02 UTC,2026-05-23 09:56:17 UTC,2026-05-23 09:52:14 UTC,NA,NA,NA,NA,NA,NA,NA,NA,NA,NA,NA,NA,NA,option_2,option_1,option_1,option_1,7,venstre,NA,1,NA,1,midtjylland,erhvervsuddannelse,1973,Mand,222,NA,2026-05-23 09:53:09 UTC,NA,2026-05-23 09:52:58 UTC,2026-05-23 09:52:39 UTC,2026-05-23 09:52:33 UTC,2026-05-23 09:52:26 UTC,NA,NA,2026-05-23 09:55:24 UTC,2026-05-23 09:55:00 UTC,2026-05-23 09:54:42 UTC,2026-05-23 09:54:15 UTC,2026-05-23 09:53:27 UTC,2026-05-23 09:53:21 UTC,NA,NA,NA,NA,NA,NA,NA,NA,NA,NA,NA,2026-05-23 09:55:25 UTC,2026-05-23 09:55:01 UTC,2026-05-23 09:54:43 UTC,2026-05-23 09:54:16 UTC,2026-05-23 09:53:32 UTC,2026-05-23 09:53:28 UTC,2026-05-23 09:53:10 UTC,2026-05-23 09:52:41 UTC,2026-05-23 09:52:10 UTC,2026-05-23 09:52:02 UTC,NA,NA,NA,NA,cbc_q5_page
feaf6a650a77b297bfb7e3ddf96d6eea,2026-06-02 20:11:55 UTC,2026-06-02 20:16:09 UTC,2026-06-02 20:12:08 UTC,NA,NA,NA,NA,NA,NA,NA,NA,NA,NA,NA,NA,NA,NA,NA,NA,NA,8,sf,3,2,NA,3,syddanmark,mellemlang_videre,1966,Kvinde,1421,2026-06-02 20:13:27 UTC,2026-06-02 20:13:05 UTC,NA,2026-06-02 20:12:52 UTC,2026-06-02 20:12:38 UTC,2026-06-02 20:12:34 UTC,2026-06-02 20:12:16 UTC,NA,NA,NA,NA,NA,NA,2026-06-02 20:13:41 UTC,2026-06-02 20:13:36 UTC,NA,NA,NA,NA,NA,NA,NA,NA,NA,NA,NA,NA,NA,NA,NA,2026-06-02 20:13:46 UTC,2026-06-02 20:13:42 UTC,2026-06-02 20:13:28 UTC,2026-06-02 20:12:43 UTC,2026-06-02 20:12:04 UTC,2026-06-02 20:11:55 UTC,NA,NA,NA,NA,cbc_q1_page
fef5ab507ae7afe6602b09f74e87acdb,2026-05-20 06:41:53 UTC,2026-05-20 06:57:27 UTC,2026-05-20 06:42:04 UTC,5,5,5,5,5,NA,4,5,5,5,5,NA,option_2,option_1,option_1,option_2,option_2,8,moderaterne,3,2,1,2,sjaelland,kort_videre,1974,Kvinde,1708,2026-05-20 06:43:09 UTC,2026-05-20 06:42:52 UTC,2026-05-20 06:42:41 UTC,2026-05-20 06:42:27 UTC,2026-05-20 06:42:17 UTC,2026-05-20 06:42:13 UTC,2026-05-20 06:42:10 UTC,NA,2026-05-20 06:45:52 UTC,2026-05-20 06:45:36 UTC,2026-05-20 06:45:13 UTC,2026-05-20 06:44:37 UTC,2026-05-20 06:44:16 UTC,2026-05-20 06:43:34 UTC,2026-05-20 06:43:17 UTC,2026-05-20 06:48:28 UTC,2026-05-20 06:48:26 UTC,2026-05-20 06:48:26 UTC,2026-05-20 06:48:24 UTC,NA,2026-05-20 06:48:06 UTC,2026-05-20 06:47:28 UTC,2026-05-20 06:48:09 UTC,2026-05-20 06:47:17 UTC,2026-05-20 06:47:14 UTC,2026-05-20 06:45:52 UTC,2026-05-20 06:45:37 UTC,2026-05-20 06:45:16 UTC,2026-05-20 06:44:41 UTC,2026-05-20 06:44:18 UTC,2026-05-20 06:43:51 UTC,2026-05-20 06:43:37 UTC,2026-05-20 06:43:10 UTC,2026-05-20 06:42:19 UTC,2026-05-20 06:42:01 UTC,2026-05-20 06:41:53 UTC,2026-05-20 06:48:29 UTC,2026-05-20 06:48:34 UTC,2026-05-20 06:48:12 UTC,2026-05-20 06:46:03 UTC,end_normal
feff86a04d9a2fabf84e83da23280092,2026-06-02 17:07:46 UTC,2026-06-02 17:09:52 UTC,2026-06-02 17:08:00 UTC,NA,NA,NA,NA,NA,NA,NA,NA,NA,NA,NA,NA,NA,NA,NA,NA,NA,7,socialdemokratiet,3,2,NA,1,midtjylland,mellemlang_videre,1959,Kvinde,1604,2026-06-02 17:08:42 UTC,2026-06-02 17:08:32 UTC,NA,2026-06-02 17:08:24 UTC,2026-06-02 17:08:16 UTC,2026-06-02 17:08:13 UTC,2026-06-02 17:08:06 UTC,NA,NA,NA,NA,NA,NA,2026-06-02 17:08:59 UTC,2026-06-02 17:08:55 UTC,NA,NA,NA,NA,NA,NA,NA,NA,NA,NA,NA,NA,NA,NA,NA,NA,2026-06-02 17:09:00 UTC,2026-06-02 17:08:49 UTC,2026-06-02 17:08:16 UTC,2026-06-02 17:07:56 UTC,2026-06-02 17:07:46 UTC,NA,NA,NA,NA,cbc_intro
ff8ab4346f545c74c51bb748d026091d,2026-06-19 20:14:44 UTC,2026-06-19 20:24:51 UTC,2026-06-19 20:14:56 UTC,1,1,1,1,1,NA,1,3,3,3,3,NA,option_1,option_1,option_2,option_2,option_2,3,liberal_alliance,3,2,NA,1,midtjylland,mellemlang_videre,1976,Kvinde,1448,2026-06-19 20:15:55 UTC,2026-06-19 20:15:38 UTC,NA,2026-06-19 20:15:22 UTC,2026-06-19 20:15:13 UTC,2026-06-19 20:15:11 UTC,2026-06-19 20:15:06 UTC,NA,2026-06-19 20:18:23 UTC,2026-06-19 20:18:03 UTC,2026-06-19 20:17:41 UTC,2026-06-19 20:17:26 UTC,2026-06-19 20:17:02 UTC,2026-06-19 20:16:13 UTC,2026-06-19 20:16:07 UTC,2026-06-19 20:19:30 UTC,2026-06-19 20:19:28 UTC,2026-06-19 20:19:25 UTC,2026-06-19 20:19:24 UTC,NA,2026-06-19 20:19:07 UTC,2026-06-19 20:19:00 UTC,2026-06-19 20:18:56 UTC,2026-06-19 20:18:52 UTC,2026-06-19 20:19:11 UTC,2026-06-19 20:18:23 UTC,NA,2026-06-19 20:17:42 UTC,2026-06-19 20:17:27 UTC,2026-06-19 20:17:08 UTC,2026-06-19 20:16:26 UTC,2026-06-19 20:16:16 UTC,NA,2026-06-19 20:15:16 UTC,2026-06-19 20:14:54 UTC,2026-06-19 20:14:44 UTC,2026-06-19 20:19:30 UTC,2026-06-19 20:19:33 UTC,2026-06-19 20:19:11 UTC,2026-06-19 20:18:31 UTC,end_normal
ff9cf9d75811c7f4a30d3c7131cda815,2026-05-17 13:30:29 UTC,2026-05-17 13:36:57 UTC,2026-05-17 13:30:42 UTC,NA,NA,NA,NA,NA,NA,NA,NA,NA,NA,NA,NA,option_1,option_1,NA,option_1,option_1,7,socialdemokratiet,NA,3,1,2,hovedstaden,lang_videre,1957,Mand,1755,NA,2026-05-17 13:31:47 UTC,2026-05-17 13:31:38 UTC,2026-05-17 13:31:25 UTC,2026-05-17 13:31:03 UTC,2026-05-17 13:30:59 UTC,2026-05-17 13:30:49 UTC,NA,2026-05-17 13:35:50 UTC,2026-05-17 13:35:03 UTC,NA,2026-05-17 13:33:43 UTC,2026-05-17 13:33:00 UTC,2026-05-17 13:32:05 UTC,2026-05-17 13:31:57 UTC,NA,NA,NA,NA,NA,NA,NA,NA,NA,NA,2026-05-17 13:35:54 UTC,2026-05-17 13:35:13 UTC,2026-05-17 13:34:21 UTC,2026-05-17 13:33:50 UTC,2026-05-17 13:33:02 UTC,2026-05-17 13:32:13 UTC,2026-05-17 13:32:07 UTC,2026-05-17 13:31:48 UTC,2026-05-17 13:31:05 UTC,2026-05-17 13:30:37 UTC,2026-05-17 13:30:29 UTC,NA,NA,NA,2026-05-17 13:36:04 UTC,single_profile_1
ffb9c71062e4eecd0f61ed5839b4f37a,2026-05-23 15:44:49 UTC,2026-05-23 15:54:29 UTC,2026-05-23 15:45:14 UTC,1,3,3,3,3,NA,1,3,3,3,3,NA,option_1,option_1,option_2,option_1,option_2,8,socialdemokratiet,NA,3,NA,1,midtjylland,kort_videre,1958,Kvinde,1777,NA,2026-05-23 15:45:56 UTC,NA,2026-05-23 15:45:47 UTC,2026-05-23 15:45:36 UTC,2026-05-23 15:45:31 UTC,2026-05-23 15:45:21 UTC,NA,2026-05-23 15:49:44 UTC,2026-05-23 15:49:13 UTC,2026-05-23 15:48:18 UTC,2026-05-23 15:47:53 UTC,2026-05-23 15:47:20 UTC,2026-05-23 15:46:11 UTC,2026-05-23 15:46:02 UTC,2026-05-23 15:51:19 UTC,2026-05-23 15:51:16 UTC,2026-05-23 15:51:13 UTC,2026-05-23 15:51:08 UTC,NA,2026-05-23 15:50:50 UTC,2026-05-23 15:50:38 UTC,2026-05-23 15:50:29 UTC,2026-05-23 15:50:24 UTC,2026-05-23 15:50:17 UTC,2026-05-23 15:49:48 UTC,2026-05-23 15:49:14 UTC,2026-05-23 15:48:22 UTC,2026-05-23 15:47:55 UTC,2026-05-23 15:47:21 UTC,2026-05-23 15:46:26 UTC,2026-05-23 15:46:15 UTC,2026-05-23 15:45:56 UTC,2026-05-23 15:45:41 UTC,2026-05-23 15:45:09 UTC,2026-05-23 15:44:49 UTC,2026-05-23 15:51:29 UTC,2026-05-23 15:51:29 UTC,2026-05-23 15:50:56 UTC,2026-05-23 15:49:56 UTC,end_normal
